[[944396658066729557325203319693321256129300048120240955617577 0 0 0 0 0 0 0 0 0 0 0 0 0 0 0 0 0 0 0]
[32470131780965294125042752703990598491528057972956821580712 1 0 0 0 0 0 0 0 0 0 0 0 0 0 0 0 0 0 0]
[167273411534418077657930104004581627259004820787220180024281 0 1 0 0 0 0 0 0 0 0 0 0 0 0 0 0 0 0 0]
[403393513675154595629741503255609262569935927773316035678580 0 0 1 0 0 0 0 0 0 0 0 0 0 0 0 0 0 0 0]
[806666424416505111203378114765215833429402686358834442007134 0 0 0 1 0 0 0 0 0 0 0 0 0 0 0 0 0 0 0]
[627544900626283297273773687652268878260627529338623828991724 0 0 0 0 1 0 0 0 0 0 0 0 0 0 0 0 0 0 0]
[365672253256821198754444580698140551555888304149015162408510 0 0 0 0 0 1 0 0 0 0 0 0 0 0 0 0 0 0 0]
[232008765977151586631880824268827975328590503129322417214125 0 0 0 0 0 0 1 0 0 0 0 0 0 0 0 0 0 0 0]
[709118704044012318220982318692451598941626844092662729447468 0 0 0 0 0 0 0 1 0 0 0 0 0 0 0 0 0 0 0]
[236367365367341130101031848266759597061517325362694181667979 0 0 0 0 0 0 0 0 1 0 0 0 0 0 0 0 0 0 0]
[732476431431990907136301648641709259996246298867043662342395 0 0 0 0 0 0 0 0 0 1 0 0 0 0 0 0 0 0 0]
[807581790422560146434072156861491020143119440219065474556370 0 0 0 0 0 0 0 0 0 0 1 0 0 0 0 0 0 0 0]
[531510802224681742329163857180145597116875221039288924431897 0 0 0 0 0 0 0 0 0 0 0 1 0 0 0 0 0 0 0]
[431138054050789204092338952803181486753846374354832169331982 0 0 0 0 0 0 0 0 0 0 0 0 1 0 0 0 0 0 0]
[431312518051749755459076831341980055098308937243039127624038 0 0 0 0 0 0 0 0 0 0 0 0 0 1 0 0 0 0 0]
[170107326386670613738993528457647748096775603190538649804095 0 0 0 0 0 0 0 0 0 0 0 0 0 0 1 0 0 0 0]
[825541024852000287046466418640870281040458493285315724117126 0 0 0 0 0 0 0 0 0 0 0 0 0 0 0 1 0 0 0]
[541180305108522310823598825270504902771697191250830567385400 0 0 0 0 0 0 0 0 0 0 0 0 0 0 0 0 1 0 0]
[174012310039986187970183324893095581811372922723479236353237 0 0 0 0 0 0 0 0 0 0 0 0 0 0 0 0 0 1 0]
[360644983522321898450070511157603579071222364875092294739304 0 0 0 0 0 0 0 0 0 0 0 0 0 0 0 0 0 0 1]
]
