[[951126617691109414158318824742885302253625847846669981491111 0 0 0 0 0 0 0 0 0 0 0 0 0 0 0 0 0 0 0]
[803054730526505346585930883652346887363925200229792877382360 1 0 0 0 0 0 0 0 0 0 0 0 0 0 0 0 0 0 0]
[858814232000860383605748607844112066948434706438318689781302 0 1 0 0 0 0 0 0 0 0 0 0 0 0 0 0 0 0 0]
[511453666798020002689267153570337920292452530705181814550641 0 0 1 0 0 0 0 0 0 0 0 0 0 0 0 0 0 0 0]
[259211211986095793430387976948077862056160441726136338447850 0 0 0 1 0 0 0 0 0 0 0 0 0 0 0 0 0 0 0]
[451969660143369379506170193445271300639754549112185515495470 0 0 0 0 1 0 0 0 0 0 0 0 0 0 0 0 0 0 0]
[153865494385318815879985700094874267840961470330499969422242 0 0 0 0 0 1 0 0 0 0 0 0 0 0 0 0 0 0 0]
[83566983203082962120282640394978708576142923576304777044430 0 0 0 0 0 0 1 0 0 0 0 0 0 0 0 0 0 0 0]
[582615376056041512704992852392499122881260432528472014712313 0 0 0 0 0 0 0 1 0 0 0 0 0 0 0 0 0 0 0]
[817915703978444469616645607989322701381090317955639615899210 0 0 0 0 0 0 0 0 1 0 0 0 0 0 0 0 0 0 0]
[413665484731087088392141468877551577543606990641818666128375 0 0 0 0 0 0 0 0 0 1 0 0 0 0 0 0 0 0 0]
[592623564089905087676433109024613761845195945720633847298371 0 0 0 0 0 0 0 0 0 0 1 0 0 0 0 0 0 0 0]
[612188119931619395844390130679720066643516385959804632143777 0 0 0 0 0 0 0 0 0 0 0 1 0 0 0 0 0 0 0]
[768768518816964474422115238562857007212332671892679570943216 0 0 0 0 0 0 0 0 0 0 0 0 1 0 0 0 0 0 0]
[202502644287904558925941094352783665695353117090371604360177 0 0 0 0 0 0 0 0 0 0 0 0 0 1 0 0 0 0 0]
[397511806255410096139492674556027037691759383688287210813723 0 0 0 0 0 0 0 0 0 0 0 0 0 0 1 0 0 0 0]
[160633998015545818118302527305938736632310055358402541539358 0 0 0 0 0 0 0 0 0 0 0 0 0 0 0 1 0 0 0]
[528759789673446914102418983089436709973218152940763251897075 0 0 0 0 0 0 0 0 0 0 0 0 0 0 0 0 1 0 0]
[686875302408897867372319861977311469034278039478388795018733 0 0 0 0 0 0 0 0 0 0 0 0 0 0 0 0 0 1 0]
[737351983093527421482243461152132123139076825286719282911969 0 0 0 0 0 0 0 0 0 0 0 0 0 0 0 0 0 0 1]
]
