[[1211873628298075888846181407282736448130976765666949367947997 0 0 0 0 0 0 0 0 0 0 0 0 0 0 0 0 0 0 0]
[376771298844699321227021413740157638244427956544276463489793 1 0 0 0 0 0 0 0 0 0 0 0 0 0 0 0 0 0 0]
[494075427694137006374497004564112201221749775833767787084922 0 1 0 0 0 0 0 0 0 0 0 0 0 0 0 0 0 0 0]
[70249584766331265025639143945947934127948600485735878404933 0 0 1 0 0 0 0 0 0 0 0 0 0 0 0 0 0 0 0]
[898747785774384129488509488317782987386587223750371025689323 0 0 0 1 0 0 0 0 0 0 0 0 0 0 0 0 0 0 0]
[367938261699331106085412852765357603298761604940450824803518 0 0 0 0 1 0 0 0 0 0 0 0 0 0 0 0 0 0 0]
[626818079068503750138100469927116798177188194404901101302596 0 0 0 0 0 1 0 0 0 0 0 0 0 0 0 0 0 0 0]
[240279799518671257237909177701532605470719588475898569626691 0 0 0 0 0 0 1 0 0 0 0 0 0 0 0 0 0 0 0]
[992403941409184125400590265809536547734056736778731312891557 0 0 0 0 0 0 0 1 0 0 0 0 0 0 0 0 0 0 0]
[764943189914180838302932887676996719164345538391301347996955 0 0 0 0 0 0 0 0 1 0 0 0 0 0 0 0 0 0 0]
[706486794929007449950798816505528230784551925421961310649416 0 0 0 0 0 0 0 0 0 1 0 0 0 0 0 0 0 0 0]
[724745605371019936189399257518143077988794513335031462870737 0 0 0 0 0 0 0 0 0 0 1 0 0 0 0 0 0 0 0]
[969055429042167064016847570294788882595500991988647536701400 0 0 0 0 0 0 0 0 0 0 0 1 0 0 0 0 0 0 0]
[700497185145004264458701848645185990607679131363558714390713 0 0 0 0 0 0 0 0 0 0 0 0 1 0 0 0 0 0 0]
[662806216853273718591016162048247585138991757559514104993719 0 0 0 0 0 0 0 0 0 0 0 0 0 1 0 0 0 0 0]
[640102825386044662021842663946214493423168122083319724029144 0 0 0 0 0 0 0 0 0 0 0 0 0 0 1 0 0 0 0]
[852173567545608875105459426187522711784289372899691902675551 0 0 0 0 0 0 0 0 0 0 0 0 0 0 0 1 0 0 0]
[780617367045538368105787812077454332785269420069492475279871 0 0 0 0 0 0 0 0 0 0 0 0 0 0 0 0 1 0 0]
[354577036637415367640134922503961325070811130225054951068820 0 0 0 0 0 0 0 0 0 0 0 0 0 0 0 0 0 1 0]
[1138843916275512097881007470541936571636392711851533232645388 0 0 0 0 0 0 0 0 0 0 0 0 0 0 0 0 0 0 1]
]
