[[1475639822557685974682553612626838902169769736481057518065189 0 0 0 0 0 0 0 0 0 0 0 0 0 0 0 0 0 0 0]
[2193165068602078218042487788936758161366397790764049947094 1 0 0 0 0 0 0 0 0 0 0 0 0 0 0 0 0 0 0]
[457896781512509794022073275162107844950776489896920878344527 0 1 0 0 0 0 0 0 0 0 0 0 0 0 0 0 0 0 0]
[3504660990703007648981531835003798217892168110390136290392 0 0 1 0 0 0 0 0 0 0 0 0 0 0 0 0 0 0 0]
[656167874122130080978742800894954973553065378978705272783712 0 0 0 1 0 0 0 0 0 0 0 0 0 0 0 0 0 0 0]
[663562516182905255844365780924521987431198725441642588077693 0 0 0 0 1 0 0 0 0 0 0 0 0 0 0 0 0 0 0]
[493051763827264714526643342924767210847908581545269793439934 0 0 0 0 0 1 0 0 0 0 0 0 0 0 0 0 0 0 0]
[1034959701435764163397158530224963032008795105367811535168078 0 0 0 0 0 0 1 0 0 0 0 0 0 0 0 0 0 0 0]
[992132853771164972397225629365515565181885470591476296207393 0 0 0 0 0 0 0 1 0 0 0 0 0 0 0 0 0 0 0]
[676512056239112209264017257241891996367552825960960538587699 0 0 0 0 0 0 0 0 1 0 0 0 0 0 0 0 0 0 0]
[998731200960811183839309902961926297461155795712981470264159 0 0 0 0 0 0 0 0 0 1 0 0 0 0 0 0 0 0 0]
[1227456641302994639732079418301735027114543050965025437892473 0 0 0 0 0 0 0 0 0 0 1 0 0 0 0 0 0 0 0]
[494618176401402159111401391433103449415208100329890012731571 0 0 0 0 0 0 0 0 0 0 0 1 0 0 0 0 0 0 0]
[1286852484103034233678748403630709578846115930763036040304054 0 0 0 0 0 0 0 0 0 0 0 0 1 0 0 0 0 0 0]
[790783192599512268609771617910038676638362587984443852357732 0 0 0 0 0 0 0 0 0 0 0 0 0 1 0 0 0 0 0]
[962229155901082573669566468606667350791505084825899067183444 0 0 0 0 0 0 0 0 0 0 0 0 0 0 1 0 0 0 0]
[937121674585639355614131936437251995963723827835652486371839 0 0 0 0 0 0 0 0 0 0 0 0 0 0 0 1 0 0 0]
[1416514361022938894535282515895968602214537279755976921619508 0 0 0 0 0 0 0 0 0 0 0 0 0 0 0 0 1 0 0]
[1387805466655320518616877348243145857388066768631214122136843 0 0 0 0 0 0 0 0 0 0 0 0 0 0 0 0 0 1 0]
[124303129817588852734062649730450627171218753043640225652493 0 0 0 0 0 0 0 0 0 0 0 0 0 0 0 0 0 0 1]
]
