[[936768033592457206750322072906161027256975785019166401782499 0 0 0 0 0 0 0 0 0 0 0 0 0 0 0 0 0 0 0]
[348995393172496861285294069168496798038421434996629528784149 1 0 0 0 0 0 0 0 0 0 0 0 0 0 0 0 0 0 0]
[382972449259367293443545547651428566553434491992603806754367 0 1 0 0 0 0 0 0 0 0 0 0 0 0 0 0 0 0 0]
[718193529676056950718449099029190826451530961317630301925605 0 0 1 0 0 0 0 0 0 0 0 0 0 0 0 0 0 0 0]
[770400877424207616324004056705387839890764186663839738195540 0 0 0 1 0 0 0 0 0 0 0 0 0 0 0 0 0 0 0]
[58402738251644705793836941633706923127717103943311261794185 0 0 0 0 1 0 0 0 0 0 0 0 0 0 0 0 0 0 0]
[117564506096074511547477442544761436139229757159496118604812 0 0 0 0 0 1 0 0 0 0 0 0 0 0 0 0 0 0 0]
[337547896390573900537535693886289667814408813191324881386923 0 0 0 0 0 0 1 0 0 0 0 0 0 0 0 0 0 0 0]
[321848177885045419637616543890065170525962698510163664836365 0 0 0 0 0 0 0 1 0 0 0 0 0 0 0 0 0 0 0]
[782596704063835806049523546591243202123787814237607848887387 0 0 0 0 0 0 0 0 1 0 0 0 0 0 0 0 0 0 0]
[575286190697696281764469165022622277086683270910852713201236 0 0 0 0 0 0 0 0 0 1 0 0 0 0 0 0 0 0 0]
[156652433786524031531230280867451862419186458079356952957955 0 0 0 0 0 0 0 0 0 0 1 0 0 0 0 0 0 0 0]
[411562169513329102807685092202683818234974151179600996948892 0 0 0 0 0 0 0 0 0 0 0 1 0 0 0 0 0 0 0]
[201737740413918338941751757374594146451620399127040773234174 0 0 0 0 0 0 0 0 0 0 0 0 1 0 0 0 0 0 0]
[816325308907618974185084097845181131573530366484793943914632 0 0 0 0 0 0 0 0 0 0 0 0 0 1 0 0 0 0 0]
[436181714888721935820338915256800856186801393862976226483673 0 0 0 0 0 0 0 0 0 0 0 0 0 0 1 0 0 0 0]
[599209481769165524053478060766818480937411787411286120996508 0 0 0 0 0 0 0 0 0 0 0 0 0 0 0 1 0 0 0]
[400184107042343544123588630365612211708241842618397629553149 0 0 0 0 0 0 0 0 0 0 0 0 0 0 0 0 1 0 0]
[196727267474469532106256742861354126650310914996975976686062 0 0 0 0 0 0 0 0 0 0 0 0 0 0 0 0 0 1 0]
[687691744173824595328477559057495430623668799381375361013104 0 0 0 0 0 0 0 0 0 0 0 0 0 0 0 0 0 0 1]
]
