[[1127693645855667965526694166475132801918829885986102751216907 0 0 0 0 0 0 0 0 0 0 0 0 0 0 0 0 0 0 0]
[473955061042578827383484845081591399478992805260642538332821 1 0 0 0 0 0 0 0 0 0 0 0 0 0 0 0 0 0 0]
[741771979737291159183274048546187458429760281717964543489504 0 1 0 0 0 0 0 0 0 0 0 0 0 0 0 0 0 0 0]
[596034914646148515159625094514977898541202787599959741847567 0 0 1 0 0 0 0 0 0 0 0 0 0 0 0 0 0 0 0]
[473901908689112848560596258378211703718331270601752948246319 0 0 0 1 0 0 0 0 0 0 0 0 0 0 0 0 0 0 0]
[787003508042580033406795861244290414860335437263136660125735 0 0 0 0 1 0 0 0 0 0 0 0 0 0 0 0 0 0 0]
[777489364479754782751080519781923776750955081087314677562128 0 0 0 0 0 1 0 0 0 0 0 0 0 0 0 0 0 0 0]
[973450624853056435287572952484771277451882267107830887501456 0 0 0 0 0 0 1 0 0 0 0 0 0 0 0 0 0 0 0]
[832047271626871965685388372997748422358770400662790312529243 0 0 0 0 0 0 0 1 0 0 0 0 0 0 0 0 0 0 0]
[85971101157038227528918056692163916609893542861033455396981 0 0 0 0 0 0 0 0 1 0 0 0 0 0 0 0 0 0 0]
[125205889092265534358305786357457285491745991563369474427386 0 0 0 0 0 0 0 0 0 1 0 0 0 0 0 0 0 0 0]
[369756799514483737099568193885843866626606909179189203226033 0 0 0 0 0 0 0 0 0 0 1 0 0 0 0 0 0 0 0]
[763748951243469336633139306530285300323977055349997920666103 0 0 0 0 0 0 0 0 0 0 0 1 0 0 0 0 0 0 0]
[1034938637732000296390960666137404681895792865154560529366367 0 0 0 0 0 0 0 0 0 0 0 0 1 0 0 0 0 0 0]
[955531957550579349588685460365849289400977443524225499467852 0 0 0 0 0 0 0 0 0 0 0 0 0 1 0 0 0 0 0]
[92301772597189925336475023161489708619778662824357500990908 0 0 0 0 0 0 0 0 0 0 0 0 0 0 1 0 0 0 0]
[571916912049570948192109840555831455822078615191553606561880 0 0 0 0 0 0 0 0 0 0 0 0 0 0 0 1 0 0 0]
[642310114852711664223875380524057836589725670230591109918992 0 0 0 0 0 0 0 0 0 0 0 0 0 0 0 0 1 0 0]
[882716576713798522569653292985814546631192472112827589428579 0 0 0 0 0 0 0 0 0 0 0 0 0 0 0 0 0 1 0]
[987229439371200222784403201528488721285874813018597415213007 0 0 0 0 0 0 0 0 0 0 0 0 0 0 0 0 0 0 1]
]
