[[1214944325300429507077497398387981269230323904099498729915949 0 0 0 0 0 0 0 0 0 0 0 0 0 0 0 0 0 0 0]
[37466952055662599213449353477670587159355167006400289478855 1 0 0 0 0 0 0 0 0 0 0 0 0 0 0 0 0 0 0]
[341159031442119247318420824976188043992037318021372281227245 0 1 0 0 0 0 0 0 0 0 0 0 0 0 0 0 0 0 0]
[515931218964927238941354186685160546228346249939837646712626 0 0 1 0 0 0 0 0 0 0 0 0 0 0 0 0 0 0 0]
[746368984260292811348671761945777906411478574527851675711638 0 0 0 1 0 0 0 0 0 0 0 0 0 0 0 0 0 0 0]
[262124147215746253826352760635690967853250116286004418713826 0 0 0 0 1 0 0 0 0 0 0 0 0 0 0 0 0 0 0]
[568443207153376851055092591775709961840259969172337063046256 0 0 0 0 0 1 0 0 0 0 0 0 0 0 0 0 0 0 0]
[29705857582813393425208163044211282766289119254729262011408 0 0 0 0 0 0 1 0 0 0 0 0 0 0 0 0 0 0 0]
[815645681759248631957884308310027828244434816861932938554117 0 0 0 0 0 0 0 1 0 0 0 0 0 0 0 0 0 0 0]
[331151537455700229375693266079260658469343630506468128414262 0 0 0 0 0 0 0 0 1 0 0 0 0 0 0 0 0 0 0]
[1046923436253820726990093599308584660507725038609279794605066 0 0 0 0 0 0 0 0 0 1 0 0 0 0 0 0 0 0 0]
[134863251420755562562414114979627733622700401472663169179473 0 0 0 0 0 0 0 0 0 0 1 0 0 0 0 0 0 0 0]
[228719061536214284922352906969435151614663208950015913141331 0 0 0 0 0 0 0 0 0 0 0 1 0 0 0 0 0 0 0]
[216121873309849948947231000048657923645697464108775396675648 0 0 0 0 0 0 0 0 0 0 0 0 1 0 0 0 0 0 0]
[772545443897272773130272102548380384548147113605452707659377 0 0 0 0 0 0 0 0 0 0 0 0 0 1 0 0 0 0 0]
[42891835876169733126819294228597244113449806643970568600766 0 0 0 0 0 0 0 0 0 0 0 0 0 0 1 0 0 0 0]
[923323972943210577568890577982752867926491757911063450315209 0 0 0 0 0 0 0 0 0 0 0 0 0 0 0 1 0 0 0]
[304070856078814204789592638720799812765740757799562194577482 0 0 0 0 0 0 0 0 0 0 0 0 0 0 0 0 1 0 0]
[13059998782755848392630751164996885943138562609822131129566 0 0 0 0 0 0 0 0 0 0 0 0 0 0 0 0 0 1 0]
[637975546937563810652138479446444858630196903112006517737536 0 0 0 0 0 0 0 0 0 0 0 0 0 0 0 0 0 0 1]
]
