[[1411804811413547039706579243499940829619084499189846013530489 0 0 0 0 0 0 0 0 0 0 0 0 0 0 0 0 0 0 0]
[693958587816179764853852860271586519165378149214629568220910 1 0 0 0 0 0 0 0 0 0 0 0 0 0 0 0 0 0 0]
[436339186338218450549281277401270923555309350939737800537541 0 1 0 0 0 0 0 0 0 0 0 0 0 0 0 0 0 0 0]
[336472355565262893834627568479143148215817880456652064519008 0 0 1 0 0 0 0 0 0 0 0 0 0 0 0 0 0 0 0]
[1297960361010805095126020617103637348623815157785323717021117 0 0 0 1 0 0 0 0 0 0 0 0 0 0 0 0 0 0 0]
[404609388722292218089034778001330513767631059558646090491996 0 0 0 0 1 0 0 0 0 0 0 0 0 0 0 0 0 0 0]
[853537839710619339119860021717280111296027076182686123277046 0 0 0 0 0 1 0 0 0 0 0 0 0 0 0 0 0 0 0]
[382857109929925981052514538878502425522812818719481456668101 0 0 0 0 0 0 1 0 0 0 0 0 0 0 0 0 0 0 0]
[587959252224442090920920854930865447851468119470431972070220 0 0 0 0 0 0 0 1 0 0 0 0 0 0 0 0 0 0 0]
[916703786343639430618239961781919031865936309089383388531404 0 0 0 0 0 0 0 0 1 0 0 0 0 0 0 0 0 0 0]
[581115727529300408336653201479879889327530743883045291439130 0 0 0 0 0 0 0 0 0 1 0 0 0 0 0 0 0 0 0]
[26156452628617630841289346608298690750981280504877625825772 0 0 0 0 0 0 0 0 0 0 1 0 0 0 0 0 0 0 0]
[861731280712045275105621117952466155816697702109801812748487 0 0 0 0 0 0 0 0 0 0 0 1 0 0 0 0 0 0 0]
[1218985232607152024939351631544229885763044051349418544068755 0 0 0 0 0 0 0 0 0 0 0 0 1 0 0 0 0 0 0]
[508021292003562726315496919595809265710055336719684098702002 0 0 0 0 0 0 0 0 0 0 0 0 0 1 0 0 0 0 0]
[764292494126677873523954857421928594881667888792138843559704 0 0 0 0 0 0 0 0 0 0 0 0 0 0 1 0 0 0 0]
[314027981745539436226095884740229929067449403731619456051806 0 0 0 0 0 0 0 0 0 0 0 0 0 0 0 1 0 0 0]
[1122166054273576530795873505691576348753050988989358124263428 0 0 0 0 0 0 0 0 0 0 0 0 0 0 0 0 1 0 0]
[180782968669301943435535332593463328983847934009899520292087 0 0 0 0 0 0 0 0 0 0 0 0 0 0 0 0 0 1 0]
[303531277754714639950728528895113013539008493103205112068897 0 0 0 0 0 0 0 0 0 0 0 0 0 0 0 0 0 0 1]
]
