[[1532874999729069730834938105628329354626738911758363337067147 0 0 0 0 0 0 0 0 0 0 0 0 0 0 0 0 0 0 0]
[615166788418519215650000979069968986015150190467265192462737 1 0 0 0 0 0 0 0 0 0 0 0 0 0 0 0 0 0 0]
[1365106322895324734543094911073544632329136998872754922339295 0 1 0 0 0 0 0 0 0 0 0 0 0 0 0 0 0 0 0]
[679407187335940395551301849379227631721873789522793108561205 0 0 1 0 0 0 0 0 0 0 0 0 0 0 0 0 0 0 0]
[1359619166709185232851419869951490811031600006759393930762198 0 0 0 1 0 0 0 0 0 0 0 0 0 0 0 0 0 0 0]
[462413560033236488140940801038675795008065263194231360077951 0 0 0 0 1 0 0 0 0 0 0 0 0 0 0 0 0 0 0]
[705686674233472475713302735479424509871520802065417352867179 0 0 0 0 0 1 0 0 0 0 0 0 0 0 0 0 0 0 0]
[273804224365716001471214148775828172048395112318927059715481 0 0 0 0 0 0 1 0 0 0 0 0 0 0 0 0 0 0 0]
[1425861572626663507801326045958045780839208767070195640043932 0 0 0 0 0 0 0 1 0 0 0 0 0 0 0 0 0 0 0]
[844613397426287985774950582310861043355734160829698915512874 0 0 0 0 0 0 0 0 1 0 0 0 0 0 0 0 0 0 0]
[1405910941196592437038576643675261467080251485458407685440059 0 0 0 0 0 0 0 0 0 1 0 0 0 0 0 0 0 0 0]
[497528266601473596628354812471033778989826324464460546526895 0 0 0 0 0 0 0 0 0 0 1 0 0 0 0 0 0 0 0]
[1108506259306937615909851536740110783337826322359508399607078 0 0 0 0 0 0 0 0 0 0 0 1 0 0 0 0 0 0 0]
[1319243811342197227292978035622187525719060568002792737679139 0 0 0 0 0 0 0 0 0 0 0 0 1 0 0 0 0 0 0]
[836712659251981448307558740508060654461407029413111439784384 0 0 0 0 0 0 0 0 0 0 0 0 0 1 0 0 0 0 0]
[1091233421569266166955661852169223218019402798966302430892036 0 0 0 0 0 0 0 0 0 0 0 0 0 0 1 0 0 0 0]
[540131920728534412265645901707669703018148966534896605162284 0 0 0 0 0 0 0 0 0 0 0 0 0 0 0 1 0 0 0]
[1080435243535686592741241736459815247482042633986994959540368 0 0 0 0 0 0 0 0 0 0 0 0 0 0 0 0 1 0 0]
[677372382045830801557466144533234213827593858146489130342980 0 0 0 0 0 0 0 0 0 0 0 0 0 0 0 0 0 1 0]
[1284549036209782156120570851768810171296462236606448850789926 0 0 0 0 0 0 0 0 0 0 0 0 0 0 0 0 0 0 1]
]
