[[1039499408170975310880896930327483648205489022684721088531923 0 0 0 0 0 0 0 0 0 0 0 0 0 0 0 0 0 0 0]
[529350557847105836712142224338275387474632004639906952743061 1 0 0 0 0 0 0 0 0 0 0 0 0 0 0 0 0 0 0]
[34754234225522348220066584083296070965525430239798060882045 0 1 0 0 0 0 0 0 0 0 0 0 0 0 0 0 0 0 0]
[568884536087752404561332536765258852100199296825709471670014 0 0 1 0 0 0 0 0 0 0 0 0 0 0 0 0 0 0 0]
[590712251158410606251378869799097762004521340856718486868073 0 0 0 1 0 0 0 0 0 0 0 0 0 0 0 0 0 0 0]
[25528076530492699149706624507734616498121678296677202630501 0 0 0 0 1 0 0 0 0 0 0 0 0 0 0 0 0 0 0]
[253191449511953508666147763082421223470585147661437246904465 0 0 0 0 0 1 0 0 0 0 0 0 0 0 0 0 0 0 0]
[571442156777020232937813703789672391914849418919989089681010 0 0 0 0 0 0 1 0 0 0 0 0 0 0 0 0 0 0 0]
[82525713267665164115480409454863082748384253877711937390561 0 0 0 0 0 0 0 1 0 0 0 0 0 0 0 0 0 0 0]
[624050799862718747107404724115656321782105633599787495326487 0 0 0 0 0 0 0 0 1 0 0 0 0 0 0 0 0 0 0]
[495057995257304072725163630199973772276648785005271801580783 0 0 0 0 0 0 0 0 0 1 0 0 0 0 0 0 0 0 0]
[585602968342197456669275526172124569098171464644959487095072 0 0 0 0 0 0 0 0 0 0 1 0 0 0 0 0 0 0 0]
[309392878355687429572574291040346869260308702160925259120388 0 0 0 0 0 0 0 0 0 0 0 1 0 0 0 0 0 0 0]
[650250798574462713653886701690489715935432587060115853970342 0 0 0 0 0 0 0 0 0 0 0 0 1 0 0 0 0 0 0]
[311163068599293141636864004716695305306433549764823588610472 0 0 0 0 0 0 0 0 0 0 0 0 0 1 0 0 0 0 0]
[998233620108093062057384930780286926711499101423664596865581 0 0 0 0 0 0 0 0 0 0 0 0 0 0 1 0 0 0 0]
[128743868528228166611962358992457998429172281236887655743585 0 0 0 0 0 0 0 0 0 0 0 0 0 0 0 1 0 0 0]
[707192328705882090400932203422417956699155651292250378831932 0 0 0 0 0 0 0 0 0 0 0 0 0 0 0 0 1 0 0]
[50457248102689450280354631777505643106166910180021587674088 0 0 0 0 0 0 0 0 0 0 0 0 0 0 0 0 0 1 0]
[536729829285778395303238676020622747656804664630773218386 0 0 0 0 0 0 0 0 0 0 0 0 0 0 0 0 0 0 1]
]
