[[1246744864777606951698478638649937520143852065889490812552237 0 0 0 0 0 0 0 0 0 0 0 0 0 0 0 0 0 0 0]
[796795459979244508604631349093834154965587543715470951013760 1 0 0 0 0 0 0 0 0 0 0 0 0 0 0 0 0 0 0]
[273321194880823449406495901010809702531637401242174309979156 0 1 0 0 0 0 0 0 0 0 0 0 0 0 0 0 0 0 0]
[1151003503093238354231849945794278060907171834171484791846970 0 0 1 0 0 0 0 0 0 0 0 0 0 0 0 0 0 0 0]
[223742315131770036326451078927404704858644345962090286669673 0 0 0 1 0 0 0 0 0 0 0 0 0 0 0 0 0 0 0]
[785812481007366662751023141515418483760235059248654893698952 0 0 0 0 1 0 0 0 0 0 0 0 0 0 0 0 0 0 0]
[37873264581264247320595599409468987819495103173004298661758 0 0 0 0 0 1 0 0 0 0 0 0 0 0 0 0 0 0 0]
[717561306155819792158496624134455226196456652059045054713768 0 0 0 0 0 0 1 0 0 0 0 0 0 0 0 0 0 0 0]
[498010151115387410934145665989777818097261691875791874821001 0 0 0 0 0 0 0 1 0 0 0 0 0 0 0 0 0 0 0]
[74687825069800310540666427183572178866180958114860737402466 0 0 0 0 0 0 0 0 1 0 0 0 0 0 0 0 0 0 0]
[19676663767856631880808330437547827403785149028766187009986 0 0 0 0 0 0 0 0 0 1 0 0 0 0 0 0 0 0 0]
[355637884647157972929151214414936586402840365991892584072392 0 0 0 0 0 0 0 0 0 0 1 0 0 0 0 0 0 0 0]
[757897939067475277450192312054274066757308730002615739918197 0 0 0 0 0 0 0 0 0 0 0 1 0 0 0 0 0 0 0]
[653254489485935786413993282249782274645786581376678334081092 0 0 0 0 0 0 0 0 0 0 0 0 1 0 0 0 0 0 0]
[797983141399868968815440278359007955450712303747783572170076 0 0 0 0 0 0 0 0 0 0 0 0 0 1 0 0 0 0 0]
[181991205049958251431517816339043907271719363361215327164840 0 0 0 0 0 0 0 0 0 0 0 0 0 0 1 0 0 0 0]
[932065892320918489134884101944190745675265802195680769299310 0 0 0 0 0 0 0 0 0 0 0 0 0 0 0 1 0 0 0]
[931261368281718195018634201880425943059527102498397560678060 0 0 0 0 0 0 0 0 0 0 0 0 0 0 0 0 1 0 0]
[139733144469583889809315354337318522005576052784451349032437 0 0 0 0 0 0 0 0 0 0 0 0 0 0 0 0 0 1 0]
[451075768658836564390929887696470822924084611682292906451604 0 0 0 0 0 0 0 0 0 0 0 0 0 0 0 0 0 0 1]
]
