[[1185313567615051567836075965282254489338815907421378594384663 0 0 0 0 0 0 0 0 0 0 0 0 0 0 0 0 0 0 0]
[365044440111338986668403363646626054311632103073771355148966 1 0 0 0 0 0 0 0 0 0 0 0 0 0 0 0 0 0 0]
[612011403367428036469650463099506081702886320098208070567962 0 1 0 0 0 0 0 0 0 0 0 0 0 0 0 0 0 0 0]
[554571339883551108492562893594505973870797945398535919706781 0 0 1 0 0 0 0 0 0 0 0 0 0 0 0 0 0 0 0]
[217022079219693952451734502896380197898346026454061130647122 0 0 0 1 0 0 0 0 0 0 0 0 0 0 0 0 0 0 0]
[1086999423525605126795222972721319530154825274768908250340562 0 0 0 0 1 0 0 0 0 0 0 0 0 0 0 0 0 0 0]
[859633964869310482368021392934185143090164249666861942203050 0 0 0 0 0 1 0 0 0 0 0 0 0 0 0 0 0 0 0]
[289789067960739612972956341369379651838074679624798574564975 0 0 0 0 0 0 1 0 0 0 0 0 0 0 0 0 0 0 0]
[61111768682599863071878658959609583243218003372845961002676 0 0 0 0 0 0 0 1 0 0 0 0 0 0 0 0 0 0 0]
[286943566644325367606165648936984009270156608081262134427359 0 0 0 0 0 0 0 0 1 0 0 0 0 0 0 0 0 0 0]
[48019761885716071011571913033621364644474743516755272289495 0 0 0 0 0 0 0 0 0 1 0 0 0 0 0 0 0 0 0]
[1180790662803880694019139585022130131165218402701550625339124 0 0 0 0 0 0 0 0 0 0 1 0 0 0 0 0 0 0 0]
[550254647665786093728602262456434813147124057532424075935659 0 0 0 0 0 0 0 0 0 0 0 1 0 0 0 0 0 0 0]
[22653872085351826744217645632425058823641009077048813179281 0 0 0 0 0 0 0 0 0 0 0 0 1 0 0 0 0 0 0]
[494685989430711939926416074749592291649910325538491841628058 0 0 0 0 0 0 0 0 0 0 0 0 0 1 0 0 0 0 0]
[388683857564233732838900946726621701741762396975141772400718 0 0 0 0 0 0 0 0 0 0 0 0 0 0 1 0 0 0 0]
[91917788326969907470791816096386278853937332128154557879720 0 0 0 0 0 0 0 0 0 0 0 0 0 0 0 1 0 0 0]
[424561675059255240668125442679204048117678766783312394232506 0 0 0 0 0 0 0 0 0 0 0 0 0 0 0 0 1 0 0]
[330034985895061484880615515143753884491124766321647249532901 0 0 0 0 0 0 0 0 0 0 0 0 0 0 0 0 0 1 0]
[353937151927414080066711712167909867801202237500817833291881 0 0 0 0 0 0 0 0 0 0 0 0 0 0 0 0 0 0 1]
]
