[[1592829955272589858196788750666226165033533343350193449982009 0 0 0 0 0 0 0 0 0 0 0 0 0 0 0 0 0 0 0]
[1237655282980530598773061782550958099134870996760440783355153 1 0 0 0 0 0 0 0 0 0 0 0 0 0 0 0 0 0 0]
[166734439979247504521555561500918431085584892565253710782037 0 1 0 0 0 0 0 0 0 0 0 0 0 0 0 0 0 0 0]
[1462819597806105873072860802087788594623882492916964983413160 0 0 1 0 0 0 0 0 0 0 0 0 0 0 0 0 0 0 0]
[371789863249998152772032606579756337998309675612162707143719 0 0 0 1 0 0 0 0 0 0 0 0 0 0 0 0 0 0 0]
[1349827423676384312216105248672640745120754966800008761056540 0 0 0 0 1 0 0 0 0 0 0 0 0 0 0 0 0 0 0]
[1201396488615790116755248629584965296096074042036170832212017 0 0 0 0 0 1 0 0 0 0 0 0 0 0 0 0 0 0 0]
[116216055066740697199111464885572945839289688148718965555581 0 0 0 0 0 0 1 0 0 0 0 0 0 0 0 0 0 0 0]
[1372324442619329685546249115858216431393445032162812600397502 0 0 0 0 0 0 0 1 0 0 0 0 0 0 0 0 0 0 0]
[107117994484797683135775747479435343017936412175675635151190 0 0 0 0 0 0 0 0 1 0 0 0 0 0 0 0 0 0 0]
[1241967520134449701337539370048142118677636061483478063214008 0 0 0 0 0 0 0 0 0 1 0 0 0 0 0 0 0 0 0]
[825594418403666504997328809910876193461217031624367366620332 0 0 0 0 0 0 0 0 0 0 1 0 0 0 0 0 0 0 0]
[235820414541552143163940247308088276773461466373138787472948 0 0 0 0 0 0 0 0 0 0 0 1 0 0 0 0 0 0 0]
[1423033798597825108660651552666782319275937136000185138198832 0 0 0 0 0 0 0 0 0 0 0 0 1 0 0 0 0 0 0]
[1091165475407886538122839312385238858492859084914483991415202 0 0 0 0 0 0 0 0 0 0 0 0 0 1 0 0 0 0 0]
[445264513244255496791467333706271523015609906611004520663628 0 0 0 0 0 0 0 0 0 0 0 0 0 0 1 0 0 0 0]
[507217204669481050678445184528647329098225810011974487199603 0 0 0 0 0 0 0 0 0 0 0 0 0 0 0 1 0 0 0]
[1552844921309167205110922424291089850580683154918695611481923 0 0 0 0 0 0 0 0 0 0 0 0 0 0 0 0 1 0 0]
[1166590103003757523960389713023724951760369520945957271213702 0 0 0 0 0 0 0 0 0 0 0 0 0 0 0 0 0 1 0]
[303992053025024036686135595233051866459685506253817398577509 0 0 0 0 0 0 0 0 0 0 0 0 0 0 0 0 0 0 1]
]
