[[1178834274700998958894767478296234774184888862728772509957079 0 0 0 0 0 0 0 0 0 0 0 0 0 0 0 0 0 0 0]
[635042403653045603971111873740517817338213144610441729371122 1 0 0 0 0 0 0 0 0 0 0 0 0 0 0 0 0 0 0]
[778216115471370960678464386138470387426321703165731225479205 0 1 0 0 0 0 0 0 0 0 0 0 0 0 0 0 0 0 0]
[812303407354994693443996546392934816043763652588847299795577 0 0 1 0 0 0 0 0 0 0 0 0 0 0 0 0 0 0 0]
[450295023470483810684647563288882694487957306065855412155803 0 0 0 1 0 0 0 0 0 0 0 0 0 0 0 0 0 0 0]
[116420566885950685369850947734602070363441589121061857154910 0 0 0 0 1 0 0 0 0 0 0 0 0 0 0 0 0 0 0]
[206733296151039246506153383041070350340477479230699709984392 0 0 0 0 0 1 0 0 0 0 0 0 0 0 0 0 0 0 0]
[1093333386709478630455548964432429781588613135895598312533295 0 0 0 0 0 0 1 0 0 0 0 0 0 0 0 0 0 0 0]
[541162916790534095125224412516441121128940343660767662234758 0 0 0 0 0 0 0 1 0 0 0 0 0 0 0 0 0 0 0]
[1135060110559339851029615855899155542609789965106523493786986 0 0 0 0 0 0 0 0 1 0 0 0 0 0 0 0 0 0 0]
[874545364189051503630583107151740769837506422856455142156676 0 0 0 0 0 0 0 0 0 1 0 0 0 0 0 0 0 0 0]
[759250805678954792827736568724479088126180728022892737009942 0 0 0 0 0 0 0 0 0 0 1 0 0 0 0 0 0 0 0]
[1018110657760276201575602642092694157272970657779501618628770 0 0 0 0 0 0 0 0 0 0 0 1 0 0 0 0 0 0 0]
[284562644273433815040618043947003302975593505375250770864313 0 0 0 0 0 0 0 0 0 0 0 0 1 0 0 0 0 0 0]
[1133503681413176457385585565067984564319707246066204525275169 0 0 0 0 0 0 0 0 0 0 0 0 0 1 0 0 0 0 0]
[1004712387572758094900572161203013436250279327803534121867770 0 0 0 0 0 0 0 0 0 0 0 0 0 0 1 0 0 0 0]
[393773962009981394062446800361764690569476494706701197033935 0 0 0 0 0 0 0 0 0 0 0 0 0 0 0 1 0 0 0]
[405357258372795269681816185439930966455003001971031802734413 0 0 0 0 0 0 0 0 0 0 0 0 0 0 0 0 1 0 0]
[544524277815592823538435707612865305697776671080240167059624 0 0 0 0 0 0 0 0 0 0 0 0 0 0 0 0 0 1 0]
[151501161332540976589498642283094979355872894926412918445003 0 0 0 0 0 0 0 0 0 0 0 0 0 0 0 0 0 0 1]
]
