[[811989144995799378028531049235294096734870273371363614719699 0 0 0 0 0 0 0 0 0 0 0 0 0 0 0 0 0 0 0]
[135559483121092137956990725225648266495087902238313653263345 1 0 0 0 0 0 0 0 0 0 0 0 0 0 0 0 0 0 0]
[366643922585443397726503686308926253449785591494569850059598 0 1 0 0 0 0 0 0 0 0 0 0 0 0 0 0 0 0 0]
[719564644776608227900512412583009827783840623310726346103354 0 0 1 0 0 0 0 0 0 0 0 0 0 0 0 0 0 0 0]
[286855890408112156396607865751522929866177659507156772787265 0 0 0 1 0 0 0 0 0 0 0 0 0 0 0 0 0 0 0]
[738016687620631184851808494562140254120886554269927458795773 0 0 0 0 1 0 0 0 0 0 0 0 0 0 0 0 0 0 0]
[489887187213494321665140631276299076475398515074200196813277 0 0 0 0 0 1 0 0 0 0 0 0 0 0 0 0 0 0 0]
[587764004539212190291849958204774478352354906133839242468663 0 0 0 0 0 0 1 0 0 0 0 0 0 0 0 0 0 0 0]
[325591700325804379727202763570814484267793923563110487363739 0 0 0 0 0 0 0 1 0 0 0 0 0 0 0 0 0 0 0]
[43709833205424088924070712327725875713643994572331728003924 0 0 0 0 0 0 0 0 1 0 0 0 0 0 0 0 0 0 0]
[758326431529046284269112279476529018260134974798292878555681 0 0 0 0 0 0 0 0 0 1 0 0 0 0 0 0 0 0 0]
[160876889479735855828692322285093568983698760333204941497139 0 0 0 0 0 0 0 0 0 0 1 0 0 0 0 0 0 0 0]
[250283407030095004500561102358211781275874904073279597394856 0 0 0 0 0 0 0 0 0 0 0 1 0 0 0 0 0 0 0]
[324444379093194109241842979222185423469326203676386864006887 0 0 0 0 0 0 0 0 0 0 0 0 1 0 0 0 0 0 0]
[17779827359100441645926953199650270538240858604316084083183 0 0 0 0 0 0 0 0 0 0 0 0 0 1 0 0 0 0 0]
[307001689327748073501358373669132896017684096211339513577905 0 0 0 0 0 0 0 0 0 0 0 0 0 0 1 0 0 0 0]
[191397004007241225655782849475221405585730791373823888591531 0 0 0 0 0 0 0 0 0 0 0 0 0 0 0 1 0 0 0]
[565194848717534741876188169905215690042893569147637174405975 0 0 0 0 0 0 0 0 0 0 0 0 0 0 0 0 1 0 0]
[466611926835236175341928115362842711100841541004411964202387 0 0 0 0 0 0 0 0 0 0 0 0 0 0 0 0 0 1 0]
[629766234183384103790928273222899807635710875549720180391960 0 0 0 0 0 0 0 0 0 0 0 0 0 0 0 0 0 0 1]
]
