[[1183224866182722453743695136650373334010453789852164786338081 0 0 0 0 0 0 0 0 0 0 0 0 0 0 0 0 0 0 0]
[480515801598067021419670848081183353577692709222967483326348 1 0 0 0 0 0 0 0 0 0 0 0 0 0 0 0 0 0 0]
[690413622354207313090825115695739077995900222428535750615844 0 1 0 0 0 0 0 0 0 0 0 0 0 0 0 0 0 0 0]
[130631187833849824158926564024761146746563997393748333576779 0 0 1 0 0 0 0 0 0 0 0 0 0 0 0 0 0 0 0]
[890532347265479937183646951213983144668509649109465161500561 0 0 0 1 0 0 0 0 0 0 0 0 0 0 0 0 0 0 0]
[750892067836906827681805138278699006111087459996139013711219 0 0 0 0 1 0 0 0 0 0 0 0 0 0 0 0 0 0 0]
[41168940789078361933201307001600684332631660572896450309921 0 0 0 0 0 1 0 0 0 0 0 0 0 0 0 0 0 0 0]
[636968997269111694029915640181686583322152382075284407343097 0 0 0 0 0 0 1 0 0 0 0 0 0 0 0 0 0 0 0]
[89556990865479281029054543540772710629001043310744830682022 0 0 0 0 0 0 0 1 0 0 0 0 0 0 0 0 0 0 0]
[1041991558212321964788959454311275251988186659006632901135489 0 0 0 0 0 0 0 0 1 0 0 0 0 0 0 0 0 0 0]
[946067640210910428449718823007976146697797137229293421197639 0 0 0 0 0 0 0 0 0 1 0 0 0 0 0 0 0 0 0]
[33707200540260762916029974998687278110702539110480019256889 0 0 0 0 0 0 0 0 0 0 1 0 0 0 0 0 0 0 0]
[766800546801492594592092414873798386574048973328947121811666 0 0 0 0 0 0 0 0 0 0 0 1 0 0 0 0 0 0 0]
[1134239834308948819050742816776942048335560761085723948819063 0 0 0 0 0 0 0 0 0 0 0 0 1 0 0 0 0 0 0]
[453587757281789392379044892229228275100499304916131775471190 0 0 0 0 0 0 0 0 0 0 0 0 0 1 0 0 0 0 0]
[12982700230716570721654638493434127577118666775176833458169 0 0 0 0 0 0 0 0 0 0 0 0 0 0 1 0 0 0 0]
[440266554697793355017168044566399998973930312319747764797091 0 0 0 0 0 0 0 0 0 0 0 0 0 0 0 1 0 0 0]
[1171640575055357831709905845382107593417742586340447569493603 0 0 0 0 0 0 0 0 0 0 0 0 0 0 0 0 1 0 0]
[651960313782801427513440276924466199876930746013192804884310 0 0 0 0 0 0 0 0 0 0 0 0 0 0 0 0 0 1 0]
[613699676803471364474747785421097510917193354098057521238018 0 0 0 0 0 0 0 0 0 0 0 0 0 0 0 0 0 0 1]
]
