[[1416436250891920663526898245036061322622521263634373871078361 0 0 0 0 0 0 0 0 0 0 0 0 0 0 0 0 0 0 0]
[1258208765239868881821584046154490172465562201848030399552233 1 0 0 0 0 0 0 0 0 0 0 0 0 0 0 0 0 0 0]
[206787821160236541503998124023028093313934422049861086897641 0 1 0 0 0 0 0 0 0 0 0 0 0 0 0 0 0 0 0]
[422419443078371093193917249458460231497003971023731780563317 0 0 1 0 0 0 0 0 0 0 0 0 0 0 0 0 0 0 0]
[243359649152445977224961358649609746088022346325769903624713 0 0 0 1 0 0 0 0 0 0 0 0 0 0 0 0 0 0 0]
[1187933718565367037201704516923397612808168343105048015104182 0 0 0 0 1 0 0 0 0 0 0 0 0 0 0 0 0 0 0]
[1247868187685251408394479705516756633844849355876967000977779 0 0 0 0 0 1 0 0 0 0 0 0 0 0 0 0 0 0 0]
[213433439206724549455249182831961014275800415904980663906814 0 0 0 0 0 0 1 0 0 0 0 0 0 0 0 0 0 0 0]
[1179705540809707781544818402305518368201422981586820397914967 0 0 0 0 0 0 0 1 0 0 0 0 0 0 0 0 0 0 0]
[224307808524752447448129268744063459926155352971122211579348 0 0 0 0 0 0 0 0 1 0 0 0 0 0 0 0 0 0 0]
[1050097333220151746588361692707744586173986077558939455731516 0 0 0 0 0 0 0 0 0 1 0 0 0 0 0 0 0 0 0]
[29730240701653814200206380399013921934200927828483957899944 0 0 0 0 0 0 0 0 0 0 1 0 0 0 0 0 0 0 0]
[21147222634991579676422695544366633592348055155043835854744 0 0 0 0 0 0 0 0 0 0 0 1 0 0 0 0 0 0 0]
[798123621385783518660922662649568480583336616495234153917311 0 0 0 0 0 0 0 0 0 0 0 0 1 0 0 0 0 0 0]
[1361120118051001643457532117826393279518734498742198571208931 0 0 0 0 0 0 0 0 0 0 0 0 0 1 0 0 0 0 0]
[106120023473909750420787717704823677719093439400237865304663 0 0 0 0 0 0 0 0 0 0 0 0 0 0 1 0 0 0 0]
[763033500389751936670339166007089713921922483131772026027776 0 0 0 0 0 0 0 0 0 0 0 0 0 0 0 1 0 0 0]
[841220895305931743895481865163552605373461481632286357274835 0 0 0 0 0 0 0 0 0 0 0 0 0 0 0 0 1 0 0]
[17751359239189328078756950316431644316981001143595815871888 0 0 0 0 0 0 0 0 0 0 0 0 0 0 0 0 0 1 0]
[835364157817678528397372316949927272644904619230073211843863 0 0 0 0 0 0 0 0 0 0 0 0 0 0 0 0 0 0 1]
]
