[[945586859267245824571541173407940296099179411766363398420227 0 0 0 0 0 0 0 0 0 0 0 0 0 0 0 0 0 0 0]
[22045129199782365324051803990833187710708289877837793982085 1 0 0 0 0 0 0 0 0 0 0 0 0 0 0 0 0 0 0]
[8147118838354953520016159443430621966233338762751025471020 0 1 0 0 0 0 0 0 0 0 0 0 0 0 0 0 0 0 0]
[264334199219097074046829045769730590416557731676608732801197 0 0 1 0 0 0 0 0 0 0 0 0 0 0 0 0 0 0 0]
[695127020808810673289035261395723744677758487994256716169993 0 0 0 1 0 0 0 0 0 0 0 0 0 0 0 0 0 0 0]
[340011613637696334109978468704603746413903403369086247974437 0 0 0 0 1 0 0 0 0 0 0 0 0 0 0 0 0 0 0]
[273265410941028582909854067301996965650670911880594275348010 0 0 0 0 0 1 0 0 0 0 0 0 0 0 0 0 0 0 0]
[106621042882746761712574517114418153964895872937078572103242 0 0 0 0 0 0 1 0 0 0 0 0 0 0 0 0 0 0 0]
[440157250580424075242234195507353820761279374421518051708616 0 0 0 0 0 0 0 1 0 0 0 0 0 0 0 0 0 0 0]
[629625206431500642375335659514047230502347550214665941856455 0 0 0 0 0 0 0 0 1 0 0 0 0 0 0 0 0 0 0]
[942830795262964602110715191391011441893681939911680416906957 0 0 0 0 0 0 0 0 0 1 0 0 0 0 0 0 0 0 0]
[182046438370981589098132027899142603031635930231629121132698 0 0 0 0 0 0 0 0 0 0 1 0 0 0 0 0 0 0 0]
[770341957389934175728988274977574621300854494534590702937041 0 0 0 0 0 0 0 0 0 0 0 1 0 0 0 0 0 0 0]
[932528245449380616820261233531848590134424095070522772951450 0 0 0 0 0 0 0 0 0 0 0 0 1 0 0 0 0 0 0]
[930720868980389865887581260238566025868728034825013540405402 0 0 0 0 0 0 0 0 0 0 0 0 0 1 0 0 0 0 0]
[762809233648725199838045403466779872886884906405902564977276 0 0 0 0 0 0 0 0 0 0 0 0 0 0 1 0 0 0 0]
[678454662883211877300401262036898290284285003155446035865865 0 0 0 0 0 0 0 0 0 0 0 0 0 0 0 1 0 0 0]
[917469705970222036504054744040017026874494339390862605437788 0 0 0 0 0 0 0 0 0 0 0 0 0 0 0 0 1 0 0]
[384399011212863455023077355361706316981123158870660361328905 0 0 0 0 0 0 0 0 0 0 0 0 0 0 0 0 0 1 0]
[918212116500518685428808826449037308492276598690423740922760 0 0 0 0 0 0 0 0 0 0 0 0 0 0 0 0 0 0 1]
]
