[[908334065236010077769052524322065761311766285728643020420553 0 0 0 0 0 0 0 0 0 0 0 0 0 0 0 0 0 0 0]
[617054426217469447883836255123280133720140516473965931680487 1 0 0 0 0 0 0 0 0 0 0 0 0 0 0 0 0 0 0]
[301101997613636022520641344756554487649804103920995377743353 0 1 0 0 0 0 0 0 0 0 0 0 0 0 0 0 0 0 0]
[867412770841487940131614933384214515942731025969514006622449 0 0 1 0 0 0 0 0 0 0 0 0 0 0 0 0 0 0 0]
[469376306204862491639544750360679595849367834863168681234520 0 0 0 1 0 0 0 0 0 0 0 0 0 0 0 0 0 0 0]
[729483491637400192245533618118334396335599660470694733820020 0 0 0 0 1 0 0 0 0 0 0 0 0 0 0 0 0 0 0]
[74534805340688578369539843952680136261243890631444511227580 0 0 0 0 0 1 0 0 0 0 0 0 0 0 0 0 0 0 0]
[52790627090613889170798874024972666822894369668137758266392 0 0 0 0 0 0 1 0 0 0 0 0 0 0 0 0 0 0 0]
[658671832128234035107326165123345614749554783441252568512255 0 0 0 0 0 0 0 1 0 0 0 0 0 0 0 0 0 0 0]
[557134076995343112017782632568414671310459368244206252101890 0 0 0 0 0 0 0 0 1 0 0 0 0 0 0 0 0 0 0]
[245758928087523434568330836938781159601989070691490509071490 0 0 0 0 0 0 0 0 0 1 0 0 0 0 0 0 0 0 0]
[687180125981668513826057101873298572365374888510000257392525 0 0 0 0 0 0 0 0 0 0 1 0 0 0 0 0 0 0 0]
[318618580058522763130018251272500342508339250304248734849914 0 0 0 0 0 0 0 0 0 0 0 1 0 0 0 0 0 0 0]
[578045775314902427662444099858348241364020156058643183348687 0 0 0 0 0 0 0 0 0 0 0 0 1 0 0 0 0 0 0]
[208488215325955501038455192090905804206033670525245803729661 0 0 0 0 0 0 0 0 0 0 0 0 0 1 0 0 0 0 0]
[138118764649607101035006849489355416526455249173052281005868 0 0 0 0 0 0 0 0 0 0 0 0 0 0 1 0 0 0 0]
[518037179141388799497717043482846170653121573052425920027048 0 0 0 0 0 0 0 0 0 0 0 0 0 0 0 1 0 0 0]
[746063181532203140733653661528070745954698444154831706084639 0 0 0 0 0 0 0 0 0 0 0 0 0 0 0 0 1 0 0]
[362303475957612032317297710708201873801396564956896137581957 0 0 0 0 0 0 0 0 0 0 0 0 0 0 0 0 0 1 0]
[346387859736433692252442837710867815050158105785806853623883 0 0 0 0 0 0 0 0 0 0 0 0 0 0 0 0 0 0 1]
]
