[[1190605515383547403507752783448993205667187635062720631164569 0 0 0 0 0 0 0 0 0 0 0 0 0 0 0 0 0 0 0]
[324041466065978484977539270022055189438362156459589324215367 1 0 0 0 0 0 0 0 0 0 0 0 0 0 0 0 0 0 0]
[303617434275539699783776021722312281601995091470163354424384 0 1 0 0 0 0 0 0 0 0 0 0 0 0 0 0 0 0 0]
[1041864272992867936602147139558058184286635852903477344316912 0 0 1 0 0 0 0 0 0 0 0 0 0 0 0 0 0 0 0]
[861520764861745276394638111941830951282689877632621348078220 0 0 0 1 0 0 0 0 0 0 0 0 0 0 0 0 0 0 0]
[111706641860959762565535927168156545027610155677314301431063 0 0 0 0 1 0 0 0 0 0 0 0 0 0 0 0 0 0 0]
[1038768217395273001913356228325671267843834573879817720413653 0 0 0 0 0 1 0 0 0 0 0 0 0 0 0 0 0 0 0]
[888567902548266137371767918336281006865167321541633053801124 0 0 0 0 0 0 1 0 0 0 0 0 0 0 0 0 0 0 0]
[367220196661925021335296504717675168662050406051097118073859 0 0 0 0 0 0 0 1 0 0 0 0 0 0 0 0 0 0 0]
[1177119089738545768468925279916062535950986140802876542790969 0 0 0 0 0 0 0 0 1 0 0 0 0 0 0 0 0 0 0]
[691879278174963345327476293355836639870470642964012408456748 0 0 0 0 0 0 0 0 0 1 0 0 0 0 0 0 0 0 0]
[929860321362468030684548310894813560387787252508885632325536 0 0 0 0 0 0 0 0 0 0 1 0 0 0 0 0 0 0 0]
[721348660481861454923790042949772011647511027140164506471389 0 0 0 0 0 0 0 0 0 0 0 1 0 0 0 0 0 0 0]
[196364367929411884521592700143987304099542054328768105628867 0 0 0 0 0 0 0 0 0 0 0 0 1 0 0 0 0 0 0]
[544569421781852752865179267437150897754725233472919538724270 0 0 0 0 0 0 0 0 0 0 0 0 0 1 0 0 0 0 0]
[480688339422811067789462353692835030180951276984387492397306 0 0 0 0 0 0 0 0 0 0 0 0 0 0 1 0 0 0 0]
[955685285203401245973712513269996761919969536898265628388369 0 0 0 0 0 0 0 0 0 0 0 0 0 0 0 1 0 0 0]
[850153874576924974069562642034557508137589762394154821580324 0 0 0 0 0 0 0 0 0 0 0 0 0 0 0 0 1 0 0]
[753635125496865311247417268416706696082492676329403262329954 0 0 0 0 0 0 0 0 0 0 0 0 0 0 0 0 0 1 0]
[1084641800239555473476381889045292403253824127933821134149855 0 0 0 0 0 0 0 0 0 0 0 0 0 0 0 0 0 0 1]
]
