[[1302443348203265505528735835548843137071753369569595637984887 0 0 0 0 0 0 0 0 0 0 0 0 0 0 0 0 0 0 0]
[1114928025807769387035271003127309267637523908143321917284881 1 0 0 0 0 0 0 0 0 0 0 0 0 0 0 0 0 0 0]
[746361485254451534075666353268545865076067552849152714008658 0 1 0 0 0 0 0 0 0 0 0 0 0 0 0 0 0 0 0]
[221369676361931281878415623346078846383470327636310384569276 0 0 1 0 0 0 0 0 0 0 0 0 0 0 0 0 0 0 0]
[203205131318998402891987676712703754054193006601693888366175 0 0 0 1 0 0 0 0 0 0 0 0 0 0 0 0 0 0 0]
[382571509643000841980947399358086914876356895163406695234440 0 0 0 0 1 0 0 0 0 0 0 0 0 0 0 0 0 0 0]
[406441071708725400591395240923151431099198762485181053411269 0 0 0 0 0 1 0 0 0 0 0 0 0 0 0 0 0 0 0]
[897203620066390212656393777794870901606495099752305936712851 0 0 0 0 0 0 1 0 0 0 0 0 0 0 0 0 0 0 0]
[916588710557147687924003088343183329857339285010337338337652 0 0 0 0 0 0 0 1 0 0 0 0 0 0 0 0 0 0 0]
[768655206547559859527770413350859321245674496829386396413951 0 0 0 0 0 0 0 0 1 0 0 0 0 0 0 0 0 0 0]
[974885512217654044297674128763252348160689984610164533882033 0 0 0 0 0 0 0 0 0 1 0 0 0 0 0 0 0 0 0]
[703705473242938821028460347693759376938428515150199048578101 0 0 0 0 0 0 0 0 0 0 1 0 0 0 0 0 0 0 0]
[182322137157625348032791129259815506213669599371884495649828 0 0 0 0 0 0 0 0 0 0 0 1 0 0 0 0 0 0 0]
[776928252312884885355698439767401946283734161274785003686535 0 0 0 0 0 0 0 0 0 0 0 0 1 0 0 0 0 0 0]
[650284411790967520736426651839376934797738463089584175563703 0 0 0 0 0 0 0 0 0 0 0 0 0 1 0 0 0 0 0]
[547630915704580246523210284190702267460870965279521560091708 0 0 0 0 0 0 0 0 0 0 0 0 0 0 1 0 0 0 0]
[366374138218552385912517967509755450656824260298066007083121 0 0 0 0 0 0 0 0 0 0 0 0 0 0 0 1 0 0 0]
[734239292704029975888509349386870892412829794434425643641030 0 0 0 0 0 0 0 0 0 0 0 0 0 0 0 0 1 0 0]
[875512950495232057425591966411626862285796422242777216983466 0 0 0 0 0 0 0 0 0 0 0 0 0 0 0 0 0 1 0]
[1081544621106480849929394555660011173288156106852300521898125 0 0 0 0 0 0 0 0 0 0 0 0 0 0 0 0 0 0 1]
]
