[[1410129309796996491567043909093763024590586109536766930454321 0 0 0 0 0 0 0 0 0 0 0 0 0 0 0 0 0 0 0]
[401950305310994726314673283679014605210549965717182800278785 1 0 0 0 0 0 0 0 0 0 0 0 0 0 0 0 0 0 0]
[701940500752307310717765896659997979189850558626011040447563 0 1 0 0 0 0 0 0 0 0 0 0 0 0 0 0 0 0 0]
[357919564733459393863971304937437239628891913010567002501821 0 0 1 0 0 0 0 0 0 0 0 0 0 0 0 0 0 0 0]
[1185210835008203130987791009439290504549549111713442678402694 0 0 0 1 0 0 0 0 0 0 0 0 0 0 0 0 0 0 0]
[71283949514130854039100646929712016195328773771505464635402 0 0 0 0 1 0 0 0 0 0 0 0 0 0 0 0 0 0 0]
[1018512594610655797397409111546323775791975440075725591751284 0 0 0 0 0 1 0 0 0 0 0 0 0 0 0 0 0 0 0]
[1055065034075364323398839665398254999950908046330825002515808 0 0 0 0 0 0 1 0 0 0 0 0 0 0 0 0 0 0 0]
[644330368783768485040533836129859609240385438571405015117632 0 0 0 0 0 0 0 1 0 0 0 0 0 0 0 0 0 0 0]
[3629238912026746471255907958240729299950426548195712310636 0 0 0 0 0 0 0 0 1 0 0 0 0 0 0 0 0 0 0]
[729002513170070391229540606142700575516527946815978325874041 0 0 0 0 0 0 0 0 0 1 0 0 0 0 0 0 0 0 0]
[1238455574475240158251731511952685608201350602498885499785189 0 0 0 0 0 0 0 0 0 0 1 0 0 0 0 0 0 0 0]
[347033473103148337605585626351698844935885075803316884107026 0 0 0 0 0 0 0 0 0 0 0 1 0 0 0 0 0 0 0]
[1296490750606811927240578759114513823685164979275108731293486 0 0 0 0 0 0 0 0 0 0 0 0 1 0 0 0 0 0 0]
[1352632208724302027732969735753855484741790735807951156796198 0 0 0 0 0 0 0 0 0 0 0 0 0 1 0 0 0 0 0]
[515881597246928665441821497469161120428829350066381005095993 0 0 0 0 0 0 0 0 0 0 0 0 0 0 1 0 0 0 0]
[673896539197314097649323076226449353092111654636755721242252 0 0 0 0 0 0 0 0 0 0 0 0 0 0 0 1 0 0 0]
[715002722911488346738783652491144881361111390577128626709499 0 0 0 0 0 0 0 0 0 0 0 0 0 0 0 0 1 0 0]
[228177760042298220744395666577350172503291269618513922728797 0 0 0 0 0 0 0 0 0 0 0 0 0 0 0 0 0 1 0]
[331886838124684487061792116813351038640262665147543821135182 0 0 0 0 0 0 0 0 0 0 0 0 0 0 0 0 0 0 1]
]
