[[982777334784500869211233590506407011161945398158170241941531 0 0 0 0 0 0 0 0 0 0 0 0 0 0 0 0 0 0 0]
[605744072722309072677810444742673451530100878494266085075260 1 0 0 0 0 0 0 0 0 0 0 0 0 0 0 0 0 0 0]
[43300159087599950467935632283549909666357167418406231069303 0 1 0 0 0 0 0 0 0 0 0 0 0 0 0 0 0 0 0]
[817540388988283412623130285347967596786470433931240166338052 0 0 1 0 0 0 0 0 0 0 0 0 0 0 0 0 0 0 0]
[496229823022251717167810609696789300387140408472228944832790 0 0 0 1 0 0 0 0 0 0 0 0 0 0 0 0 0 0 0]
[797835704248761664771868105265711325542792954499280435447312 0 0 0 0 1 0 0 0 0 0 0 0 0 0 0 0 0 0 0]
[156535070356144968390162130442811754295104372587317803181634 0 0 0 0 0 1 0 0 0 0 0 0 0 0 0 0 0 0 0]
[374026785003775775830575097082109349599804596802871486939622 0 0 0 0 0 0 1 0 0 0 0 0 0 0 0 0 0 0 0]
[612717893071233437274886213860369938536157234425045185868344 0 0 0 0 0 0 0 1 0 0 0 0 0 0 0 0 0 0 0]
[172344160665858503033826442202932573158308896206350994158640 0 0 0 0 0 0 0 0 1 0 0 0 0 0 0 0 0 0 0]
[477620996830071432567601952710596950131238449151355569659594 0 0 0 0 0 0 0 0 0 1 0 0 0 0 0 0 0 0 0]
[571729263188756941932234433121273173356362748652278944278260 0 0 0 0 0 0 0 0 0 0 1 0 0 0 0 0 0 0 0]
[16668855657270008575985370146895197563013894157703619565523 0 0 0 0 0 0 0 0 0 0 0 1 0 0 0 0 0 0 0]
[477985728418126019517076147602919920263161990938940926840841 0 0 0 0 0 0 0 0 0 0 0 0 1 0 0 0 0 0 0]
[851290618744586574143973037069226624843354143704275156567799 0 0 0 0 0 0 0 0 0 0 0 0 0 1 0 0 0 0 0]
[32825284676848467345510001299493592571769081971742499334049 0 0 0 0 0 0 0 0 0 0 0 0 0 0 1 0 0 0 0]
[611475162380188161482533593786097410295616849029303617471191 0 0 0 0 0 0 0 0 0 0 0 0 0 0 0 1 0 0 0]
[640147300308754911951093369040033794173543983491459107938174 0 0 0 0 0 0 0 0 0 0 0 0 0 0 0 0 1 0 0]
[239401877406583839071268007249005168523832250017680340366294 0 0 0 0 0 0 0 0 0 0 0 0 0 0 0 0 0 1 0]
[883061031110225107136548353927195623862778508621676684081386 0 0 0 0 0 0 0 0 0 0 0 0 0 0 0 0 0 0 1]
]
