[[1337881197784718529737471990261095426214298489090735325892399 0 0 0 0 0 0 0 0 0 0 0 0 0 0 0 0 0 0 0]
[1165601770938961485574534085644772528473244279927202801432954 1 0 0 0 0 0 0 0 0 0 0 0 0 0 0 0 0 0 0]
[552752954763957233425804751173826401844648848817680463787226 0 1 0 0 0 0 0 0 0 0 0 0 0 0 0 0 0 0 0]
[1027668184389553254588919450856242384393980579637627890603412 0 0 1 0 0 0 0 0 0 0 0 0 0 0 0 0 0 0 0]
[698385929003133440713116471911637726425439364686040141632810 0 0 0 1 0 0 0 0 0 0 0 0 0 0 0 0 0 0 0]
[605305404680935459191610265485670076048217589738823003662600 0 0 0 0 1 0 0 0 0 0 0 0 0 0 0 0 0 0 0]
[1189098513295820291207184776215043276063940398283389099320130 0 0 0 0 0 1 0 0 0 0 0 0 0 0 0 0 0 0 0]
[1245296197100623448001559379566177622994047965610700097455359 0 0 0 0 0 0 1 0 0 0 0 0 0 0 0 0 0 0 0]
[652927264156511127691358017601173070426463008852364898650875 0 0 0 0 0 0 0 1 0 0 0 0 0 0 0 0 0 0 0]
[1162503879876005028492287350244165280264293473462057173428437 0 0 0 0 0 0 0 0 1 0 0 0 0 0 0 0 0 0 0]
[198234685756289438680505045479624619251507264341914627457354 0 0 0 0 0 0 0 0 0 1 0 0 0 0 0 0 0 0 0]
[453745706102710316843432905230953674631311229322943261880683 0 0 0 0 0 0 0 0 0 0 1 0 0 0 0 0 0 0 0]
[866136350015255090902536716515150107027815006605368154528143 0 0 0 0 0 0 0 0 0 0 0 1 0 0 0 0 0 0 0]
[253284803788138602290497920125042267807036990839376395932075 0 0 0 0 0 0 0 0 0 0 0 0 1 0 0 0 0 0 0]
[1093843901261393610613194997973486022608644051773741537018659 0 0 0 0 0 0 0 0 0 0 0 0 0 1 0 0 0 0 0]
[90269324406369694948098812470545315640681604242455367003133 0 0 0 0 0 0 0 0 0 0 0 0 0 0 1 0 0 0 0]
[196207311528471089510146170503955632165289701077418111977904 0 0 0 0 0 0 0 0 0 0 0 0 0 0 0 1 0 0 0]
[1061498686127783059165356612041244583303507813138478088942096 0 0 0 0 0 0 0 0 0 0 0 0 0 0 0 0 1 0 0]
[760421423851556696364096233193139714899612286391760505606319 0 0 0 0 0 0 0 0 0 0 0 0 0 0 0 0 0 1 0]
[901165827409796049404124507146657447803417389421812981329271 0 0 0 0 0 0 0 0 0 0 0 0 0 0 0 0 0 0 1]
]
