[[836516945502040808413713931294570090863697699728880924446457 0 0 0 0 0 0 0 0 0 0 0 0 0 0 0 0 0 0 0]
[647117559158709186672646453612641134316935104033341831361276 1 0 0 0 0 0 0 0 0 0 0 0 0 0 0 0 0 0 0]
[229243095159101451766845225124438485960618969205100886365796 0 1 0 0 0 0 0 0 0 0 0 0 0 0 0 0 0 0 0]
[207568510224690069922144799121318986235116290121296389514884 0 0 1 0 0 0 0 0 0 0 0 0 0 0 0 0 0 0 0]
[621466666120525783913337092044022764124221253156243328140213 0 0 0 1 0 0 0 0 0 0 0 0 0 0 0 0 0 0 0]
[807277561752540023710442789938786209737937569975940741445655 0 0 0 0 1 0 0 0 0 0 0 0 0 0 0 0 0 0 0]
[371561919544701547134838074168127794127699238293921698106312 0 0 0 0 0 1 0 0 0 0 0 0 0 0 0 0 0 0 0]
[263374347156418844373595307377214086557492454691711357171135 0 0 0 0 0 0 1 0 0 0 0 0 0 0 0 0 0 0 0]
[253860095139759504786264288553589487950700244461208925293469 0 0 0 0 0 0 0 1 0 0 0 0 0 0 0 0 0 0 0]
[540180940279910845132658126285719770957144389074420483828954 0 0 0 0 0 0 0 0 1 0 0 0 0 0 0 0 0 0 0]
[728545649204582862606068638658277590974160077517272386541050 0 0 0 0 0 0 0 0 0 1 0 0 0 0 0 0 0 0 0]
[536203572349924300445567183909039793985812181267071479871599 0 0 0 0 0 0 0 0 0 0 1 0 0 0 0 0 0 0 0]
[510638670981763795367465853275175251982980456745007161905616 0 0 0 0 0 0 0 0 0 0 0 1 0 0 0 0 0 0 0]
[369097351235646352563655549777690822230156555778630172384075 0 0 0 0 0 0 0 0 0 0 0 0 1 0 0 0 0 0 0]
[298501299268624197242187191182117738340299802305596617116777 0 0 0 0 0 0 0 0 0 0 0 0 0 1 0 0 0 0 0]
[69707043135895520643522500317881509503106317994432397830040 0 0 0 0 0 0 0 0 0 0 0 0 0 0 1 0 0 0 0]
[180115507616970946447490373064598416320844020673080153495179 0 0 0 0 0 0 0 0 0 0 0 0 0 0 0 1 0 0 0]
[238484605603558933542433829210300653895125324077062835863454 0 0 0 0 0 0 0 0 0 0 0 0 0 0 0 0 1 0 0]
[642115663441244071240956038958633021487100529826636330176716 0 0 0 0 0 0 0 0 0 0 0 0 0 0 0 0 0 1 0]
[573273542338559539967179924014192858353681238380168035398989 0 0 0 0 0 0 0 0 0 0 0 0 0 0 0 0 0 0 1]
]
