[[805722072234262815247901592823833081023507805394017897443393 0 0 0 0 0 0 0 0 0 0 0 0 0 0 0 0 0 0 0]
[279667311473420755041460905879585081334956342690470310805987 1 0 0 0 0 0 0 0 0 0 0 0 0 0 0 0 0 0 0]
[135969628549884829551567919877328460852147316124078062232105 0 1 0 0 0 0 0 0 0 0 0 0 0 0 0 0 0 0 0]
[423373450908611186789187939132815370759874721240093412293825 0 0 1 0 0 0 0 0 0 0 0 0 0 0 0 0 0 0 0]
[698066397843280136012026577276769652570212796054472047739918 0 0 0 1 0 0 0 0 0 0 0 0 0 0 0 0 0 0 0]
[624576540619732030011413485815167457356463362652513595586751 0 0 0 0 1 0 0 0 0 0 0 0 0 0 0 0 0 0 0]
[111151546149541070754104682624357879029484208093255018254879 0 0 0 0 0 1 0 0 0 0 0 0 0 0 0 0 0 0 0]
[759581930863146341366145297755622518115029148447560533595936 0 0 0 0 0 0 1 0 0 0 0 0 0 0 0 0 0 0 0]
[501775719237748967225858117936971583246143039345520163606151 0 0 0 0 0 0 0 1 0 0 0 0 0 0 0 0 0 0 0]
[633393802392765443290248074496717671665351480505323671238349 0 0 0 0 0 0 0 0 1 0 0 0 0 0 0 0 0 0 0]
[686982591644485457817390977349811645484857690344446064651064 0 0 0 0 0 0 0 0 0 1 0 0 0 0 0 0 0 0 0]
[675389647057732729594005408298926832356213278591695034293344 0 0 0 0 0 0 0 0 0 0 1 0 0 0 0 0 0 0 0]
[650530693533800486328093625273009822724417399683650038192590 0 0 0 0 0 0 0 0 0 0 0 1 0 0 0 0 0 0 0]
[227741686220105742812399242843494739815379542190776069593304 0 0 0 0 0 0 0 0 0 0 0 0 1 0 0 0 0 0 0]
[613394591126880909769364610084658959860301245869332628596742 0 0 0 0 0 0 0 0 0 0 0 0 0 1 0 0 0 0 0]
[264890357919533339058744535371579295462875700941313037694970 0 0 0 0 0 0 0 0 0 0 0 0 0 0 1 0 0 0 0]
[505376951390023393978322470534293703176577453325601322571117 0 0 0 0 0 0 0 0 0 0 0 0 0 0 0 1 0 0 0]
[372136680004543214323582071203310474945356543329465350251036 0 0 0 0 0 0 0 0 0 0 0 0 0 0 0 0 1 0 0]
[746822776268931061678973281232907906899871734054072329114720 0 0 0 0 0 0 0 0 0 0 0 0 0 0 0 0 0 1 0]
[647875341375197202057344755962074419833258590467061578967098 0 0 0 0 0 0 0 0 0 0 0 0 0 0 0 0 0 0 1]
]
