[[816046694157714236550896013253967161554091276382174533839167 0 0 0 0 0 0 0 0 0 0 0 0 0 0 0 0 0 0 0]
[522209879754166550928871748880437459251656883916609173676878 1 0 0 0 0 0 0 0 0 0 0 0 0 0 0 0 0 0 0]
[775864657005705988951702203621264954988490810383199490934198 0 1 0 0 0 0 0 0 0 0 0 0 0 0 0 0 0 0 0]
[687337425811783982697139607715135587115027320774149011658483 0 0 1 0 0 0 0 0 0 0 0 0 0 0 0 0 0 0 0]
[425852819518799973050025279923017911251773078177045838094800 0 0 0 1 0 0 0 0 0 0 0 0 0 0 0 0 0 0 0]
[107573492631665426087550545258178612612914415535433325443022 0 0 0 0 1 0 0 0 0 0 0 0 0 0 0 0 0 0 0]
[118443062825492978130945000907074242397560524337511335890957 0 0 0 0 0 1 0 0 0 0 0 0 0 0 0 0 0 0 0]
[457763849738903436189137671526083664017462158965296561515210 0 0 0 0 0 0 1 0 0 0 0 0 0 0 0 0 0 0 0]
[442878524802167842588034272432836407772316858539068723203879 0 0 0 0 0 0 0 1 0 0 0 0 0 0 0 0 0 0 0]
[244706566401252958112874642833305552912600874407610318501038 0 0 0 0 0 0 0 0 1 0 0 0 0 0 0 0 0 0 0]
[756083909756591298213751293312503604453380785053765784884546 0 0 0 0 0 0 0 0 0 1 0 0 0 0 0 0 0 0 0]
[555730881993679930370103677147834336856838828947055924205152 0 0 0 0 0 0 0 0 0 0 1 0 0 0 0 0 0 0 0]
[318946488847442104653372013072103027785559518991629434479829 0 0 0 0 0 0 0 0 0 0 0 1 0 0 0 0 0 0 0]
[767691300470330176263171732355491279912800867701232469933893 0 0 0 0 0 0 0 0 0 0 0 0 1 0 0 0 0 0 0]
[776946180967889139226143792548038004364408605191528512090458 0 0 0 0 0 0 0 0 0 0 0 0 0 1 0 0 0 0 0]
[612021622023938594277300540920275505863356739764181301904251 0 0 0 0 0 0 0 0 0 0 0 0 0 0 1 0 0 0 0]
[609537383825527321049349722136720749517528125490903990827958 0 0 0 0 0 0 0 0 0 0 0 0 0 0 0 1 0 0 0]
[773397818420698807252798218963586293011575369250161113410150 0 0 0 0 0 0 0 0 0 0 0 0 0 0 0 0 1 0 0]
[64988961835981387308281915649368052499828526489464643474977 0 0 0 0 0 0 0 0 0 0 0 0 0 0 0 0 0 1 0]
[407188078005435181733901741556568884494244590982941807219016 0 0 0 0 0 0 0 0 0 0 0 0 0 0 0 0 0 0 1]
]
