[[1252798230267680490344583202886956801923189592498342305312371 0 0 0 0 0 0 0 0 0 0 0 0 0 0 0 0 0 0 0]
[905795895979733050844064830905267526764477498901951361804550 1 0 0 0 0 0 0 0 0 0 0 0 0 0 0 0 0 0 0]
[338970678926902791556610939974669316140159261302634696063723 0 1 0 0 0 0 0 0 0 0 0 0 0 0 0 0 0 0 0]
[215749545514026936345886440711256261812534695293826033348759 0 0 1 0 0 0 0 0 0 0 0 0 0 0 0 0 0 0 0]
[745286816062262001909763940800033479022064354077459630933376 0 0 0 1 0 0 0 0 0 0 0 0 0 0 0 0 0 0 0]
[969958858335602905131715712695919342068274675175102131705633 0 0 0 0 1 0 0 0 0 0 0 0 0 0 0 0 0 0 0]
[879078961642182601005158335268144890761236141395322520703402 0 0 0 0 0 1 0 0 0 0 0 0 0 0 0 0 0 0 0]
[1140562252536852156488626605530713894996256060055084778727388 0 0 0 0 0 0 1 0 0 0 0 0 0 0 0 0 0 0 0]
[229821416264756970726242066504197697778758645600452903491232 0 0 0 0 0 0 0 1 0 0 0 0 0 0 0 0 0 0 0]
[330715820648452087838839045568291617361210573827222861973133 0 0 0 0 0 0 0 0 1 0 0 0 0 0 0 0 0 0 0]
[1167076029064445086559765062768414858038942899960947728537531 0 0 0 0 0 0 0 0 0 1 0 0 0 0 0 0 0 0 0]
[923334865318399977226823688090777956237221636128781099343688 0 0 0 0 0 0 0 0 0 0 1 0 0 0 0 0 0 0 0]
[1165250106557405951133892214702985009579785917375826283089600 0 0 0 0 0 0 0 0 0 0 0 1 0 0 0 0 0 0 0]
[928493602235261746697500306048750484091624089957730466573929 0 0 0 0 0 0 0 0 0 0 0 0 1 0 0 0 0 0 0]
[766530310537716539154821343971437059509511873347682638043270 0 0 0 0 0 0 0 0 0 0 0 0 0 1 0 0 0 0 0]
[688322492497119195063344581170597625810810655506128181734921 0 0 0 0 0 0 0 0 0 0 0 0 0 0 1 0 0 0 0]
[796703919534959477392155190056834757132061847646910462532262 0 0 0 0 0 0 0 0 0 0 0 0 0 0 0 1 0 0 0]
[668371257608766020445297205116673578557249138231790730185032 0 0 0 0 0 0 0 0 0 0 0 0 0 0 0 0 1 0 0]
[860680884137246109380777073065458250181678590270421086240226 0 0 0 0 0 0 0 0 0 0 0 0 0 0 0 0 0 1 0]
[318017578149049084715151895477656490605464575857317549371213 0 0 0 0 0 0 0 0 0 0 0 0 0 0 0 0 0 0 1]
]
