[[850825870978576446342030610328105620879344001813339129924327 0 0 0 0 0 0 0 0 0 0 0 0 0 0 0 0 0 0 0]
[18498304422779559350980241832839470312132760503957260451377 1 0 0 0 0 0 0 0 0 0 0 0 0 0 0 0 0 0 0]
[719510135206534003345986131417433041818989183589858648565480 0 1 0 0 0 0 0 0 0 0 0 0 0 0 0 0 0 0 0]
[453699247408551861102758976429571887065017932000335557973852 0 0 1 0 0 0 0 0 0 0 0 0 0 0 0 0 0 0 0]
[624094910439639974886248284028540072855212953860453636046765 0 0 0 1 0 0 0 0 0 0 0 0 0 0 0 0 0 0 0]
[398015957701148997557141324125155691915688111056046471694951 0 0 0 0 1 0 0 0 0 0 0 0 0 0 0 0 0 0 0]
[711100764668066618820526049165226152090588141113817551981005 0 0 0 0 0 1 0 0 0 0 0 0 0 0 0 0 0 0 0]
[410266989411897072738990656170657221024701419224956063775049 0 0 0 0 0 0 1 0 0 0 0 0 0 0 0 0 0 0 0]
[349450447752045220026118804151845740562006427784662722117009 0 0 0 0 0 0 0 1 0 0 0 0 0 0 0 0 0 0 0]
[355639926469651301736517283828482191701244186297999564796953 0 0 0 0 0 0 0 0 1 0 0 0 0 0 0 0 0 0 0]
[715073342142965453486543789725035122790695162886566027794604 0 0 0 0 0 0 0 0 0 1 0 0 0 0 0 0 0 0 0]
[683632508819941186298452647893879142538517442182488978175867 0 0 0 0 0 0 0 0 0 0 1 0 0 0 0 0 0 0 0]
[156558070767795636110102087313483679093808670123701221476331 0 0 0 0 0 0 0 0 0 0 0 1 0 0 0 0 0 0 0]
[667815571234710985608152192157927204967324780736788504093031 0 0 0 0 0 0 0 0 0 0 0 0 1 0 0 0 0 0 0]
[773466690632855520860577789794510566995515301509428015425780 0 0 0 0 0 0 0 0 0 0 0 0 0 1 0 0 0 0 0]
[142616593204943609807235782060844099752994377604933312309592 0 0 0 0 0 0 0 0 0 0 0 0 0 0 1 0 0 0 0]
[773335342944649129620989361553951669675828140338439093768313 0 0 0 0 0 0 0 0 0 0 0 0 0 0 0 1 0 0 0]
[77256855002392202525264260413173279494222464244358658730512 0 0 0 0 0 0 0 0 0 0 0 0 0 0 0 0 1 0 0]
[653226597438700636013820275975070846353866971099368366297767 0 0 0 0 0 0 0 0 0 0 0 0 0 0 0 0 0 1 0]
[174430606376003949305326569953638393423032366916578280683131 0 0 0 0 0 0 0 0 0 0 0 0 0 0 0 0 0 0 1]
]
