[[1407893403410854143005376347366770126868648328236009253274361 0 0 0 0 0 0 0 0 0 0 0 0 0 0 0 0 0 0 0]
[1111451712929085408434101776611824922497044286336949281094772 1 0 0 0 0 0 0 0 0 0 0 0 0 0 0 0 0 0 0]
[981328587338852398780895575528385642590993013397976322180698 0 1 0 0 0 0 0 0 0 0 0 0 0 0 0 0 0 0 0]
[1083254482547936116033654760813898659235197308294949202094594 0 0 1 0 0 0 0 0 0 0 0 0 0 0 0 0 0 0 0]
[180103047073038051821364951843149039818091341765495629949179 0 0 0 1 0 0 0 0 0 0 0 0 0 0 0 0 0 0 0]
[226940237119118420217862944534413297449776750811201218322477 0 0 0 0 1 0 0 0 0 0 0 0 0 0 0 0 0 0 0]
[883145843287422111956416157303312242545678590779418486499959 0 0 0 0 0 1 0 0 0 0 0 0 0 0 0 0 0 0 0]
[798013885699443694318232013718320553708215316234210535648751 0 0 0 0 0 0 1 0 0 0 0 0 0 0 0 0 0 0 0]
[187161771865838141417754641068884299997275452297415651603047 0 0 0 0 0 0 0 1 0 0 0 0 0 0 0 0 0 0 0]
[595526211482158064226402652334551592960888499185616758723426 0 0 0 0 0 0 0 0 1 0 0 0 0 0 0 0 0 0 0]
[829177424886040559011638979500109445047862192102839979048264 0 0 0 0 0 0 0 0 0 1 0 0 0 0 0 0 0 0 0]
[469147300762010805383687306822265379430993047187281078478279 0 0 0 0 0 0 0 0 0 0 1 0 0 0 0 0 0 0 0]
[601544234462682122094234932476299448349503722404571502890180 0 0 0 0 0 0 0 0 0 0 0 1 0 0 0 0 0 0 0]
[11293256480501839638941953957999442075912510337220906898393 0 0 0 0 0 0 0 0 0 0 0 0 1 0 0 0 0 0 0]
[439165626170601021034920125639263716868248485789283686637947 0 0 0 0 0 0 0 0 0 0 0 0 0 1 0 0 0 0 0]
[310197330491552860779890607624769476661396835190128332272462 0 0 0 0 0 0 0 0 0 0 0 0 0 0 1 0 0 0 0]
[1182833227843992839124837716972175909461191742659437250309540 0 0 0 0 0 0 0 0 0 0 0 0 0 0 0 1 0 0 0]
[1378158016613326387187808471045887930918145617749895650380252 0 0 0 0 0 0 0 0 0 0 0 0 0 0 0 0 1 0 0]
[78816888140783343645237748451727380954813861438152090237776 0 0 0 0 0 0 0 0 0 0 0 0 0 0 0 0 0 1 0]
[822060208235670580258298756337726822439460686927801844073392 0 0 0 0 0 0 0 0 0 0 0 0 0 0 0 0 0 0 1]
]
