[[1350336210092712132707152240902002354816386801776106088602787 0 0 0 0 0 0 0 0 0 0 0 0 0 0 0 0 0 0 0]
[929859213750036906989435587222967813453901110685470688718725 1 0 0 0 0 0 0 0 0 0 0 0 0 0 0 0 0 0 0]
[842860601638063738573368947037349974748382140223660106126166 0 1 0 0 0 0 0 0 0 0 0 0 0 0 0 0 0 0 0]
[1342544810140868295000415282047996396297572119611919009762456 0 0 1 0 0 0 0 0 0 0 0 0 0 0 0 0 0 0 0]
[1071112939695102147645833245593965526494894123761650211534256 0 0 0 1 0 0 0 0 0 0 0 0 0 0 0 0 0 0 0]
[592722361396027018911066101853519312470758088264762379464962 0 0 0 0 1 0 0 0 0 0 0 0 0 0 0 0 0 0 0]
[396905541240443647818380318553626162946936001069436038025215 0 0 0 0 0 1 0 0 0 0 0 0 0 0 0 0 0 0 0]
[972262013038474189775123465868552956988210312155132120514300 0 0 0 0 0 0 1 0 0 0 0 0 0 0 0 0 0 0 0]
[301656577850072298180526503530058076062022336022629401569461 0 0 0 0 0 0 0 1 0 0 0 0 0 0 0 0 0 0 0]
[1055612722814876823753113975998412588971388272061008593025853 0 0 0 0 0 0 0 0 1 0 0 0 0 0 0 0 0 0 0]
[27583261019225739309005585205241341546667693638381317321830 0 0 0 0 0 0 0 0 0 1 0 0 0 0 0 0 0 0 0]
[320763348994163227531295347710438485957853091464387449141686 0 0 0 0 0 0 0 0 0 0 1 0 0 0 0 0 0 0 0]
[909248486136255450519797317193127724078276989137523353209004 0 0 0 0 0 0 0 0 0 0 0 1 0 0 0 0 0 0 0]
[973486821157190326184728513771982279058922141535869928264392 0 0 0 0 0 0 0 0 0 0 0 0 1 0 0 0 0 0 0]
[1079656946317510274319134872644536078084619258699704613967870 0 0 0 0 0 0 0 0 0 0 0 0 0 1 0 0 0 0 0]
[1077028138052257307614732212670877436422938848189015702591948 0 0 0 0 0 0 0 0 0 0 0 0 0 0 1 0 0 0 0]
[890710386569444007731733800318020700578245352776672802353544 0 0 0 0 0 0 0 0 0 0 0 0 0 0 0 1 0 0 0]
[145395795210372962362669508600995822518356207892957636995151 0 0 0 0 0 0 0 0 0 0 0 0 0 0 0 0 1 0 0]
[716915828056230172572354634815010071939044054676876296927366 0 0 0 0 0 0 0 0 0 0 0 0 0 0 0 0 0 1 0]
[621955401499530193242626777014906442106895887365157649221982 0 0 0 0 0 0 0 0 0 0 0 0 0 0 0 0 0 0 1]
]
