[[1372903305641371622173738163527053547492680381835937636093183 0 0 0 0 0 0 0 0 0 0 0 0 0 0 0 0 0 0 0]
[152008259535895739964237859188521127862402243764009704943567 1 0 0 0 0 0 0 0 0 0 0 0 0 0 0 0 0 0 0]
[527885719658179039836779558188380566248284551739883599904087 0 1 0 0 0 0 0 0 0 0 0 0 0 0 0 0 0 0 0]
[675969701761710713506583862369570119485297427650815423294463 0 0 1 0 0 0 0 0 0 0 0 0 0 0 0 0 0 0 0]
[965044349698340483770582878198130644315226331308720255410980 0 0 0 1 0 0 0 0 0 0 0 0 0 0 0 0 0 0 0]
[412114781070124340555731794850918779676117394814747385653844 0 0 0 0 1 0 0 0 0 0 0 0 0 0 0 0 0 0 0]
[723411862702567419157640546686804348073058769131176133446895 0 0 0 0 0 1 0 0 0 0 0 0 0 0 0 0 0 0 0]
[287451012247753028261110045875984766440805429605787985138323 0 0 0 0 0 0 1 0 0 0 0 0 0 0 0 0 0 0 0]
[14981615773127947809206227594696885426603648533100713947359 0 0 0 0 0 0 0 1 0 0 0 0 0 0 0 0 0 0 0]
[787873256969958429707486806840080857222349973341304401064575 0 0 0 0 0 0 0 0 1 0 0 0 0 0 0 0 0 0 0]
[1104670168636237561080588924202878046985055081797077668262740 0 0 0 0 0 0 0 0 0 1 0 0 0 0 0 0 0 0 0]
[18922332078884107878721659885722953688935607948407378752636 0 0 0 0 0 0 0 0 0 0 1 0 0 0 0 0 0 0 0]
[450887640459231473096761463772197780330111418234386550601495 0 0 0 0 0 0 0 0 0 0 0 1 0 0 0 0 0 0 0]
[675788665856978850590811221807902752269997001172236115334230 0 0 0 0 0 0 0 0 0 0 0 0 1 0 0 0 0 0 0]
[1007300378854775666583499734499613348268253056454141747537716 0 0 0 0 0 0 0 0 0 0 0 0 0 1 0 0 0 0 0]
[375395574864221448625838656720173899225945587352517396662620 0 0 0 0 0 0 0 0 0 0 0 0 0 0 1 0 0 0 0]
[991858280810938385200707350983244233123235863377148616060565 0 0 0 0 0 0 0 0 0 0 0 0 0 0 0 1 0 0 0]
[80176719733161834983836116030306664072135974297161103868307 0 0 0 0 0 0 0 0 0 0 0 0 0 0 0 0 1 0 0]
[170653584106627490109982047404453479311638678905095705200778 0 0 0 0 0 0 0 0 0 0 0 0 0 0 0 0 0 1 0]
[341708053729311219003607693542572776606058597943945838523632 0 0 0 0 0 0 0 0 0 0 0 0 0 0 0 0 0 0 1]
]
