[[1182330367485924670481730300789201196585536132070912482227917 0 0 0 0 0 0 0 0 0 0 0 0 0 0 0 0 0 0 0]
[312093480073509034679441574101101608333914653454744045072588 1 0 0 0 0 0 0 0 0 0 0 0 0 0 0 0 0 0 0]
[789430319976126915373527621420392962525377546236499060031349 0 1 0 0 0 0 0 0 0 0 0 0 0 0 0 0 0 0 0]
[765836950907892767113436447618693694863544453195259668547136 0 0 1 0 0 0 0 0 0 0 0 0 0 0 0 0 0 0 0]
[499352519477369274596710029382963480471464139577199568108379 0 0 0 1 0 0 0 0 0 0 0 0 0 0 0 0 0 0 0]
[591786005572337454452646241697397752084165489992359140865975 0 0 0 0 1 0 0 0 0 0 0 0 0 0 0 0 0 0 0]
[1003191785419971278322088051714318184340246309948857972174878 0 0 0 0 0 1 0 0 0 0 0 0 0 0 0 0 0 0 0]
[815379376732831830347287445419585897288834835926955340834704 0 0 0 0 0 0 1 0 0 0 0 0 0 0 0 0 0 0 0]
[1102396125081997303036800583859507437063916687430810477368500 0 0 0 0 0 0 0 1 0 0 0 0 0 0 0 0 0 0 0]
[352508962340471521471219987470508105197716107545076308924440 0 0 0 0 0 0 0 0 1 0 0 0 0 0 0 0 0 0 0]
[26256884300043781925256752441862208140942298004945048744675 0 0 0 0 0 0 0 0 0 1 0 0 0 0 0 0 0 0 0]
[314778233805343034851053489058718531214978061378166569191677 0 0 0 0 0 0 0 0 0 0 1 0 0 0 0 0 0 0 0]
[233593677878966802935410966560701114623613778995280826310348 0 0 0 0 0 0 0 0 0 0 0 1 0 0 0 0 0 0 0]
[347236247050269215836821570739140586825037849171404923698799 0 0 0 0 0 0 0 0 0 0 0 0 1 0 0 0 0 0 0]
[972008051816110534313201605356326456047989861925295332548637 0 0 0 0 0 0 0 0 0 0 0 0 0 1 0 0 0 0 0]
[757770713065738777096766800888217439646115325640529476034119 0 0 0 0 0 0 0 0 0 0 0 0 0 0 1 0 0 0 0]
[428752202486049078927395719493571965245513854687359896088582 0 0 0 0 0 0 0 0 0 0 0 0 0 0 0 1 0 0 0]
[750148022301523150087881005622683462518994787112404407185780 0 0 0 0 0 0 0 0 0 0 0 0 0 0 0 0 1 0 0]
[250953424555976148513086864131632254411986479449098798272258 0 0 0 0 0 0 0 0 0 0 0 0 0 0 0 0 0 1 0]
[1116212606740266253190966814829429185502949495151351460905079 0 0 0 0 0 0 0 0 0 0 0 0 0 0 0 0 0 0 1]
]
