[[1358696430998692271338649311171685335296032386793636801945807 0 0 0 0 0 0 0 0 0 0 0 0 0 0 0 0 0 0 0]
[242074362333891523130786023298396910806215890153380474272455 1 0 0 0 0 0 0 0 0 0 0 0 0 0 0 0 0 0 0]
[159196632379861425058908499878739646139076953726109620446322 0 1 0 0 0 0 0 0 0 0 0 0 0 0 0 0 0 0 0]
[367672427975889677256823888762224766086101915481230226729094 0 0 1 0 0 0 0 0 0 0 0 0 0 0 0 0 0 0 0]
[1161750913771900224576217928460689027283714036595100857724149 0 0 0 1 0 0 0 0 0 0 0 0 0 0 0 0 0 0 0]
[590702241137257008599663066489406111522177131480898905850227 0 0 0 0 1 0 0 0 0 0 0 0 0 0 0 0 0 0 0]
[353613254704992823158349291988002071249133503439848156530818 0 0 0 0 0 1 0 0 0 0 0 0 0 0 0 0 0 0 0]
[524030888961113245534079026188892898199480520425815189318620 0 0 0 0 0 0 1 0 0 0 0 0 0 0 0 0 0 0 0]
[1069145261845033399887079454403956726086551919881272403277995 0 0 0 0 0 0 0 1 0 0 0 0 0 0 0 0 0 0 0]
[1129736850705151458393623380902180286743928327089588656333096 0 0 0 0 0 0 0 0 1 0 0 0 0 0 0 0 0 0 0]
[1239868199545783792679344411982671159735980469637645742037500 0 0 0 0 0 0 0 0 0 1 0 0 0 0 0 0 0 0 0]
[313006475102329494968585392177857937370261577909569827967693 0 0 0 0 0 0 0 0 0 0 1 0 0 0 0 0 0 0 0]
[1133463240226897524501193144909323837419890549869213152585207 0 0 0 0 0 0 0 0 0 0 0 1 0 0 0 0 0 0 0]
[368466682007215172872013819233850190697290385935005391729974 0 0 0 0 0 0 0 0 0 0 0 0 1 0 0 0 0 0 0]
[29016944747221600416540559527066813793346327321729323260765 0 0 0 0 0 0 0 0 0 0 0 0 0 1 0 0 0 0 0]
[1278786752916931218503164922156442481812183022308805005593427 0 0 0 0 0 0 0 0 0 0 0 0 0 0 1 0 0 0 0]
[1192034771409271514891847714523020300406954625900653176546959 0 0 0 0 0 0 0 0 0 0 0 0 0 0 0 1 0 0 0]
[599437823405167636949182438987015967855087938824788143546369 0 0 0 0 0 0 0 0 0 0 0 0 0 0 0 0 1 0 0]
[456149568510138348937717017170298711201228155071583699189391 0 0 0 0 0 0 0 0 0 0 0 0 0 0 0 0 0 1 0]
[96121311898119235164394060673082983153856035420755070533418 0 0 0 0 0 0 0 0 0 0 0 0 0 0 0 0 0 0 1]
]
