[[1375607569659726386176200552111363794453822378090595883285417 0 0 0 0 0 0 0 0 0 0 0 0 0 0 0 0 0 0 0]
[1241885413255859320721755036436679896895758961552658007518251 1 0 0 0 0 0 0 0 0 0 0 0 0 0 0 0 0 0 0]
[752803175865527103134412776751289116664402243719685831020101 0 1 0 0 0 0 0 0 0 0 0 0 0 0 0 0 0 0 0]
[75804594628983829190591384154842599317335714804854438278832 0 0 1 0 0 0 0 0 0 0 0 0 0 0 0 0 0 0 0]
[633145280452712503584340528280299481932938692587537171798499 0 0 0 1 0 0 0 0 0 0 0 0 0 0 0 0 0 0 0]
[751766544213157830712827293284294466983278724208871124471142 0 0 0 0 1 0 0 0 0 0 0 0 0 0 0 0 0 0 0]
[1364594674864914936399110735595425292848497193359465108492438 0 0 0 0 0 1 0 0 0 0 0 0 0 0 0 0 0 0 0]
[712577826479441219682518317754910108832423029011835233672520 0 0 0 0 0 0 1 0 0 0 0 0 0 0 0 0 0 0 0]
[808657134977089811624311812375085279585123790608662172023075 0 0 0 0 0 0 0 1 0 0 0 0 0 0 0 0 0 0 0]
[1149435067189800087819601846677118060578371688184632309870303 0 0 0 0 0 0 0 0 1 0 0 0 0 0 0 0 0 0 0]
[537766838752554127358828225761280486655633409841184071431325 0 0 0 0 0 0 0 0 0 1 0 0 0 0 0 0 0 0 0]
[1095258105721951841118687510278734654212905852445755269163369 0 0 0 0 0 0 0 0 0 0 1 0 0 0 0 0 0 0 0]
[385562771699602611207752309827082257247882345852283224465049 0 0 0 0 0 0 0 0 0 0 0 1 0 0 0 0 0 0 0]
[1318542462427804826558817542421674842863613877828287661610771 0 0 0 0 0 0 0 0 0 0 0 0 1 0 0 0 0 0 0]
[263749694732179602020923719127014262088409911122738789820923 0 0 0 0 0 0 0 0 0 0 0 0 0 1 0 0 0 0 0]
[433808299182537477685438151994604074252487502073576287759541 0 0 0 0 0 0 0 0 0 0 0 0 0 0 1 0 0 0 0]
[587601214588440080424603789251355095366836473767503846290079 0 0 0 0 0 0 0 0 0 0 0 0 0 0 0 1 0 0 0]
[251037051311799333188521784873161199067086961771499273375649 0 0 0 0 0 0 0 0 0 0 0 0 0 0 0 0 1 0 0]
[54559552033599048544103084003830419312892944880773985940292 0 0 0 0 0 0 0 0 0 0 0 0 0 0 0 0 0 1 0]
[453471967404263045141064256715060299521807360470578796014434 0 0 0 0 0 0 0 0 0 0 0 0 0 0 0 0 0 0 1]
]
