[[950510046727958857603161937570972669785410752188665251788217 0 0 0 0 0 0 0 0 0 0 0 0 0 0 0 0 0 0 0]
[638235214839806042816372400047917851152389757663554441913811 1 0 0 0 0 0 0 0 0 0 0 0 0 0 0 0 0 0 0]
[932297066213769144806807781087941197701678722079565621852327 0 1 0 0 0 0 0 0 0 0 0 0 0 0 0 0 0 0 0]
[762483690511918160860451487084921915337609648531180931886856 0 0 1 0 0 0 0 0 0 0 0 0 0 0 0 0 0 0 0]
[861312467314615705109380007313297342480211003001918956023832 0 0 0 1 0 0 0 0 0 0 0 0 0 0 0 0 0 0 0]
[436630880565623341224985089854114371025646026220038051124730 0 0 0 0 1 0 0 0 0 0 0 0 0 0 0 0 0 0 0]
[890152051313190980906741071102151897134826564430298662607037 0 0 0 0 0 1 0 0 0 0 0 0 0 0 0 0 0 0 0]
[585610445362131750351084491382653041831091221179828048317468 0 0 0 0 0 0 1 0 0 0 0 0 0 0 0 0 0 0 0]
[578975962038192027841183863030987851025994719865885339403313 0 0 0 0 0 0 0 1 0 0 0 0 0 0 0 0 0 0 0]
[230483995474685239867963112837228931145167917526728851577238 0 0 0 0 0 0 0 0 1 0 0 0 0 0 0 0 0 0 0]
[67723114570135829606525117541279234202272238678864998217589 0 0 0 0 0 0 0 0 0 1 0 0 0 0 0 0 0 0 0]
[906652031830324372354770367961883009626634363678592782422964 0 0 0 0 0 0 0 0 0 0 1 0 0 0 0 0 0 0 0]
[629706991606075976175975532963202192591154438733500009180640 0 0 0 0 0 0 0 0 0 0 0 1 0 0 0 0 0 0 0]
[275031366687478318357052427577010545948836660458513742406203 0 0 0 0 0 0 0 0 0 0 0 0 1 0 0 0 0 0 0]
[787968245980895724576592926321701265226957914701339908286353 0 0 0 0 0 0 0 0 0 0 0 0 0 1 0 0 0 0 0]
[776504094747374018547200191874657312245124504136739027720712 0 0 0 0 0 0 0 0 0 0 0 0 0 0 1 0 0 0 0]
[929123718615200936112572086085285990327761817350085934077987 0 0 0 0 0 0 0 0 0 0 0 0 0 0 0 1 0 0 0]
[568136398343352543470630856905391997064097110560929927083350 0 0 0 0 0 0 0 0 0 0 0 0 0 0 0 0 1 0 0]
[536657137420826233712786944001173249013612999470208633562025 0 0 0 0 0 0 0 0 0 0 0 0 0 0 0 0 0 1 0]
[272056206936460237229364920861955032490713150450583887362281 0 0 0 0 0 0 0 0 0 0 0 0 0 0 0 0 0 0 1]
]
