[[1215448468717438780534825371024507895577706385332000755469073 0 0 0 0 0 0 0 0 0 0 0 0 0 0 0 0 0 0 0]
[744538510348354218374566590528819483759368957530053784313632 1 0 0 0 0 0 0 0 0 0 0 0 0 0 0 0 0 0 0]
[1177479397617325482621243198219273845023151549386535506042392 0 1 0 0 0 0 0 0 0 0 0 0 0 0 0 0 0 0 0]
[128096134434542145401624360565315449043969158266323978690445 0 0 1 0 0 0 0 0 0 0 0 0 0 0 0 0 0 0 0]
[418854476525275575836011003006538803043658555706368741129634 0 0 0 1 0 0 0 0 0 0 0 0 0 0 0 0 0 0 0]
[587772623269280579114795606099091774810409263288056688272374 0 0 0 0 1 0 0 0 0 0 0 0 0 0 0 0 0 0 0]
[312836107726021619931133557110269758971440163819554763206872 0 0 0 0 0 1 0 0 0 0 0 0 0 0 0 0 0 0 0]
[596034832929150542078700803103609212375732517709092686891494 0 0 0 0 0 0 1 0 0 0 0 0 0 0 0 0 0 0 0]
[305686011336198482069128571215018677341506603080467609835524 0 0 0 0 0 0 0 1 0 0 0 0 0 0 0 0 0 0 0]
[13860899458017297697744052062734764153938570550670758917766 0 0 0 0 0 0 0 0 1 0 0 0 0 0 0 0 0 0 0]
[397317994340821798557786910956748803368522463989109551080339 0 0 0 0 0 0 0 0 0 1 0 0 0 0 0 0 0 0 0]
[146027951439191031736437468152632815226020051525787058447844 0 0 0 0 0 0 0 0 0 0 1 0 0 0 0 0 0 0 0]
[271818365500342956397277385674171743106437852053726995563 0 0 0 0 0 0 0 0 0 0 0 1 0 0 0 0 0 0 0]
[20255528301808106884279702926337306191808842325876211762307 0 0 0 0 0 0 0 0 0 0 0 0 1 0 0 0 0 0 0]
[973838278112926085289352514776391655985395315954844803943609 0 0 0 0 0 0 0 0 0 0 0 0 0 1 0 0 0 0 0]
[158328345355254835365358472207109990782717813915579666764224 0 0 0 0 0 0 0 0 0 0 0 0 0 0 1 0 0 0 0]
[1214113323781398253200348924061399421697009346441153741277396 0 0 0 0 0 0 0 0 0 0 0 0 0 0 0 1 0 0 0]
[208725189718657384012924714704107533464105286804937932777626 0 0 0 0 0 0 0 0 0 0 0 0 0 0 0 0 1 0 0]
[125915247353856682846199395573404525062361317886593261785182 0 0 0 0 0 0 0 0 0 0 0 0 0 0 0 0 0 1 0]
[990238583213626520903176619327518626746108050907462639896139 0 0 0 0 0 0 0 0 0 0 0 0 0 0 0 0 0 0 1]
]
