[[953266310240872449004458047851220116829171758674899092777853 0 0 0 0 0 0 0 0 0 0 0 0 0 0 0 0 0 0 0]
[26971619650838608694628604188267280126834620413387079448472 1 0 0 0 0 0 0 0 0 0 0 0 0 0 0 0 0 0 0]
[480069069415447403352658855271577553838231053182288872549377 0 1 0 0 0 0 0 0 0 0 0 0 0 0 0 0 0 0 0]
[796011664126721969867515213898859959197132275115016493514869 0 0 1 0 0 0 0 0 0 0 0 0 0 0 0 0 0 0 0]
[142551320965463078458357893864006432180243307023807765806146 0 0 0 1 0 0 0 0 0 0 0 0 0 0 0 0 0 0 0]
[51582347098101638490330955380152585759209746778178099226561 0 0 0 0 1 0 0 0 0 0 0 0 0 0 0 0 0 0 0]
[834520440449109870299903587697098680927869940068886594515333 0 0 0 0 0 1 0 0 0 0 0 0 0 0 0 0 0 0 0]
[784625148410247075845970445643211208573310668608136609354567 0 0 0 0 0 0 1 0 0 0 0 0 0 0 0 0 0 0 0]
[211907057111836655513029279709636379422802209469403321594063 0 0 0 0 0 0 0 1 0 0 0 0 0 0 0 0 0 0 0]
[298057438436830532338275387975610527014893483566324233002411 0 0 0 0 0 0 0 0 1 0 0 0 0 0 0 0 0 0 0]
[802962173471129811792513237583079786440228899840512811625 0 0 0 0 0 0 0 0 0 1 0 0 0 0 0 0 0 0 0]
[118672435443150633623695249328436920336714885223958259785314 0 0 0 0 0 0 0 0 0 0 1 0 0 0 0 0 0 0 0]
[113369454041565788488047881638657649386712353028823633609945 0 0 0 0 0 0 0 0 0 0 0 1 0 0 0 0 0 0 0]
[188284486768834032657848320046202234196106329755340237359446 0 0 0 0 0 0 0 0 0 0 0 0 1 0 0 0 0 0 0]
[945462835197612862107330613492234646416456841579156086687683 0 0 0 0 0 0 0 0 0 0 0 0 0 1 0 0 0 0 0]
[162627822290335447421291462864165777177414879448647564377877 0 0 0 0 0 0 0 0 0 0 0 0 0 0 1 0 0 0 0]
[61294922627357974697205271709822022131046389458673218423787 0 0 0 0 0 0 0 0 0 0 0 0 0 0 0 1 0 0 0]
[76057842326796199709558550143542540661252231276307968473416 0 0 0 0 0 0 0 0 0 0 0 0 0 0 0 0 1 0 0]
[909200476612865153724032693052265768714681550196410382928308 0 0 0 0 0 0 0 0 0 0 0 0 0 0 0 0 0 1 0]
[750799529756539900725579465282463169908905211221595824156367 0 0 0 0 0 0 0 0 0 0 0 0 0 0 0 0 0 0 1]
]
