[[829744295795312661251078445925799182232002881154317782682407 0 0 0 0 0 0 0 0 0 0 0 0 0 0 0 0 0 0 0]
[164433097665259145930353193104106584679391770176377598515609 1 0 0 0 0 0 0 0 0 0 0 0 0 0 0 0 0 0 0]
[338826854439513524743268901731061378103926034551358649203454 0 1 0 0 0 0 0 0 0 0 0 0 0 0 0 0 0 0 0]
[617004643199979199186744876214563569401820869282513429877413 0 0 1 0 0 0 0 0 0 0 0 0 0 0 0 0 0 0 0]
[420786450073751135565414399992905494768537041149118853818677 0 0 0 1 0 0 0 0 0 0 0 0 0 0 0 0 0 0 0]
[773623705027382893766003369048476220722915438064096661595780 0 0 0 0 1 0 0 0 0 0 0 0 0 0 0 0 0 0 0]
[214493456436384523636181762234871979315617742415824320241805 0 0 0 0 0 1 0 0 0 0 0 0 0 0 0 0 0 0 0]
[48777001686498539113739555821942513565396307448309835023666 0 0 0 0 0 0 1 0 0 0 0 0 0 0 0 0 0 0 0]
[144460928457381080926538832155552849936563355825587269925346 0 0 0 0 0 0 0 1 0 0 0 0 0 0 0 0 0 0 0]
[135620036326123695655029281205044594303363534876606669948946 0 0 0 0 0 0 0 0 1 0 0 0 0 0 0 0 0 0 0]
[136476551861739090176664817526020167171270271909902912616085 0 0 0 0 0 0 0 0 0 1 0 0 0 0 0 0 0 0 0]
[530471891145054728847460528848765340276981260976469849674920 0 0 0 0 0 0 0 0 0 0 1 0 0 0 0 0 0 0 0]
[4015502641098251160258763171407838968695280425667070994938 0 0 0 0 0 0 0 0 0 0 0 1 0 0 0 0 0 0 0]
[659792753584539714892757307685862830196517060694251408118509 0 0 0 0 0 0 0 0 0 0 0 0 1 0 0 0 0 0 0]
[698888138285351400605381316070627294249023402462447825941093 0 0 0 0 0 0 0 0 0 0 0 0 0 1 0 0 0 0 0]
[341356728865533304237702727761512150648685765585496582577545 0 0 0 0 0 0 0 0 0 0 0 0 0 0 1 0 0 0 0]
[538649964395275899523330308891533518336176824687909934791353 0 0 0 0 0 0 0 0 0 0 0 0 0 0 0 1 0 0 0]
[309257816539368664191075813249892613597961189507749619875736 0 0 0 0 0 0 0 0 0 0 0 0 0 0 0 0 1 0 0]
[60629131713045314033616352214317312269947158485135779684239 0 0 0 0 0 0 0 0 0 0 0 0 0 0 0 0 0 1 0]
[669084327823880390398889790334902764671856807146422534002251 0 0 0 0 0 0 0 0 0 0 0 0 0 0 0 0 0 0 1]
]
