[[1384524725102036658120667173376823776504694109016636390072843 0 0 0 0 0 0 0 0 0 0 0 0 0 0 0 0 0 0 0]
[489512211838005799562507620235818085206083867689395718547440 1 0 0 0 0 0 0 0 0 0 0 0 0 0 0 0 0 0 0]
[989607858768940282910392004323748607332534156002895640923515 0 1 0 0 0 0 0 0 0 0 0 0 0 0 0 0 0 0 0]
[821997686671386873908053719001762898647809825564941891661288 0 0 1 0 0 0 0 0 0 0 0 0 0 0 0 0 0 0 0]
[474580206059343871191201104303996842011528671401425137865857 0 0 0 1 0 0 0 0 0 0 0 0 0 0 0 0 0 0 0]
[552593667958454455375901818214780350787521840728535612682078 0 0 0 0 1 0 0 0 0 0 0 0 0 0 0 0 0 0 0]
[1213202531370718452125524013717536492970456986772390179036826 0 0 0 0 0 1 0 0 0 0 0 0 0 0 0 0 0 0 0]
[727581445311937173990632934627818956427383717746100335570128 0 0 0 0 0 0 1 0 0 0 0 0 0 0 0 0 0 0 0]
[196036046635857883317589581949619195642007234775953589866444 0 0 0 0 0 0 0 1 0 0 0 0 0 0 0 0 0 0 0]
[1273711720489753823539858598396785445073224365896770207973688 0 0 0 0 0 0 0 0 1 0 0 0 0 0 0 0 0 0 0]
[420027786532035485882120124761975442239619510849355873665545 0 0 0 0 0 0 0 0 0 1 0 0 0 0 0 0 0 0 0]
[187329414638451931139430436133590327259502306408801823572256 0 0 0 0 0 0 0 0 0 0 1 0 0 0 0 0 0 0 0]
[1082745802287659159459321597834176477656943696635116320447949 0 0 0 0 0 0 0 0 0 0 0 1 0 0 0 0 0 0 0]
[164640844744776742546718841305440542101026936790370978065808 0 0 0 0 0 0 0 0 0 0 0 0 1 0 0 0 0 0 0]
[5838624641182534068138783613342385721446465344893673187277 0 0 0 0 0 0 0 0 0 0 0 0 0 1 0 0 0 0 0]
[1276551926592817837557769130062242753185908813116066899623904 0 0 0 0 0 0 0 0 0 0 0 0 0 0 1 0 0 0 0]
[222531278859273122507213142336912945429543501271005785571770 0 0 0 0 0 0 0 0 0 0 0 0 0 0 0 1 0 0 0]
[1302829442022905141184541430060604704382825469658666347138933 0 0 0 0 0 0 0 0 0 0 0 0 0 0 0 0 1 0 0]
[772056307453946470094307256618305465317751407406229107804992 0 0 0 0 0 0 0 0 0 0 0 0 0 0 0 0 0 1 0]
[580942409350174712709771494282070595427966500589438436745826 0 0 0 0 0 0 0 0 0 0 0 0 0 0 0 0 0 0 1]
]
