[[1086076335151035758051913933292287327955821017230961642030093 0 0 0 0 0 0 0 0 0 0 0 0 0 0 0 0 0 0 0]
[633974292742308721621632916984379292585971132988923691512560 1 0 0 0 0 0 0 0 0 0 0 0 0 0 0 0 0 0 0]
[308142573017549330930116873280278632127511706185087437475583 0 1 0 0 0 0 0 0 0 0 0 0 0 0 0 0 0 0 0]
[582410853351661147307168921297712303028764037191282088371743 0 0 1 0 0 0 0 0 0 0 0 0 0 0 0 0 0 0 0]
[41826065333171983089462992226735661291671794338865927813311 0 0 0 1 0 0 0 0 0 0 0 0 0 0 0 0 0 0 0]
[760568712493476715551950377643000847769490432508323105853950 0 0 0 0 1 0 0 0 0 0 0 0 0 0 0 0 0 0 0]
[944088029901230850563867298043476033682606555782665993202786 0 0 0 0 0 1 0 0 0 0 0 0 0 0 0 0 0 0 0]
[490172521670257038741063952247893659592022842646045208663703 0 0 0 0 0 0 1 0 0 0 0 0 0 0 0 0 0 0 0]
[173520469439822298960128641019101192582410440560475803125257 0 0 0 0 0 0 0 1 0 0 0 0 0 0 0 0 0 0 0]
[602794720492976349032814407206218746845226639827127037512723 0 0 0 0 0 0 0 0 1 0 0 0 0 0 0 0 0 0 0]
[418825926957629889340786239134353411478661122482667681767278 0 0 0 0 0 0 0 0 0 1 0 0 0 0 0 0 0 0 0]
[278194826587281074222704249357805637178820576810239493894667 0 0 0 0 0 0 0 0 0 0 1 0 0 0 0 0 0 0 0]
[763487378887109836147921038436057360605337667530518806291704 0 0 0 0 0 0 0 0 0 0 0 1 0 0 0 0 0 0 0]
[360873665320170943693858949196098888781428136271996409154062 0 0 0 0 0 0 0 0 0 0 0 0 1 0 0 0 0 0 0]
[341324738322915727224699128386737209063233221438466677398041 0 0 0 0 0 0 0 0 0 0 0 0 0 1 0 0 0 0 0]
[653709356702301704006436002786520865385659541158194052865561 0 0 0 0 0 0 0 0 0 0 0 0 0 0 1 0 0 0 0]
[820357247515592791851376620940341971132491779990142114579380 0 0 0 0 0 0 0 0 0 0 0 0 0 0 0 1 0 0 0]
[566392962525852444456160357083746706127024215780155376479053 0 0 0 0 0 0 0 0 0 0 0 0 0 0 0 0 1 0 0]
[113107687133100018803894489507737566265430018260562629905808 0 0 0 0 0 0 0 0 0 0 0 0 0 0 0 0 0 1 0]
[176670172531594554158931357826385590923340449485970051918718 0 0 0 0 0 0 0 0 0 0 0 0 0 0 0 0 0 0 1]
]
