[[1000820626030323536711352507150118622231797810446025806527573 0 0 0 0 0 0 0 0 0 0 0 0 0 0 0 0 0 0 0]
[365379838810303004859688657160708372092207992317899737525727 1 0 0 0 0 0 0 0 0 0 0 0 0 0 0 0 0 0 0]
[313597523107096850847362538388356045903184289690954110859426 0 1 0 0 0 0 0 0 0 0 0 0 0 0 0 0 0 0 0]
[858740599067567893529706477925021305225680082807530916697940 0 0 1 0 0 0 0 0 0 0 0 0 0 0 0 0 0 0 0]
[482476417690681335198435167196150773081767550888420939279539 0 0 0 1 0 0 0 0 0 0 0 0 0 0 0 0 0 0 0]
[424882789334195725395887860756358185896035095492547255841550 0 0 0 0 1 0 0 0 0 0 0 0 0 0 0 0 0 0 0]
[556545357425934872809277117775528559796959195103975731269193 0 0 0 0 0 1 0 0 0 0 0 0 0 0 0 0 0 0 0]
[715952807382759301909827132713164006149523696548361255102157 0 0 0 0 0 0 1 0 0 0 0 0 0 0 0 0 0 0 0]
[180585645966148277378907146218399446807785661267313163647717 0 0 0 0 0 0 0 1 0 0 0 0 0 0 0 0 0 0 0]
[824955245126981802968436251463851446148272371340967148374474 0 0 0 0 0 0 0 0 1 0 0 0 0 0 0 0 0 0 0]
[807384005486813132708214493876064737132955234506774031724544 0 0 0 0 0 0 0 0 0 1 0 0 0 0 0 0 0 0 0]
[113173407041708153554398964964786632086296724250854686819007 0 0 0 0 0 0 0 0 0 0 1 0 0 0 0 0 0 0 0]
[381807868504882754766719505371147015221105481360555957774621 0 0 0 0 0 0 0 0 0 0 0 1 0 0 0 0 0 0 0]
[629480026994602975376032224813422589671822577320173715285924 0 0 0 0 0 0 0 0 0 0 0 0 1 0 0 0 0 0 0]
[512362484683592329038070685945563372306854964302840138380085 0 0 0 0 0 0 0 0 0 0 0 0 0 1 0 0 0 0 0]
[847982568047671484477567093077431283713014250531913561995592 0 0 0 0 0 0 0 0 0 0 0 0 0 0 1 0 0 0 0]
[340745947086651481378609351119184298166234068496413695538470 0 0 0 0 0 0 0 0 0 0 0 0 0 0 0 1 0 0 0]
[83300723802223674019768448919671284713458003700616725601674 0 0 0 0 0 0 0 0 0 0 0 0 0 0 0 0 1 0 0]
[157214999942982899154710118051551785740880643015385869332443 0 0 0 0 0 0 0 0 0 0 0 0 0 0 0 0 0 1 0]
[740776422973981570910693705635405655435166005926749224944675 0 0 0 0 0 0 0 0 0 0 0 0 0 0 0 0 0 0 1]
]
