[[1483444881895776726787511788412073959069495939504516392348703 0 0 0 0 0 0 0 0 0 0 0 0 0 0 0 0 0 0 0]
[550606192984854125077592457531278574253810958047650172025580 1 0 0 0 0 0 0 0 0 0 0 0 0 0 0 0 0 0 0]
[887619665242400990127198224325758185738196248439356825028935 0 1 0 0 0 0 0 0 0 0 0 0 0 0 0 0 0 0 0]
[721055447394330731166991483668197053202866656958263450503918 0 0 1 0 0 0 0 0 0 0 0 0 0 0 0 0 0 0 0]
[1340230590360627671103339453490591802833341316089073379673766 0 0 0 1 0 0 0 0 0 0 0 0 0 0 0 0 0 0 0]
[527073787456713197762190214109557241184664512779558124055243 0 0 0 0 1 0 0 0 0 0 0 0 0 0 0 0 0 0 0]
[273351713883844602628338405516053840499747486912251578243159 0 0 0 0 0 1 0 0 0 0 0 0 0 0 0 0 0 0 0]
[741145498058064292285278885142386486893556653712905534566435 0 0 0 0 0 0 1 0 0 0 0 0 0 0 0 0 0 0 0]
[928453971321821687089344660008501058371614118421086192199585 0 0 0 0 0 0 0 1 0 0 0 0 0 0 0 0 0 0 0]
[746487180973188387530320904082721140030234103233300911918540 0 0 0 0 0 0 0 0 1 0 0 0 0 0 0 0 0 0 0]
[318909832760738720894238318918484015303359415496391103261919 0 0 0 0 0 0 0 0 0 1 0 0 0 0 0 0 0 0 0]
[1125880877752997283172450873986388337789925049060237348388291 0 0 0 0 0 0 0 0 0 0 1 0 0 0 0 0 0 0 0]
[1363475447318638850183668578627246132005942448022264451936611 0 0 0 0 0 0 0 0 0 0 0 1 0 0 0 0 0 0 0]
[419740576215320257676509622772984774759772312272546606875011 0 0 0 0 0 0 0 0 0 0 0 0 1 0 0 0 0 0 0]
[1454799859859066332468637400850090337135989966240630820552937 0 0 0 0 0 0 0 0 0 0 0 0 0 1 0 0 0 0 0]
[635781761678991720944593222866736849579016987756932838573402 0 0 0 0 0 0 0 0 0 0 0 0 0 0 1 0 0 0 0]
[657017263170890494227832213442288334401368902699784375374944 0 0 0 0 0 0 0 0 0 0 0 0 0 0 0 1 0 0 0]
[1353680296919576884282331695059736264578146157264044337046438 0 0 0 0 0 0 0 0 0 0 0 0 0 0 0 0 1 0 0]
[1365319266574688212303434225633259719951764773634264206384392 0 0 0 0 0 0 0 0 0 0 0 0 0 0 0 0 0 1 0]
[300159385945907842359284208527597047699868676224694845858772 0 0 0 0 0 0 0 0 0 0 0 0 0 0 0 0 0 0 1]
]
