[[1128541092234791184976066579064683317800328730572669584505599 0 0 0 0 0 0 0 0 0 0 0 0 0 0 0 0 0 0 0]
[108162518592375315469930898198250002202669783702177486903827 1 0 0 0 0 0 0 0 0 0 0 0 0 0 0 0 0 0 0]
[381351958811191891154075377934684855177553484922769894769224 0 1 0 0 0 0 0 0 0 0 0 0 0 0 0 0 0 0 0]
[478207292312164035501254520319233165976902247845061217503806 0 0 1 0 0 0 0 0 0 0 0 0 0 0 0 0 0 0 0]
[545062147088885017045449725612713964430205930007660331854010 0 0 0 1 0 0 0 0 0 0 0 0 0 0 0 0 0 0 0]
[229100443921326073184765344085553251737820733750181171083913 0 0 0 0 1 0 0 0 0 0 0 0 0 0 0 0 0 0 0]
[854353182051450567404199869554926853366297175567434335900341 0 0 0 0 0 1 0 0 0 0 0 0 0 0 0 0 0 0 0]
[814425920411386882482506122872800028809940978196415967183742 0 0 0 0 0 0 1 0 0 0 0 0 0 0 0 0 0 0 0]
[726812334518371943471654226225497962771336758281776653703686 0 0 0 0 0 0 0 1 0 0 0 0 0 0 0 0 0 0 0]
[351569447800202688488798388774162105723188535919476546243199 0 0 0 0 0 0 0 0 1 0 0 0 0 0 0 0 0 0 0]
[620950758703644004021012809660924582355401828528846193328065 0 0 0 0 0 0 0 0 0 1 0 0 0 0 0 0 0 0 0]
[1079860745127633191109430074265179684812841205406199850459718 0 0 0 0 0 0 0 0 0 0 1 0 0 0 0 0 0 0 0]
[299518807121017289161828002017609345865438566534019668475403 0 0 0 0 0 0 0 0 0 0 0 1 0 0 0 0 0 0 0]
[591984202229844514856370049961823352264282544417483916493461 0 0 0 0 0 0 0 0 0 0 0 0 1 0 0 0 0 0 0]
[623420526694271970279007720003228608723106674168610771701364 0 0 0 0 0 0 0 0 0 0 0 0 0 1 0 0 0 0 0]
[997514308107073490782141226569253826674206371893088322689932 0 0 0 0 0 0 0 0 0 0 0 0 0 0 1 0 0 0 0]
[707746315121437884191467334115801390535777034126570067212267 0 0 0 0 0 0 0 0 0 0 0 0 0 0 0 1 0 0 0]
[244824333889438622401217808312540570403645186944085621097747 0 0 0 0 0 0 0 0 0 0 0 0 0 0 0 0 1 0 0]
[449028417541579233560230231239819295436907888920376531502344 0 0 0 0 0 0 0 0 0 0 0 0 0 0 0 0 0 1 0]
[518126987205390352086135443798494572434096619191796003396686 0 0 0 0 0 0 0 0 0 0 0 0 0 0 0 0 0 0 1]
]
