[[1597278398627020898573143936964333418682372057114140216758895680585607179441759 0 0 0 0 0 0 0 0 0 0 0 0 0 0 0 0 0 0 0 0 0 0 0 0 0]
[856259273215290302665483591011966662162993298941815833992395221719779813970532 1 0 0 0 0 0 0 0 0 0 0 0 0 0 0 0 0 0 0 0 0 0 0 0 0]
[715116624599843455856215510359202358326446990300691740370258601897781066439019 0 1 0 0 0 0 0 0 0 0 0 0 0 0 0 0 0 0 0 0 0 0 0 0 0]
[833952090802098711851223813143683090649748108795512802838438670127565096165358 0 0 1 0 0 0 0 0 0 0 0 0 0 0 0 0 0 0 0 0 0 0 0 0 0]
[220339951611152997257099231977726673105329486979041667635380165453572587674424 0 0 0 1 0 0 0 0 0 0 0 0 0 0 0 0 0 0 0 0 0 0 0 0 0]
[376403613395898896957476223883619977059977951737912290660585312041728693851606 0 0 0 0 1 0 0 0 0 0 0 0 0 0 0 0 0 0 0 0 0 0 0 0 0]
[797254686178707552804330723240266948822820671387066415990931747026517804321751 0 0 0 0 0 1 0 0 0 0 0 0 0 0 0 0 0 0 0 0 0 0 0 0 0]
[1458103828298990091077974776835847504515220057992432023914366036077932963023245 0 0 0 0 0 0 1 0 0 0 0 0 0 0 0 0 0 0 0 0 0 0 0 0 0]
[946050410577814899091163343622520684380394816484475905920102807061398516461654 0 0 0 0 0 0 0 1 0 0 0 0 0 0 0 0 0 0 0 0 0 0 0 0 0]
[354588273032641436500664908272720594356291339701542820311047907771108695717560 0 0 0 0 0 0 0 0 1 0 0 0 0 0 0 0 0 0 0 0 0 0 0 0 0]
[760001708498617269024509589728996537437805740063758840556343602040921733641167 0 0 0 0 0 0 0 0 0 1 0 0 0 0 0 0 0 0 0 0 0 0 0 0 0]
[1334731763268058300562919410125308423633661432777369856284577400968485261075152 0 0 0 0 0 0 0 0 0 0 1 0 0 0 0 0 0 0 0 0 0 0 0 0 0]
[1359489087536550568139591794062099890593396687683566653502758055239128370028690 0 0 0 0 0 0 0 0 0 0 0 1 0 0 0 0 0 0 0 0 0 0 0 0 0]
[1297811008824870803498812239269387231426271620276520936661565496856300008062725 0 0 0 0 0 0 0 0 0 0 0 0 1 0 0 0 0 0 0 0 0 0 0 0 0]
[54324523497410360544256443323906346823754930812786828143027068858946825494486 0 0 0 0 0 0 0 0 0 0 0 0 0 1 0 0 0 0 0 0 0 0 0 0 0]
[232505892481910645216414458163130336430190806561607408651554734262696048124459 0 0 0 0 0 0 0 0 0 0 0 0 0 0 1 0 0 0 0 0 0 0 0 0 0]
[418947182121509524299003207078643276558836090723672771801643250754167935224865 0 0 0 0 0 0 0 0 0 0 0 0 0 0 0 1 0 0 0 0 0 0 0 0 0]
[24553374805753196152167216900812652476292054613583375543063622483621616522556 0 0 0 0 0 0 0 0 0 0 0 0 0 0 0 0 1 0 0 0 0 0 0 0 0]
[584834788087261085492701883799920360665683995024630080304339950076538977079674 0 0 0 0 0 0 0 0 0 0 0 0 0 0 0 0 0 1 0 0 0 0 0 0 0]
[589943294509689531877590367511279782617909940870430488329628959135812061945229 0 0 0 0 0 0 0 0 0 0 0 0 0 0 0 0 0 0 1 0 0 0 0 0 0]
[1216334362329223129201346712837318003220228188654461798344556315736177057542922 0 0 0 0 0 0 0 0 0 0 0 0 0 0 0 0 0 0 0 1 0 0 0 0 0]
[943893551110100288486669238245261632064854179273441316868439873164230809004055 0 0 0 0 0 0 0 0 0 0 0 0 0 0 0 0 0 0 0 0 1 0 0 0 0]
[350088969611464931662243272239532421185485428456427357526739099142836463751841 0 0 0 0 0 0 0 0 0 0 0 0 0 0 0 0 0 0 0 0 0 1 0 0 0]
[1486887283226324497972404318798184389347477922447039263259704679167717903374597 0 0 0 0 0 0 0 0 0 0 0 0 0 0 0 0 0 0 0 0 0 0 1 0 0]
[1037846347319716045209096901422747772709270209399686994670973999364965387753549 0 0 0 0 0 0 0 0 0 0 0 0 0 0 0 0 0 0 0 0 0 0 0 1 0]
[1297369689522484609981540199396792459415493707884438644066544561895967832190323 0 0 0 0 0 0 0 0 0 0 0 0 0 0 0 0 0 0 0 0 0 0 0 0 1]
]
