[[1488196246775667964077031717782890890848703101152031119268288159247914364757743 0 0 0 0 0 0 0 0 0 0 0 0 0 0 0 0 0 0 0 0 0 0 0 0 0]
[862869815034145860543910013499186507173545057710226879094848024025252257543727 1 0 0 0 0 0 0 0 0 0 0 0 0 0 0 0 0 0 0 0 0 0 0 0 0]
[1078614093865423664311331637340081320867515742454259538940889962854835642097675 0 1 0 0 0 0 0 0 0 0 0 0 0 0 0 0 0 0 0 0 0 0 0 0 0]
[20173748863799939931893841038701717560177536967111021574819383587484776207572 0 0 1 0 0 0 0 0 0 0 0 0 0 0 0 0 0 0 0 0 0 0 0 0 0]
[1210624408434361112372271643558557610942134389467485493996914027403835000090557 0 0 0 1 0 0 0 0 0 0 0 0 0 0 0 0 0 0 0 0 0 0 0 0 0]
[900687033763427926745374090752254439119786529700591892420896685381749511809791 0 0 0 0 1 0 0 0 0 0 0 0 0 0 0 0 0 0 0 0 0 0 0 0 0]
[765944897814193795380056593415106430328390885221120284033740995694571057690087 0 0 0 0 0 1 0 0 0 0 0 0 0 0 0 0 0 0 0 0 0 0 0 0 0]
[1358707623156638003683141920889507324858287535756676256334277917293852347160205 0 0 0 0 0 0 1 0 0 0 0 0 0 0 0 0 0 0 0 0 0 0 0 0 0]
[1116238217961363548321281915183947183770612683145495714508353207845533228432572 0 0 0 0 0 0 0 1 0 0 0 0 0 0 0 0 0 0 0 0 0 0 0 0 0]
[557083686429959690313768767379455387643152349715463615678603032832713364999677 0 0 0 0 0 0 0 0 1 0 0 0 0 0 0 0 0 0 0 0 0 0 0 0 0]
[1296334292219781085184723155321935673911831208217874673090021689304437396921727 0 0 0 0 0 0 0 0 0 1 0 0 0 0 0 0 0 0 0 0 0 0 0 0 0]
[91884148751811225651129468018712532303889605804042442034626621479761589336930 0 0 0 0 0 0 0 0 0 0 1 0 0 0 0 0 0 0 0 0 0 0 0 0 0]
[1008079875076373212483146603033366371152740998805821864942226636574022333077612 0 0 0 0 0 0 0 0 0 0 0 1 0 0 0 0 0 0 0 0 0 0 0 0 0]
[1319212151391818933857569549654061161264992761231191116215899435375682538168415 0 0 0 0 0 0 0 0 0 0 0 0 1 0 0 0 0 0 0 0 0 0 0 0 0]
[375171345219743918990482030628997483079109168200545461297003699544767743631870 0 0 0 0 0 0 0 0 0 0 0 0 0 1 0 0 0 0 0 0 0 0 0 0 0]
[505352774975804561127006764112406279498019166801390056922421463854077391162183 0 0 0 0 0 0 0 0 0 0 0 0 0 0 1 0 0 0 0 0 0 0 0 0 0]
[605489628497993448951229484609407042053131328552684497328828473341808352728442 0 0 0 0 0 0 0 0 0 0 0 0 0 0 0 1 0 0 0 0 0 0 0 0 0]
[452473176438220364495601431178266014025092486786449691117802276615438662771350 0 0 0 0 0 0 0 0 0 0 0 0 0 0 0 0 1 0 0 0 0 0 0 0 0]
[255330085132731271435850654303254952338043156051681477067940410507403900250605 0 0 0 0 0 0 0 0 0 0 0 0 0 0 0 0 0 1 0 0 0 0 0 0 0]
[592327882629435156759459674734609766111994981533516026026031072598481518697670 0 0 0 0 0 0 0 0 0 0 0 0 0 0 0 0 0 0 1 0 0 0 0 0 0]
[834512344869824297974509781707657783312579221272151997002065127364266896863916 0 0 0 0 0 0 0 0 0 0 0 0 0 0 0 0 0 0 0 1 0 0 0 0 0]
[87718504262178278284725921338018729864285452734962260133646817014351535670075 0 0 0 0 0 0 0 0 0 0 0 0 0 0 0 0 0 0 0 0 1 0 0 0 0]
[264877006782563336841375061333656902139692239704711679292134913548563065766766 0 0 0 0 0 0 0 0 0 0 0 0 0 0 0 0 0 0 0 0 0 1 0 0 0]
[157586578958810612185984629219516025040230614544711074402108923099075608947090 0 0 0 0 0 0 0 0 0 0 0 0 0 0 0 0 0 0 0 0 0 0 1 0 0]
[1183859296255088358977189390094541703577318923467834656451395057855976023054617 0 0 0 0 0 0 0 0 0 0 0 0 0 0 0 0 0 0 0 0 0 0 0 1 0]
[79236591970139210272955520762708825918695577090691148005401650125854944488992 0 0 0 0 0 0 0 0 0 0 0 0 0 0 0 0 0 0 0 0 0 0 0 0 1]
]
