[[1394393120768095919959043992308020940452386186227661898075494771399590636729289 0 0 0 0 0 0 0 0 0 0 0 0 0 0 0 0 0 0 0 0 0 0 0 0 0]
[858199607038342362402855943992625642864526452124676187356871064044823936208956 1 0 0 0 0 0 0 0 0 0 0 0 0 0 0 0 0 0 0 0 0 0 0 0 0]
[288598737982431492958935154230950395461374733368871787895219488816610026667279 0 1 0 0 0 0 0 0 0 0 0 0 0 0 0 0 0 0 0 0 0 0 0 0 0]
[1359759952845797928665448670430439682932737566633585354274772802499323492698217 0 0 1 0 0 0 0 0 0 0 0 0 0 0 0 0 0 0 0 0 0 0 0 0 0]
[1120636105475988704138440117082865049078333354787380625103907899721625879583524 0 0 0 1 0 0 0 0 0 0 0 0 0 0 0 0 0 0 0 0 0 0 0 0 0]
[288387893651020208755172468740755728310216634700779952466363386887956146875161 0 0 0 0 1 0 0 0 0 0 0 0 0 0 0 0 0 0 0 0 0 0 0 0 0]
[1177927105048839067226954556018175686082196553430823979421677964479425210499650 0 0 0 0 0 1 0 0 0 0 0 0 0 0 0 0 0 0 0 0 0 0 0 0 0]
[1391496329336835145725800659499010893461604222287288812723606989778477504469555 0 0 0 0 0 0 1 0 0 0 0 0 0 0 0 0 0 0 0 0 0 0 0 0 0]
[163721881161944162272132602269708938609303762310633091901929094391456395966714 0 0 0 0 0 0 0 1 0 0 0 0 0 0 0 0 0 0 0 0 0 0 0 0 0]
[703157498654720368036523262530071835109870689047710338517424331180064224336817 0 0 0 0 0 0 0 0 1 0 0 0 0 0 0 0 0 0 0 0 0 0 0 0 0]
[704969310459432405874202888391294970816231984627404616235603928218559267555544 0 0 0 0 0 0 0 0 0 1 0 0 0 0 0 0 0 0 0 0 0 0 0 0 0]
[232426226483311903914305992531443638406387242662870735562636157609998680572123 0 0 0 0 0 0 0 0 0 0 1 0 0 0 0 0 0 0 0 0 0 0 0 0 0]
[1179773598318951923476397889116516285001095163715665480776656280360353741947135 0 0 0 0 0 0 0 0 0 0 0 1 0 0 0 0 0 0 0 0 0 0 0 0 0]
[1066353788025300535919990517482306774915966597518050232119809221300360027372787 0 0 0 0 0 0 0 0 0 0 0 0 1 0 0 0 0 0 0 0 0 0 0 0 0]
[899944889348181205999392641608833958462404540578332455992005937413424778789987 0 0 0 0 0 0 0 0 0 0 0 0 0 1 0 0 0 0 0 0 0 0 0 0 0]
[48918769835556595418333725818369182179987122238023806143466555013575260284794 0 0 0 0 0 0 0 0 0 0 0 0 0 0 1 0 0 0 0 0 0 0 0 0 0]
[141800200913513483961167488769800371865236473328047099265468455495277328902857 0 0 0 0 0 0 0 0 0 0 0 0 0 0 0 1 0 0 0 0 0 0 0 0 0]
[192351328842086948097428104879711690442118467707552930946669608638955658439589 0 0 0 0 0 0 0 0 0 0 0 0 0 0 0 0 1 0 0 0 0 0 0 0 0]
[963737534431813327515408724703747585031570428184140435491028813851762697835524 0 0 0 0 0 0 0 0 0 0 0 0 0 0 0 0 0 1 0 0 0 0 0 0 0]
[541164563274816187162233257489720085331703919074960952541986053075609651743553 0 0 0 0 0 0 0 0 0 0 0 0 0 0 0 0 0 0 1 0 0 0 0 0 0]
[1233985935310783075095096554518134609066323384263277256616726851193202935764921 0 0 0 0 0 0 0 0 0 0 0 0 0 0 0 0 0 0 0 1 0 0 0 0 0]
[1202641260983269365859341294337199230090636550720474643051176236257460592235770 0 0 0 0 0 0 0 0 0 0 0 0 0 0 0 0 0 0 0 0 1 0 0 0 0]
[90818394823936721761822199813118532954355241655587267336194446251806012340523 0 0 0 0 0 0 0 0 0 0 0 0 0 0 0 0 0 0 0 0 0 1 0 0 0]
[762090107201308203746025509688897712570961101313055399764472891151233149943236 0 0 0 0 0 0 0 0 0 0 0 0 0 0 0 0 0 0 0 0 0 0 1 0 0]
[308101832760235999260251193668483713688700536478535926728470338919131416846560 0 0 0 0 0 0 0 0 0 0 0 0 0 0 0 0 0 0 0 0 0 0 0 1 0]
[1175660457365402164269067228021283366922620867833492707907664023698530171193549 0 0 0 0 0 0 0 0 0 0 0 0 0 0 0 0 0 0 0 0 0 0 0 0 1]
]
