[[1306674117108426431927100160021216826858188042075808532780848855551906811598379 0 0 0 0 0 0 0 0 0 0 0 0 0 0 0 0 0 0 0 0 0 0 0 0 0]
[546647953910896447598975726388014511162280283477792374277795890314107043187173 1 0 0 0 0 0 0 0 0 0 0 0 0 0 0 0 0 0 0 0 0 0 0 0 0]
[1022649346805776526885599128861608149284199394785132763303930812011406784916714 0 1 0 0 0 0 0 0 0 0 0 0 0 0 0 0 0 0 0 0 0 0 0 0 0]
[1465308401973151652927892964292586701118058717029862932130016612500798098486 0 0 1 0 0 0 0 0 0 0 0 0 0 0 0 0 0 0 0 0 0 0 0 0 0]
[1014037818826128870621284499579151359719114847336072700630320202849833407314270 0 0 0 1 0 0 0 0 0 0 0 0 0 0 0 0 0 0 0 0 0 0 0 0 0]
[1067426754984127810439292963834624217344086721462205787405393035099557334489363 0 0 0 0 1 0 0 0 0 0 0 0 0 0 0 0 0 0 0 0 0 0 0 0 0]
[837793811849770502461626052819352674309959981330294228144496272394356217562597 0 0 0 0 0 1 0 0 0 0 0 0 0 0 0 0 0 0 0 0 0 0 0 0 0]
[253491689505628555447174613674387526874600908262405508187091934391528283855675 0 0 0 0 0 0 1 0 0 0 0 0 0 0 0 0 0 0 0 0 0 0 0 0 0]
[581936769104145449170123062238740426870656447588633874473689944676119033026836 0 0 0 0 0 0 0 1 0 0 0 0 0 0 0 0 0 0 0 0 0 0 0 0 0]
[1100021962988797603920980660664633589300067665554143228881104238083172944894953 0 0 0 0 0 0 0 0 1 0 0 0 0 0 0 0 0 0 0 0 0 0 0 0 0]
[808885728638510648650627950771950963053690079778172936075041781586237399015303 0 0 0 0 0 0 0 0 0 1 0 0 0 0 0 0 0 0 0 0 0 0 0 0 0]
[707181816993231816638056573193868695302413899319504959956728920539988272938941 0 0 0 0 0 0 0 0 0 0 1 0 0 0 0 0 0 0 0 0 0 0 0 0 0]
[1085525825435697061490303316838712378589452884155177784486417789161075609843883 0 0 0 0 0 0 0 0 0 0 0 1 0 0 0 0 0 0 0 0 0 0 0 0 0]
[1090328161601868201482775748173192762074330049213822716001287060819855384736361 0 0 0 0 0 0 0 0 0 0 0 0 1 0 0 0 0 0 0 0 0 0 0 0 0]
[92228348510119480113334216942258246134443707003864641774503790149582157249741 0 0 0 0 0 0 0 0 0 0 0 0 0 1 0 0 0 0 0 0 0 0 0 0 0]
[265480864041498422720668586662100651392902102869171308706744610428157513556370 0 0 0 0 0 0 0 0 0 0 0 0 0 0 1 0 0 0 0 0 0 0 0 0 0]
[982139330431923191390675011296119006309256524270670519913661998735995582690261 0 0 0 0 0 0 0 0 0 0 0 0 0 0 0 1 0 0 0 0 0 0 0 0 0]
[289038745597505346641044386050706351793700782908247832570983213267220145354956 0 0 0 0 0 0 0 0 0 0 0 0 0 0 0 0 1 0 0 0 0 0 0 0 0]
[1010731448277595931444422419174973902757051139967577189371593739002609609685988 0 0 0 0 0 0 0 0 0 0 0 0 0 0 0 0 0 1 0 0 0 0 0 0 0]
[506091630527281071827917045906732451418016040569687407206997569109137503225671 0 0 0 0 0 0 0 0 0 0 0 0 0 0 0 0 0 0 1 0 0 0 0 0 0]
[855881474246465338853554675348481986722921533412079457360190691031510912011277 0 0 0 0 0 0 0 0 0 0 0 0 0 0 0 0 0 0 0 1 0 0 0 0 0]
[1301537862530578364307804796878542952693603499620845747888632883261044986202131 0 0 0 0 0 0 0 0 0 0 0 0 0 0 0 0 0 0 0 0 1 0 0 0 0]
[1302308031583383697056295312130782225471509831248859613386902172262729735346325 0 0 0 0 0 0 0 0 0 0 0 0 0 0 0 0 0 0 0 0 0 1 0 0 0]
[555987844704152046277776857280115482135310906142842068129570569554027204346202 0 0 0 0 0 0 0 0 0 0 0 0 0 0 0 0 0 0 0 0 0 0 1 0 0]
[1194451613477536283090739253843111642648743611979208957297077232675203638917068 0 0 0 0 0 0 0 0 0 0 0 0 0 0 0 0 0 0 0 0 0 0 0 1 0]
[1093330130015441533447537783421457779117492075109960502071413644910228695417196 0 0 0 0 0 0 0 0 0 0 0 0 0 0 0 0 0 0 0 0 0 0 0 0 1]
]
