[[1730764410866107598583980180167779411227071468427327612656354754886392140325099 0 0 0 0 0 0 0 0 0 0 0 0 0 0 0 0 0 0 0 0 0 0 0 0 0]
[329031267431105504584914147029884421104351260535552988225296651488710123541433 1 0 0 0 0 0 0 0 0 0 0 0 0 0 0 0 0 0 0 0 0 0 0 0 0]
[1281534157868279757640508664501684170520515691260057466276333184854805091603404 0 1 0 0 0 0 0 0 0 0 0 0 0 0 0 0 0 0 0 0 0 0 0 0 0]
[629191553078064301136517788904853512452066388084892907687640426992505129603365 0 0 1 0 0 0 0 0 0 0 0 0 0 0 0 0 0 0 0 0 0 0 0 0 0]
[741865604491308081412400679932337767131420126379716402714107050355769876078063 0 0 0 1 0 0 0 0 0 0 0 0 0 0 0 0 0 0 0 0 0 0 0 0 0]
[837795360121722199870040413528914214251334832717304013127424741981809285485816 0 0 0 0 1 0 0 0 0 0 0 0 0 0 0 0 0 0 0 0 0 0 0 0 0]
[351751618061412728890235194670954502202972479371285919520040070149693692729531 0 0 0 0 0 1 0 0 0 0 0 0 0 0 0 0 0 0 0 0 0 0 0 0 0]
[1441243319225356806379411509845047157455794605165685397084419439423807370179052 0 0 0 0 0 0 1 0 0 0 0 0 0 0 0 0 0 0 0 0 0 0 0 0 0]
[124730163856271605299111044538488458062200401842074670926973992981592772196773 0 0 0 0 0 0 0 1 0 0 0 0 0 0 0 0 0 0 0 0 0 0 0 0 0]
[1378509920363637373500245143545476440653131096167352233470827657679701851192775 0 0 0 0 0 0 0 0 1 0 0 0 0 0 0 0 0 0 0 0 0 0 0 0 0]
[1148105267920216942754120061493532205316878607918178848240248413877518870638790 0 0 0 0 0 0 0 0 0 1 0 0 0 0 0 0 0 0 0 0 0 0 0 0 0]
[1719291410578195385512056530256968772709045227638637270811067083295001828510759 0 0 0 0 0 0 0 0 0 0 1 0 0 0 0 0 0 0 0 0 0 0 0 0 0]
[83401727501665761378297654196515042957793397795163730288216447298983790408727 0 0 0 0 0 0 0 0 0 0 0 1 0 0 0 0 0 0 0 0 0 0 0 0 0]
[1441549383259183839341475963522316519961546446781042262280679977867574969547993 0 0 0 0 0 0 0 0 0 0 0 0 1 0 0 0 0 0 0 0 0 0 0 0 0]
[358690688429337144757678336629187970854266181959758370380690167063345992031028 0 0 0 0 0 0 0 0 0 0 0 0 0 1 0 0 0 0 0 0 0 0 0 0 0]
[1338335500043055400398584766451135505728332086447715897208108660148243292462688 0 0 0 0 0 0 0 0 0 0 0 0 0 0 1 0 0 0 0 0 0 0 0 0 0]
[672908100710936100490832712854596370663306281903144121589618047341702304785443 0 0 0 0 0 0 0 0 0 0 0 0 0 0 0 1 0 0 0 0 0 0 0 0 0]
[1141398098319432016668864138891886305557026710048158540954692766925669960550177 0 0 0 0 0 0 0 0 0 0 0 0 0 0 0 0 1 0 0 0 0 0 0 0 0]
[65639248459794487156069253797024091297772686245858957359158400442033094137761 0 0 0 0 0 0 0 0 0 0 0 0 0 0 0 0 0 1 0 0 0 0 0 0 0]
[614538568501323485357027248938430611804967785279786281467458147935814586821995 0 0 0 0 0 0 0 0 0 0 0 0 0 0 0 0 0 0 1 0 0 0 0 0 0]
[821335701907404252396196829352750316044636285560261244523682465613019797094314 0 0 0 0 0 0 0 0 0 0 0 0 0 0 0 0 0 0 0 1 0 0 0 0 0]
[210363644627942249615084455782546785347934784332751478909614796515887520680058 0 0 0 0 0 0 0 0 0 0 0 0 0 0 0 0 0 0 0 0 1 0 0 0 0]
[31470493141962953098851140492971901654145999477431631615035199506760940125114 0 0 0 0 0 0 0 0 0 0 0 0 0 0 0 0 0 0 0 0 0 1 0 0 0]
[1619280969756738649182197850115727433346242351026542882219970689789082174586398 0 0 0 0 0 0 0 0 0 0 0 0 0 0 0 0 0 0 0 0 0 0 1 0 0]
[99741615276563050865003743338570560621889507980919122478520807743489642668464 0 0 0 0 0 0 0 0 0 0 0 0 0 0 0 0 0 0 0 0 0 0 0 1 0]
[452988077914037836275955382566769449069517339918467073746342967705029903424529 0 0 0 0 0 0 0 0 0 0 0 0 0 0 0 0 0 0 0 0 0 0 0 0 1]
]
