[[1477026326575533986637242954011538651007881141576671811150675839639436620526863 0 0 0 0 0 0 0 0 0 0 0 0 0 0 0 0 0 0 0 0 0 0 0 0 0]
[132928640006817053352547565289688830150009254940618769812699384337046261602966 1 0 0 0 0 0 0 0 0 0 0 0 0 0 0 0 0 0 0 0 0 0 0 0 0]
[1438852571709770215706225822113870841935620558092186436262617114251073563652396 0 1 0 0 0 0 0 0 0 0 0 0 0 0 0 0 0 0 0 0 0 0 0 0 0]
[1053247446054260396574433238873908203075689325726071965438869689028069309950346 0 0 1 0 0 0 0 0 0 0 0 0 0 0 0 0 0 0 0 0 0 0 0 0 0]
[1086326193810440193031730960235327874099455963915172763590465756101012260991746 0 0 0 1 0 0 0 0 0 0 0 0 0 0 0 0 0 0 0 0 0 0 0 0 0]
[453632857259570994710295352790612081385787494949251174759813460328199993821296 0 0 0 0 1 0 0 0 0 0 0 0 0 0 0 0 0 0 0 0 0 0 0 0 0]
[506214406847736129307935477870968135125630544284996152690626066956842856310730 0 0 0 0 0 1 0 0 0 0 0 0 0 0 0 0 0 0 0 0 0 0 0 0 0]
[442319920255029021054290097405993570137125716922215500019430049771715963001655 0 0 0 0 0 0 1 0 0 0 0 0 0 0 0 0 0 0 0 0 0 0 0 0 0]
[1259550629604482720602125167535922354322226195691808562498152862373457680662640 0 0 0 0 0 0 0 1 0 0 0 0 0 0 0 0 0 0 0 0 0 0 0 0 0]
[1169137165236400131282676521704716752536899322677545270346778040266589752567202 0 0 0 0 0 0 0 0 1 0 0 0 0 0 0 0 0 0 0 0 0 0 0 0 0]
[793962186657215619708320218212696808781487447127779587634600914783496901917219 0 0 0 0 0 0 0 0 0 1 0 0 0 0 0 0 0 0 0 0 0 0 0 0 0]
[1343726775750944741737217431752278763539679524066558442307816676270781273070309 0 0 0 0 0 0 0 0 0 0 1 0 0 0 0 0 0 0 0 0 0 0 0 0 0]
[102394273765576704072192969945567460449782287694349200121663051523554316815339 0 0 0 0 0 0 0 0 0 0 0 1 0 0 0 0 0 0 0 0 0 0 0 0 0]
[238352844685964092354286135389426093723070640743668417315982783126196965521025 0 0 0 0 0 0 0 0 0 0 0 0 1 0 0 0 0 0 0 0 0 0 0 0 0]
[680665233902649758450530797465718760268237476521397986515119737177171594568770 0 0 0 0 0 0 0 0 0 0 0 0 0 1 0 0 0 0 0 0 0 0 0 0 0]
[949972632802001000912459602243161514906301638253497794172732116048842430426997 0 0 0 0 0 0 0 0 0 0 0 0 0 0 1 0 0 0 0 0 0 0 0 0 0]
[1158648650667472471077025216438721611024227786605277088050131321076907366418949 0 0 0 0 0 0 0 0 0 0 0 0 0 0 0 1 0 0 0 0 0 0 0 0 0]
[966415640032766216452316435615245101183688752019231618993772249534196310418592 0 0 0 0 0 0 0 0 0 0 0 0 0 0 0 0 1 0 0 0 0 0 0 0 0]
[515982642020994492698831573327818103124090153467362592278586587487093253364212 0 0 0 0 0 0 0 0 0 0 0 0 0 0 0 0 0 1 0 0 0 0 0 0 0]
[961299826053769074731396976320854966240163643748244673180283322282522149093351 0 0 0 0 0 0 0 0 0 0 0 0 0 0 0 0 0 0 1 0 0 0 0 0 0]
[199935937004295784785388324772216590908643745239461630532737309346226238416509 0 0 0 0 0 0 0 0 0 0 0 0 0 0 0 0 0 0 0 1 0 0 0 0 0]
[830448100997096042705897573176232657230705833385440238752852250971631461707427 0 0 0 0 0 0 0 0 0 0 0 0 0 0 0 0 0 0 0 0 1 0 0 0 0]
[288876441882093122416874287422842621302492169301506268869664183871713637259227 0 0 0 0 0 0 0 0 0 0 0 0 0 0 0 0 0 0 0 0 0 1 0 0 0]
[739961293784287820153790591232288395800634636212724768201214199913862999630521 0 0 0 0 0 0 0 0 0 0 0 0 0 0 0 0 0 0 0 0 0 0 1 0 0]
[59046687843589934936185513984842139567821012575953212372304670464093036213389 0 0 0 0 0 0 0 0 0 0 0 0 0 0 0 0 0 0 0 0 0 0 0 1 0]
[805032410598233364373432808505849700058811376325309555228282778762719397109589 0 0 0 0 0 0 0 0 0 0 0 0 0 0 0 0 0 0 0 0 0 0 0 0 1]
]
