[[1335474764550243494324316516869730608112611597732090015213798852969697647983201 0 0 0 0 0 0 0 0 0 0 0 0 0 0 0 0 0 0 0 0 0 0 0 0 0]
[812209386594658623354762919117596540599119334834965283179292972868907644769129 1 0 0 0 0 0 0 0 0 0 0 0 0 0 0 0 0 0 0 0 0 0 0 0 0]
[71699392751615836186875731162044680353169672787794726177676714921630834637949 0 1 0 0 0 0 0 0 0 0 0 0 0 0 0 0 0 0 0 0 0 0 0 0 0]
[1062273588932902098950648941683369581784325588000992614115075653847053283614207 0 0 1 0 0 0 0 0 0 0 0 0 0 0 0 0 0 0 0 0 0 0 0 0 0]
[718347564100907554323101512555568384129791870616596858041981249692696269752100 0 0 0 1 0 0 0 0 0 0 0 0 0 0 0 0 0 0 0 0 0 0 0 0 0]
[1072291320676844646145896862818393593996878582153881542619391380337695090802835 0 0 0 0 1 0 0 0 0 0 0 0 0 0 0 0 0 0 0 0 0 0 0 0 0]
[710239745046900523788067186224494972119638106731272608519482433983049111763100 0 0 0 0 0 1 0 0 0 0 0 0 0 0 0 0 0 0 0 0 0 0 0 0 0]
[68339347240042201409551786771649081139092089407882629484406537787943274275776 0 0 0 0 0 0 1 0 0 0 0 0 0 0 0 0 0 0 0 0 0 0 0 0 0]
[559030269304090215944585072591379097307009719375084202356555046652098367133854 0 0 0 0 0 0 0 1 0 0 0 0 0 0 0 0 0 0 0 0 0 0 0 0 0]
[636108766555646767788937958179826646794166539988764362250887108258065988202969 0 0 0 0 0 0 0 0 1 0 0 0 0 0 0 0 0 0 0 0 0 0 0 0 0]
[856226173753366462529148343506988005379483182044822333562426419332300969122882 0 0 0 0 0 0 0 0 0 1 0 0 0 0 0 0 0 0 0 0 0 0 0 0 0]
[648221903740855718932205934221329210920903144648334837325211805663239743712852 0 0 0 0 0 0 0 0 0 0 1 0 0 0 0 0 0 0 0 0 0 0 0 0 0]
[767334732227126593170619605111279459279115570211073777060744767711448672299885 0 0 0 0 0 0 0 0 0 0 0 1 0 0 0 0 0 0 0 0 0 0 0 0 0]
[675232515798842667275019847799106053598611335597788745704498770022520544449544 0 0 0 0 0 0 0 0 0 0 0 0 1 0 0 0 0 0 0 0 0 0 0 0 0]
[401276363653458214304369530094609917344956475227140380582276234749522565092283 0 0 0 0 0 0 0 0 0 0 0 0 0 1 0 0 0 0 0 0 0 0 0 0 0]
[329472694952227870019752776085163941108936465368734577284479202052653733241815 0 0 0 0 0 0 0 0 0 0 0 0 0 0 1 0 0 0 0 0 0 0 0 0 0]
[1151185171556208189735492430176922558971892049333753838587921047800699866045634 0 0 0 0 0 0 0 0 0 0 0 0 0 0 0 1 0 0 0 0 0 0 0 0 0]
[1133540425049693588893889251506766527744216366991339935437910689437219561665772 0 0 0 0 0 0 0 0 0 0 0 0 0 0 0 0 1 0 0 0 0 0 0 0 0]
[1316828250565529722554629397474010366149293866463894296912999577212631225163805 0 0 0 0 0 0 0 0 0 0 0 0 0 0 0 0 0 1 0 0 0 0 0 0 0]
[1111289358773655014587963916593818431957120848021903874623633682206438325370254 0 0 0 0 0 0 0 0 0 0 0 0 0 0 0 0 0 0 1 0 0 0 0 0 0]
[96463806310353964893708325895590136876345824687716410859863785650308634747726 0 0 0 0 0 0 0 0 0 0 0 0 0 0 0 0 0 0 0 1 0 0 0 0 0]
[590971292515692099869458071535927127813872898982321319962044669739278604277564 0 0 0 0 0 0 0 0 0 0 0 0 0 0 0 0 0 0 0 0 1 0 0 0 0]
[1303103014305228640894426450212504667424091065978949390051881214849144359523396 0 0 0 0 0 0 0 0 0 0 0 0 0 0 0 0 0 0 0 0 0 1 0 0 0]
[1149140468590526874760293580135859007301710075513805395167682591361098941209938 0 0 0 0 0 0 0 0 0 0 0 0 0 0 0 0 0 0 0 0 0 0 1 0 0]
[231332913266165042527738688853467345380062963837651900136504876173014812928174 0 0 0 0 0 0 0 0 0 0 0 0 0 0 0 0 0 0 0 0 0 0 0 1 0]
[898391577137321125278221210932365989465410362600831602864485693915824339143836 0 0 0 0 0 0 0 0 0 0 0 0 0 0 0 0 0 0 0 0 0 0 0 0 1]
]
