[[1346388819958858665864595401407276434017272692004891459278848311830953886479673 0 0 0 0 0 0 0 0 0 0 0 0 0 0 0 0 0 0 0 0 0 0 0 0 0]
[107892792652588967833088587673844547029367944226861096947516915955240282889089 1 0 0 0 0 0 0 0 0 0 0 0 0 0 0 0 0 0 0 0 0 0 0 0 0]
[580061570739931397304158058397229479712656337804387726987961761107181813508094 0 1 0 0 0 0 0 0 0 0 0 0 0 0 0 0 0 0 0 0 0 0 0 0 0]
[711295269473088140918141594408877369488601016076972082801110679469355373841910 0 0 1 0 0 0 0 0 0 0 0 0 0 0 0 0 0 0 0 0 0 0 0 0 0]
[2285660502377931035948533980756572602468285673738602494801981598333826104983 0 0 0 1 0 0 0 0 0 0 0 0 0 0 0 0 0 0 0 0 0 0 0 0 0]
[636948149226836315918638609242955305857738474461608634926136467656366436876670 0 0 0 0 1 0 0 0 0 0 0 0 0 0 0 0 0 0 0 0 0 0 0 0 0]
[1089166616538691151392273514437082830191157663686950930954146165260796070340660 0 0 0 0 0 1 0 0 0 0 0 0 0 0 0 0 0 0 0 0 0 0 0 0 0]
[418533214494096676111965154608379747649159630711703343181807966522824368675297 0 0 0 0 0 0 1 0 0 0 0 0 0 0 0 0 0 0 0 0 0 0 0 0 0]
[634645804459510436069915183774795874058978148864863121067648093214771732518579 0 0 0 0 0 0 0 1 0 0 0 0 0 0 0 0 0 0 0 0 0 0 0 0 0]
[669257455545879424106460715111432462553622506256050555685719051648554171949894 0 0 0 0 0 0 0 0 1 0 0 0 0 0 0 0 0 0 0 0 0 0 0 0 0]
[131513744356953664690235925940709339351141615605731128931092559753684708598240 0 0 0 0 0 0 0 0 0 1 0 0 0 0 0 0 0 0 0 0 0 0 0 0 0]
[475534343547313432897633139476033822827696213838098511516910719653866871034975 0 0 0 0 0 0 0 0 0 0 1 0 0 0 0 0 0 0 0 0 0 0 0 0 0]
[834705639482819036671242035450692035093946148891698170665448023304437453696983 0 0 0 0 0 0 0 0 0 0 0 1 0 0 0 0 0 0 0 0 0 0 0 0 0]
[882766555946986783880240955407071376439333100668342258151382483395329672588459 0 0 0 0 0 0 0 0 0 0 0 0 1 0 0 0 0 0 0 0 0 0 0 0 0]
[138688804068048304178688496338604276568508886643114844710442176225758229759293 0 0 0 0 0 0 0 0 0 0 0 0 0 1 0 0 0 0 0 0 0 0 0 0 0]
[1183122089277469372918046024053583936746798247083342992263426351974598289157643 0 0 0 0 0 0 0 0 0 0 0 0 0 0 1 0 0 0 0 0 0 0 0 0 0]
[74112549543630400024096832229953877702136058779881298801340744479533776726639 0 0 0 0 0 0 0 0 0 0 0 0 0 0 0 1 0 0 0 0 0 0 0 0 0]
[1267170339704161113722184978863567169991971832551751931267964828933740934361176 0 0 0 0 0 0 0 0 0 0 0 0 0 0 0 0 1 0 0 0 0 0 0 0 0]
[678232303697434013031095441389016035427647226493104484345891980111188269227831 0 0 0 0 0 0 0 0 0 0 0 0 0 0 0 0 0 1 0 0 0 0 0 0 0]
[306145122655933111826965151641771434059048963431998399138945500091824627887902 0 0 0 0 0 0 0 0 0 0 0 0 0 0 0 0 0 0 1 0 0 0 0 0 0]
[668877673382086036628480349076239926074909723882697802384762858281107837115932 0 0 0 0 0 0 0 0 0 0 0 0 0 0 0 0 0 0 0 1 0 0 0 0 0]
[686486011237963105091448291064920225295530047316962951426998071615775418143015 0 0 0 0 0 0 0 0 0 0 0 0 0 0 0 0 0 0 0 0 1 0 0 0 0]
[1273774531893535572470531794071283534185361739257921524422767120488232905825232 0 0 0 0 0 0 0 0 0 0 0 0 0 0 0 0 0 0 0 0 0 1 0 0 0]
[169961692946725773829546045422319641080129777922114460224733568201569604553172 0 0 0 0 0 0 0 0 0 0 0 0 0 0 0 0 0 0 0 0 0 0 1 0 0]
[1006102656653678471079588957916753380621976392229970219810719795902902938099240 0 0 0 0 0 0 0 0 0 0 0 0 0 0 0 0 0 0 0 0 0 0 0 1 0]
[1168983024462667554831703897187548595926725661156956174143434932010053450886805 0 0 0 0 0 0 0 0 0 0 0 0 0 0 0 0 0 0 0 0 0 0 0 0 1]
]
