[[1275976735813401634201235512206392780218235849626028350963011883155820130261293 0 0 0 0 0 0 0 0 0 0 0 0 0 0 0 0 0 0 0 0 0 0 0 0 0]
[239173601339441790423669580379138999051870926384291796706123314100145538636410 1 0 0 0 0 0 0 0 0 0 0 0 0 0 0 0 0 0 0 0 0 0 0 0 0]
[719282929687318135747440843457389501013990590771996121144615820084244221948761 0 1 0 0 0 0 0 0 0 0 0 0 0 0 0 0 0 0 0 0 0 0 0 0 0]
[609297120497601642165669621125150289393757357740790641700943560452425917210788 0 0 1 0 0 0 0 0 0 0 0 0 0 0 0 0 0 0 0 0 0 0 0 0 0]
[702776380550790084233599137243928524985971377062548426272886248770611982748600 0 0 0 1 0 0 0 0 0 0 0 0 0 0 0 0 0 0 0 0 0 0 0 0 0]
[279496428083318245697147066460901873120945097978172780042004285965416185543737 0 0 0 0 1 0 0 0 0 0 0 0 0 0 0 0 0 0 0 0 0 0 0 0 0]
[191201928009386487405599681256999775757666536449207303740707438930299624769728 0 0 0 0 0 1 0 0 0 0 0 0 0 0 0 0 0 0 0 0 0 0 0 0 0]
[1068424611604589445881148861326775047380828360158114598872223426448169779173772 0 0 0 0 0 0 1 0 0 0 0 0 0 0 0 0 0 0 0 0 0 0 0 0 0]
[551160508643518858671985431736793983172652384047796299947483501579223363294584 0 0 0 0 0 0 0 1 0 0 0 0 0 0 0 0 0 0 0 0 0 0 0 0 0]
[30416459942098149013474733691986278619159739754381184402698885292983361367907 0 0 0 0 0 0 0 0 1 0 0 0 0 0 0 0 0 0 0 0 0 0 0 0 0]
[1017698527649143651135394456104763285270436713937357545485556822889323758391676 0 0 0 0 0 0 0 0 0 1 0 0 0 0 0 0 0 0 0 0 0 0 0 0 0]
[137788295748571929360972961064822544562141346508980469826156474695246656699429 0 0 0 0 0 0 0 0 0 0 1 0 0 0 0 0 0 0 0 0 0 0 0 0 0]
[931879594629392234140746392631807763862211330935057654046811446028148993776169 0 0 0 0 0 0 0 0 0 0 0 1 0 0 0 0 0 0 0 0 0 0 0 0 0]
[1243635564285469029284429719314594327788194902705745847050869972330172186419720 0 0 0 0 0 0 0 0 0 0 0 0 1 0 0 0 0 0 0 0 0 0 0 0 0]
[531103570105027155811636118204499928137001351513402375144749759638459258359919 0 0 0 0 0 0 0 0 0 0 0 0 0 1 0 0 0 0 0 0 0 0 0 0 0]
[261288388595328910122163956868879246941533165209334077450138870873825533006146 0 0 0 0 0 0 0 0 0 0 0 0 0 0 1 0 0 0 0 0 0 0 0 0 0]
[949610432181650354546155801577189804978731752034527658059008723731887918188688 0 0 0 0 0 0 0 0 0 0 0 0 0 0 0 1 0 0 0 0 0 0 0 0 0]
[1258156357951932241039163324520207501610519055609679516280568118642130842690222 0 0 0 0 0 0 0 0 0 0 0 0 0 0 0 0 1 0 0 0 0 0 0 0 0]
[1192917824742236026305293736595944548291786638155009286729277409712980703621317 0 0 0 0 0 0 0 0 0 0 0 0 0 0 0 0 0 1 0 0 0 0 0 0 0]
[1265419898587332053219282834780723088578783033407871693739451910161943906543274 0 0 0 0 0 0 0 0 0 0 0 0 0 0 0 0 0 0 1 0 0 0 0 0 0]
[174913328170205163091014574257749001932059552827368068536752368896141420369334 0 0 0 0 0 0 0 0 0 0 0 0 0 0 0 0 0 0 0 1 0 0 0 0 0]
[717149882142273767340533263085072466272787671971310322290740034309883786225822 0 0 0 0 0 0 0 0 0 0 0 0 0 0 0 0 0 0 0 0 1 0 0 0 0]
[609509109202424051598406903875440337555945088681697268968319522244366141384966 0 0 0 0 0 0 0 0 0 0 0 0 0 0 0 0 0 0 0 0 0 1 0 0 0]
[280458576503680788742793573204472810115155464224215421750591593051275638800466 0 0 0 0 0 0 0 0 0 0 0 0 0 0 0 0 0 0 0 0 0 0 1 0 0]
[58952717548733224579948021479908438443408303340174810903539789875694067493395 0 0 0 0 0 0 0 0 0 0 0 0 0 0 0 0 0 0 0 0 0 0 0 1 0]
[776728683098146229863238856687387072880470985786217138249208570278817866540073 0 0 0 0 0 0 0 0 0 0 0 0 0 0 0 0 0 0 0 0 0 0 0 0 1]
]
