[[1543093354854260240878257329268706978529428239628088409227160019889320236988621 0 0 0 0 0 0 0 0 0 0 0 0 0 0 0 0 0 0 0 0 0 0 0 0 0]
[1081560193092566534526926500714382213234857680945643575189841595668415794673184 1 0 0 0 0 0 0 0 0 0 0 0 0 0 0 0 0 0 0 0 0 0 0 0 0]
[1221790790076715501351314198491038282814227317660421462016119124694743038318585 0 1 0 0 0 0 0 0 0 0 0 0 0 0 0 0 0 0 0 0 0 0 0 0 0]
[620801827363869490615647127143662708554159780680253269517592619484589270801533 0 0 1 0 0 0 0 0 0 0 0 0 0 0 0 0 0 0 0 0 0 0 0 0 0]
[1480185039722832743043289206992398529685195790969468072023214029946736561826022 0 0 0 1 0 0 0 0 0 0 0 0 0 0 0 0 0 0 0 0 0 0 0 0 0]
[146767688484499715620085900697850108480118560527817924542976328640491938403478 0 0 0 0 1 0 0 0 0 0 0 0 0 0 0 0 0 0 0 0 0 0 0 0 0]
[387770855177817154971225293535523607476378681970748055999012956852272460571966 0 0 0 0 0 1 0 0 0 0 0 0 0 0 0 0 0 0 0 0 0 0 0 0 0]
[843465829257043306631824755200788070240960076486064249648625042622948058649297 0 0 0 0 0 0 1 0 0 0 0 0 0 0 0 0 0 0 0 0 0 0 0 0 0]
[1167373594576022126967009566770805681977827118017053151260760286816347926709341 0 0 0 0 0 0 0 1 0 0 0 0 0 0 0 0 0 0 0 0 0 0 0 0 0]
[888251231321250064724673708976100439964861229016202781623792156793244321271530 0 0 0 0 0 0 0 0 1 0 0 0 0 0 0 0 0 0 0 0 0 0 0 0 0]
[526322864154090155040540224851659293718608935888882947147843333693841195199371 0 0 0 0 0 0 0 0 0 1 0 0 0 0 0 0 0 0 0 0 0 0 0 0 0]
[1021603289149749972528232331388615730284462430857930520810247820586780239249707 0 0 0 0 0 0 0 0 0 0 1 0 0 0 0 0 0 0 0 0 0 0 0 0 0]
[1327993915460820245501758393011369618463696001093892384171061108314286052037702 0 0 0 0 0 0 0 0 0 0 0 1 0 0 0 0 0 0 0 0 0 0 0 0 0]
[667818738939430557165437876855611932839927084987832117096908114197026827846113 0 0 0 0 0 0 0 0 0 0 0 0 1 0 0 0 0 0 0 0 0 0 0 0 0]
[400710958231301168348664279430353593670470356362532672698972271723723919653111 0 0 0 0 0 0 0 0 0 0 0 0 0 1 0 0 0 0 0 0 0 0 0 0 0]
[1266578792943645014041949278880751681553137352133985703110823312801115732823389 0 0 0 0 0 0 0 0 0 0 0 0 0 0 1 0 0 0 0 0 0 0 0 0 0]
[1501828808984728339500203552015932461237859348037051898183782525387773050594519 0 0 0 0 0 0 0 0 0 0 0 0 0 0 0 1 0 0 0 0 0 0 0 0 0]
[225616272591315532121406219519375311309274878147092839540642148183067398719941 0 0 0 0 0 0 0 0 0 0 0 0 0 0 0 0 1 0 0 0 0 0 0 0 0]
[1241894705390812640081841686901546515010491529008573240656103426413912472413706 0 0 0 0 0 0 0 0 0 0 0 0 0 0 0 0 0 1 0 0 0 0 0 0 0]
[1485521817573928460819554406643188705484953159507503155151903757013037967392936 0 0 0 0 0 0 0 0 0 0 0 0 0 0 0 0 0 0 1 0 0 0 0 0 0]
[530768800732376253593551292721455977985309897113175820609229322526893138894882 0 0 0 0 0 0 0 0 0 0 0 0 0 0 0 0 0 0 0 1 0 0 0 0 0]
[1275383575404755947576035783292005174279961664464377713075165541000564951570297 0 0 0 0 0 0 0 0 0 0 0 0 0 0 0 0 0 0 0 0 1 0 0 0 0]
[547835932280221367484771383691321703466326792791230860385418853521688647361106 0 0 0 0 0 0 0 0 0 0 0 0 0 0 0 0 0 0 0 0 0 1 0 0 0]
[1414551935350794202776017934395394768485315508585267553017672216595725669844930 0 0 0 0 0 0 0 0 0 0 0 0 0 0 0 0 0 0 0 0 0 0 1 0 0]
[1211688296209770199466590040178850645545439190849497646317208282943678399579655 0 0 0 0 0 0 0 0 0 0 0 0 0 0 0 0 0 0 0 0 0 0 0 1 0]
[501009927125007848852839353966361384608395326214209201878704615693447516047831 0 0 0 0 0 0 0 0 0 0 0 0 0 0 0 0 0 0 0 0 0 0 0 0 1]
]
