[[962094195747088174878750289712967199095018789231718227741235511319370340550409 0 0 0 0 0 0 0 0 0 0 0 0 0 0 0 0 0 0 0 0 0 0 0 0 0]
[900052242906280521105176300502618452208958173871798959007411436025733049406054 1 0 0 0 0 0 0 0 0 0 0 0 0 0 0 0 0 0 0 0 0 0 0 0 0]
[603206857658050281851989906694744520415674771196003654296614396531538224523941 0 1 0 0 0 0 0 0 0 0 0 0 0 0 0 0 0 0 0 0 0 0 0 0 0]
[923872102091546981449943737756769856400544979261108311553467478009534437015559 0 0 1 0 0 0 0 0 0 0 0 0 0 0 0 0 0 0 0 0 0 0 0 0 0]
[746566368134452398335776100632335719544260421479263749383899930119107641741685 0 0 0 1 0 0 0 0 0 0 0 0 0 0 0 0 0 0 0 0 0 0 0 0 0]
[743514396072027103964409137729912355858326546510129521685026786824883616748839 0 0 0 0 1 0 0 0 0 0 0 0 0 0 0 0 0 0 0 0 0 0 0 0 0]
[8737563890757975990771864525709895400856053116886509400444549664469190481050 0 0 0 0 0 1 0 0 0 0 0 0 0 0 0 0 0 0 0 0 0 0 0 0 0]
[191974131782547562290233081255362037361431524976602832272153415498024852140112 0 0 0 0 0 0 1 0 0 0 0 0 0 0 0 0 0 0 0 0 0 0 0 0 0]
[505733392949907951989909079560008243723999195404078749825097208456914798725423 0 0 0 0 0 0 0 1 0 0 0 0 0 0 0 0 0 0 0 0 0 0 0 0 0]
[41841035143906459327793370559476527877643965212840973338281642862230684888905 0 0 0 0 0 0 0 0 1 0 0 0 0 0 0 0 0 0 0 0 0 0 0 0 0]
[661389984845515448161483125304606212535619218037291185676221961208982946548478 0 0 0 0 0 0 0 0 0 1 0 0 0 0 0 0 0 0 0 0 0 0 0 0 0]
[328531152576846213393974340604006785668265750730133615135662788414138787730514 0 0 0 0 0 0 0 0 0 0 1 0 0 0 0 0 0 0 0 0 0 0 0 0 0]
[672833491188819890279614874458649255768078068207846294446810167127487764186980 0 0 0 0 0 0 0 0 0 0 0 1 0 0 0 0 0 0 0 0 0 0 0 0 0]
[848523321209380325159459624556387517929013693512201705819447308192913720217264 0 0 0 0 0 0 0 0 0 0 0 0 1 0 0 0 0 0 0 0 0 0 0 0 0]
[230196698374474610116423975974721669772286739916481248598562579727579806555549 0 0 0 0 0 0 0 0 0 0 0 0 0 1 0 0 0 0 0 0 0 0 0 0 0]
[388837992091588412107413952315446001699786623310665308437689609210141463719168 0 0 0 0 0 0 0 0 0 0 0 0 0 0 1 0 0 0 0 0 0 0 0 0 0]
[860150225121256007249892069156860457630739758269306004835741568111790359474088 0 0 0 0 0 0 0 0 0 0 0 0 0 0 0 1 0 0 0 0 0 0 0 0 0]
[659448710883314303742565491105070934925129588728888242473396870467839952831509 0 0 0 0 0 0 0 0 0 0 0 0 0 0 0 0 1 0 0 0 0 0 0 0 0]
[88179520917049689964715921362952546986604318861443055855455422538732907429936 0 0 0 0 0 0 0 0 0 0 0 0 0 0 0 0 0 1 0 0 0 0 0 0 0]
[153761019968853475898555426083230176504133176820567257249214065895700129836621 0 0 0 0 0 0 0 0 0 0 0 0 0 0 0 0 0 0 1 0 0 0 0 0 0]
[204235969121533946150392000318867954400504967224476759982976824198378281566742 0 0 0 0 0 0 0 0 0 0 0 0 0 0 0 0 0 0 0 1 0 0 0 0 0]
[948436010191968554801326523728936825974351353921336242618853426668900450679686 0 0 0 0 0 0 0 0 0 0 0 0 0 0 0 0 0 0 0 0 1 0 0 0 0]
[551350048885930266594412016143471706316720986283906443819069962165213541238548 0 0 0 0 0 0 0 0 0 0 0 0 0 0 0 0 0 0 0 0 0 1 0 0 0]
[204972382420126207160431261573268938668731417613702497128323340432559003473658 0 0 0 0 0 0 0 0 0 0 0 0 0 0 0 0 0 0 0 0 0 0 1 0 0]
[471011001268543461285594579334458614408726152824892004334453303138419526726652 0 0 0 0 0 0 0 0 0 0 0 0 0 0 0 0 0 0 0 0 0 0 0 1 0]
[846790560682922934803623220021197017847960208435917075977780634322581607618428 0 0 0 0 0 0 0 0 0 0 0 0 0 0 0 0 0 0 0 0 0 0 0 0 1]
]
