[[1767727429924548432917345790920943031309277336506602260982808144558803873181147 0 0 0 0 0 0 0 0 0 0 0 0 0 0 0 0 0 0 0 0 0 0 0 0 0]
[863632802204101875535510308215522655519525013120820669328834160359683143974116 1 0 0 0 0 0 0 0 0 0 0 0 0 0 0 0 0 0 0 0 0 0 0 0 0]
[350211000082411660560532745468274594858001643865143177979161664832253257639108 0 1 0 0 0 0 0 0 0 0 0 0 0 0 0 0 0 0 0 0 0 0 0 0 0]
[1681550692236298523090054139598415816482386636906459780998593677526112302111852 0 0 1 0 0 0 0 0 0 0 0 0 0 0 0 0 0 0 0 0 0 0 0 0 0]
[1156792180629931572226269975606791429616918901569177892425685856368883320293481 0 0 0 1 0 0 0 0 0 0 0 0 0 0 0 0 0 0 0 0 0 0 0 0 0]
[1091744990823958260322742686536189535561515198440052788776250707459020948450483 0 0 0 0 1 0 0 0 0 0 0 0 0 0 0 0 0 0 0 0 0 0 0 0 0]
[1250219562660078021648984741274108962019000741421153566473865599741732983552802 0 0 0 0 0 1 0 0 0 0 0 0 0 0 0 0 0 0 0 0 0 0 0 0 0]
[1421089138665767030099791561819614548335931834799877146625696255543574387993228 0 0 0 0 0 0 1 0 0 0 0 0 0 0 0 0 0 0 0 0 0 0 0 0 0]
[916805445677262954535937163528288227919544971904389292912178613820264593837085 0 0 0 0 0 0 0 1 0 0 0 0 0 0 0 0 0 0 0 0 0 0 0 0 0]
[616360187833122246548611925963132824639487548986898157801035126281675550711285 0 0 0 0 0 0 0 0 1 0 0 0 0 0 0 0 0 0 0 0 0 0 0 0 0]
[273400312617048149859821773546951595328285603047145826250911032962701754426576 0 0 0 0 0 0 0 0 0 1 0 0 0 0 0 0 0 0 0 0 0 0 0 0 0]
[994292856870949863073353743200898997284491100364315694181258139534580514402091 0 0 0 0 0 0 0 0 0 0 1 0 0 0 0 0 0 0 0 0 0 0 0 0 0]
[1100295889681424724332062672762054630667781546486738102652982524489975692964200 0 0 0 0 0 0 0 0 0 0 0 1 0 0 0 0 0 0 0 0 0 0 0 0 0]
[368463966245076954366555162932829231477544205912402303548743804188084043669399 0 0 0 0 0 0 0 0 0 0 0 0 1 0 0 0 0 0 0 0 0 0 0 0 0]
[215323846342587745681690882659217990636551321064639373082222803718974548139603 0 0 0 0 0 0 0 0 0 0 0 0 0 1 0 0 0 0 0 0 0 0 0 0 0]
[1217039007057279205341532441496007212110226768487601392420600259833421429436169 0 0 0 0 0 0 0 0 0 0 0 0 0 0 1 0 0 0 0 0 0 0 0 0 0]
[1325320146658863017380624702390352441569129366905079047113324290192289337798293 0 0 0 0 0 0 0 0 0 0 0 0 0 0 0 1 0 0 0 0 0 0 0 0 0]
[1265920616877400718732148127393408736293111168789643631502197765445398733158035 0 0 0 0 0 0 0 0 0 0 0 0 0 0 0 0 1 0 0 0 0 0 0 0 0]
[622496924718550839543416758992905694748420495284435828897578620389978913534312 0 0 0 0 0 0 0 0 0 0 0 0 0 0 0 0 0 1 0 0 0 0 0 0 0]
[34924592102045748101902637707286644929153946432788891976664062413823630954226 0 0 0 0 0 0 0 0 0 0 0 0 0 0 0 0 0 0 1 0 0 0 0 0 0]
[223344197938586844345679401040977263134787922208573050629459980674237393440355 0 0 0 0 0 0 0 0 0 0 0 0 0 0 0 0 0 0 0 1 0 0 0 0 0]
[830213822592664275437690247194817305635526183515221161450357195846348048185852 0 0 0 0 0 0 0 0 0 0 0 0 0 0 0 0 0 0 0 0 1 0 0 0 0]
[1737917252750959088786847086028187696866572626191721052811985344883754298622298 0 0 0 0 0 0 0 0 0 0 0 0 0 0 0 0 0 0 0 0 0 1 0 0 0]
[1690948756337069158716829882034445772654520985115781340935024416433473949487643 0 0 0 0 0 0 0 0 0 0 0 0 0 0 0 0 0 0 0 0 0 0 1 0 0]
[1264346236585300266311989561113954551198834924668581235087147704164916880144631 0 0 0 0 0 0 0 0 0 0 0 0 0 0 0 0 0 0 0 0 0 0 0 1 0]
[978399953914231643250999749901082125671939017598530426091671320330159132916525 0 0 0 0 0 0 0 0 0 0 0 0 0 0 0 0 0 0 0 0 0 0 0 0 1]
]
