[[1797138082631701536116075835567224876322796878840191165703909542131617756424993 0 0 0 0 0 0 0 0 0 0 0 0 0 0 0 0 0 0 0 0 0 0 0 0 0]
[891516520501931381585030521189837837810022192766929749269129476230104698408866 1 0 0 0 0 0 0 0 0 0 0 0 0 0 0 0 0 0 0 0 0 0 0 0 0]
[1716333295988699306707496491626332093764078532917697670610902297627996420076380 0 1 0 0 0 0 0 0 0 0 0 0 0 0 0 0 0 0 0 0 0 0 0 0 0]
[984698789021222546603922997909394342898124757430349482626908343631967865094921 0 0 1 0 0 0 0 0 0 0 0 0 0 0 0 0 0 0 0 0 0 0 0 0 0]
[1549247850867262704764363378900685342798296022156872145941130032514918545155247 0 0 0 1 0 0 0 0 0 0 0 0 0 0 0 0 0 0 0 0 0 0 0 0 0]
[32564081051159921270796802869002176260786376742873682626018355311181246968459 0 0 0 0 1 0 0 0 0 0 0 0 0 0 0 0 0 0 0 0 0 0 0 0 0]
[1075115816919090360828980299659247720975833187033598057941917359153447706579511 0 0 0 0 0 1 0 0 0 0 0 0 0 0 0 0 0 0 0 0 0 0 0 0 0]
[1455524182095428958883210187335998695230131107253089037957888403839737617325167 0 0 0 0 0 0 1 0 0 0 0 0 0 0 0 0 0 0 0 0 0 0 0 0 0]
[1784188545308668034727610022076921598679001062798317612608675853568979762479005 0 0 0 0 0 0 0 1 0 0 0 0 0 0 0 0 0 0 0 0 0 0 0 0 0]
[1016410689519878922277609425032488634294397718089322352699792192192452582602824 0 0 0 0 0 0 0 0 1 0 0 0 0 0 0 0 0 0 0 0 0 0 0 0 0]
[167345422228926695516663685724811205501691385849957111366562000336404648283327 0 0 0 0 0 0 0 0 0 1 0 0 0 0 0 0 0 0 0 0 0 0 0 0 0]
[1696990263261831666860135991741059516639263806399383401882434592555847865490508 0 0 0 0 0 0 0 0 0 0 1 0 0 0 0 0 0 0 0 0 0 0 0 0 0]
[603517578184714613115321346241532112540324244608019443544144478054363117407403 0 0 0 0 0 0 0 0 0 0 0 1 0 0 0 0 0 0 0 0 0 0 0 0 0]
[576867003166595444234675411613895483652019050347830564585461611797717799492439 0 0 0 0 0 0 0 0 0 0 0 0 1 0 0 0 0 0 0 0 0 0 0 0 0]
[301510282307256950192399000931268729486383414114954501457944936686389828242528 0 0 0 0 0 0 0 0 0 0 0 0 0 1 0 0 0 0 0 0 0 0 0 0 0]
[1277897791211471605036253029926050796791132017182544837660884617920981765118343 0 0 0 0 0 0 0 0 0 0 0 0 0 0 1 0 0 0 0 0 0 0 0 0 0]
[525008045208615164026150424580695867817633853194791487620718364249545392418380 0 0 0 0 0 0 0 0 0 0 0 0 0 0 0 1 0 0 0 0 0 0 0 0 0]
[1656197053671760490317484652191394732208508336908712303143237663602917481356764 0 0 0 0 0 0 0 0 0 0 0 0 0 0 0 0 1 0 0 0 0 0 0 0 0]
[1742561192507900167633261611389592721632153930927987794999340709028256893678490 0 0 0 0 0 0 0 0 0 0 0 0 0 0 0 0 0 1 0 0 0 0 0 0 0]
[718737697779484027709737443600317462503313496944678997040832018080952573967720 0 0 0 0 0 0 0 0 0 0 0 0 0 0 0 0 0 0 1 0 0 0 0 0 0]
[1077353346993168700483166742095342491647070451409749087359056948677815594224280 0 0 0 0 0 0 0 0 0 0 0 0 0 0 0 0 0 0 0 1 0 0 0 0 0]
[1695799134229907172389252996005364276594768336191483330968868852084421582351742 0 0 0 0 0 0 0 0 0 0 0 0 0 0 0 0 0 0 0 0 1 0 0 0 0]
[479925245584424293607359287306437176756157026649281025421920359442844895340520 0 0 0 0 0 0 0 0 0 0 0 0 0 0 0 0 0 0 0 0 0 1 0 0 0]
[1726637935233810638505073968714253627095568141472922866530041947406251726460396 0 0 0 0 0 0 0 0 0 0 0 0 0 0 0 0 0 0 0 0 0 0 1 0 0]
[1049599644247389502651040933327648981986878894991481621578105437801079261740975 0 0 0 0 0 0 0 0 0 0 0 0 0 0 0 0 0 0 0 0 0 0 0 1 0]
[256267984888570910657028898311706534943831962613806114650631289327629668828452 0 0 0 0 0 0 0 0 0 0 0 0 0 0 0 0 0 0 0 0 0 0 0 0 1]
]
