[[1512760777389115175544302785377698956380953654140295075441317149926061698399503 0 0 0 0 0 0 0 0 0 0 0 0 0 0 0 0 0 0 0 0 0 0 0 0 0]
[1028245719647880860389074110660692549458238155338774150685046677454871876757209 1 0 0 0 0 0 0 0 0 0 0 0 0 0 0 0 0 0 0 0 0 0 0 0 0]
[703235822407004582158774907058337781623069751994143703320037215696557584337722 0 1 0 0 0 0 0 0 0 0 0 0 0 0 0 0 0 0 0 0 0 0 0 0 0]
[93751055618675404951445204638222993003086687649825807349774913155540855993587 0 0 1 0 0 0 0 0 0 0 0 0 0 0 0 0 0 0 0 0 0 0 0 0 0]
[683196784099366673039996814941346480115236071394048796518662503170232037346991 0 0 0 1 0 0 0 0 0 0 0 0 0 0 0 0 0 0 0 0 0 0 0 0 0]
[1380560886675293772978869784260282120670895993752876103827968419768261426256584 0 0 0 0 1 0 0 0 0 0 0 0 0 0 0 0 0 0 0 0 0 0 0 0 0]
[1497086447879346169802284983894982295896253255723083403683780189953002917950794 0 0 0 0 0 1 0 0 0 0 0 0 0 0 0 0 0 0 0 0 0 0 0 0 0]
[1060061961505587229056275909001227430904110628401338223974818329366253071934425 0 0 0 0 0 0 1 0 0 0 0 0 0 0 0 0 0 0 0 0 0 0 0 0 0]
[391494555912023823061551407265959948112467276811735306211283306625886729306430 0 0 0 0 0 0 0 1 0 0 0 0 0 0 0 0 0 0 0 0 0 0 0 0 0]
[1391242551053695791378192856879185672941413129761222185990058635070388904617461 0 0 0 0 0 0 0 0 1 0 0 0 0 0 0 0 0 0 0 0 0 0 0 0 0]
[1130927309820346641397740379299476909704510830024914616415002758406518804751955 0 0 0 0 0 0 0 0 0 1 0 0 0 0 0 0 0 0 0 0 0 0 0 0 0]
[1017660014310966593634831680675264074218953552752215258973782832264267538959513 0 0 0 0 0 0 0 0 0 0 1 0 0 0 0 0 0 0 0 0 0 0 0 0 0]
[267789875119326811584546475907036241943776729099582885393639601948601878252205 0 0 0 0 0 0 0 0 0 0 0 1 0 0 0 0 0 0 0 0 0 0 0 0 0]
[733610980748378441039895015218240857213337083540391043947764421651992848940448 0 0 0 0 0 0 0 0 0 0 0 0 1 0 0 0 0 0 0 0 0 0 0 0 0]
[235573434767840433800287488400908219312228551610360511660089444577026903671261 0 0 0 0 0 0 0 0 0 0 0 0 0 1 0 0 0 0 0 0 0 0 0 0 0]
[1476105217068681601455721766423472998415257047895682683262506449551907462967081 0 0 0 0 0 0 0 0 0 0 0 0 0 0 1 0 0 0 0 0 0 0 0 0 0]
[1321625254667720291659589304746246066832204932673531970952637228029285671831183 0 0 0 0 0 0 0 0 0 0 0 0 0 0 0 1 0 0 0 0 0 0 0 0 0]
[665896702847627678148378951893185421390311475225913326779626746987994183386783 0 0 0 0 0 0 0 0 0 0 0 0 0 0 0 0 1 0 0 0 0 0 0 0 0]
[372861652426433549877425969827513984887350928780031347045136853000094938421461 0 0 0 0 0 0 0 0 0 0 0 0 0 0 0 0 0 1 0 0 0 0 0 0 0]
[388955684314358513031167038611389196284972702229657463349642970356501427811206 0 0 0 0 0 0 0 0 0 0 0 0 0 0 0 0 0 0 1 0 0 0 0 0 0]
[671322403322060783746015801773996621293934766097770080777478626143963590646852 0 0 0 0 0 0 0 0 0 0 0 0 0 0 0 0 0 0 0 1 0 0 0 0 0]
[1330528991451993345131866108225619788472507196147400859766293508814285867693072 0 0 0 0 0 0 0 0 0 0 0 0 0 0 0 0 0 0 0 0 1 0 0 0 0]
[506636325682566026398957914153848711791416901374122254975811695970103565036962 0 0 0 0 0 0 0 0 0 0 0 0 0 0 0 0 0 0 0 0 0 1 0 0 0]
[638893911167810075207385397055239044335884911806954380216632230518686118669869 0 0 0 0 0 0 0 0 0 0 0 0 0 0 0 0 0 0 0 0 0 0 1 0 0]
[1170816933109347924226885607568592480658938000875498016839838524670539601864482 0 0 0 0 0 0 0 0 0 0 0 0 0 0 0 0 0 0 0 0 0 0 0 1 0]
[1081328154909024996418406535722182295487606368357644315015804271115692605355614 0 0 0 0 0 0 0 0 0 0 0 0 0 0 0 0 0 0 0 0 0 0 0 0 1]
]
