[[1221101605057803039957291732165123745125432176108565515381976772082259081543841 0 0 0 0 0 0 0 0 0 0 0 0 0 0 0 0 0 0 0 0 0 0 0 0 0]
[485054561517626955531588167593182359788647215084518506639356233517248470580034 1 0 0 0 0 0 0 0 0 0 0 0 0 0 0 0 0 0 0 0 0 0 0 0 0]
[492334458852260815926746336753224313822511905249324231391893121898377213607150 0 1 0 0 0 0 0 0 0 0 0 0 0 0 0 0 0 0 0 0 0 0 0 0 0]
[693400360719441139863086376718719742454162566549998932304852852425157960352534 0 0 1 0 0 0 0 0 0 0 0 0 0 0 0 0 0 0 0 0 0 0 0 0 0]
[795865649944878494243473442424046263854594377075287741298069714769790394528613 0 0 0 1 0 0 0 0 0 0 0 0 0 0 0 0 0 0 0 0 0 0 0 0 0]
[1209750712848960072195876050288802707289169909917070310359956665111757270421906 0 0 0 0 1 0 0 0 0 0 0 0 0 0 0 0 0 0 0 0 0 0 0 0 0]
[1057033428173108306220707099211327585484187963900421283799018974808815211484473 0 0 0 0 0 1 0 0 0 0 0 0 0 0 0 0 0 0 0 0 0 0 0 0 0]
[114277538962483875009611135702473172410576537163114701576318102246714247033822 0 0 0 0 0 0 1 0 0 0 0 0 0 0 0 0 0 0 0 0 0 0 0 0 0]
[1080015444050511621261706342316840932505314286996145155235447555554969330637163 0 0 0 0 0 0 0 1 0 0 0 0 0 0 0 0 0 0 0 0 0 0 0 0 0]
[924840407399689108439269750807030483358530456283606180787515554417775766687988 0 0 0 0 0 0 0 0 1 0 0 0 0 0 0 0 0 0 0 0 0 0 0 0 0]
[479018808618068210469034953233480487576330245645997031046267916189849999532308 0 0 0 0 0 0 0 0 0 1 0 0 0 0 0 0 0 0 0 0 0 0 0 0 0]
[180205404631351204685157124005404853017094029059373256129853192834162681926786 0 0 0 0 0 0 0 0 0 0 1 0 0 0 0 0 0 0 0 0 0 0 0 0 0]
[177580963122024919371843726490699930257230809471338679935328042210596518254284 0 0 0 0 0 0 0 0 0 0 0 1 0 0 0 0 0 0 0 0 0 0 0 0 0]
[163144005516619596895086185326658840539335844450737020437029785806502996355211 0 0 0 0 0 0 0 0 0 0 0 0 1 0 0 0 0 0 0 0 0 0 0 0 0]
[46287153192592426103036031783225811787989063743835869531288792583538626705106 0 0 0 0 0 0 0 0 0 0 0 0 0 1 0 0 0 0 0 0 0 0 0 0 0]
[152877363811505116503656622835116304803743490616260556548878883679669825757402 0 0 0 0 0 0 0 0 0 0 0 0 0 0 1 0 0 0 0 0 0 0 0 0 0]
[310431101596221684279006191865222522668930671217639384264445576151942454545643 0 0 0 0 0 0 0 0 0 0 0 0 0 0 0 1 0 0 0 0 0 0 0 0 0]
[900282283412089267008793734950664239378222818595199290141993295274643420572395 0 0 0 0 0 0 0 0 0 0 0 0 0 0 0 0 1 0 0 0 0 0 0 0 0]
[1115381742786404320282545446034434529165690800753520709190195902094360850036293 0 0 0 0 0 0 0 0 0 0 0 0 0 0 0 0 0 1 0 0 0 0 0 0 0]
[1216768529998385627574809422477334806787989541501042611084037090308805328379149 0 0 0 0 0 0 0 0 0 0 0 0 0 0 0 0 0 0 1 0 0 0 0 0 0]
[1079826020891862832024115584223472731380592139293010766027504597023953145957717 0 0 0 0 0 0 0 0 0 0 0 0 0 0 0 0 0 0 0 1 0 0 0 0 0]
[528769980013585793497195660209414419111897385209820016260445354396300023729795 0 0 0 0 0 0 0 0 0 0 0 0 0 0 0 0 0 0 0 0 1 0 0 0 0]
[7246328466836587031019880169890449865336677413007240312028079093564509907345 0 0 0 0 0 0 0 0 0 0 0 0 0 0 0 0 0 0 0 0 0 1 0 0 0]
[1166583546683663850850974896431247444355499592763162605086468233115834514407981 0 0 0 0 0 0 0 0 0 0 0 0 0 0 0 0 0 0 0 0 0 0 1 0 0]
[4168862432544980655147035841606451320725587627313460700564033811246163175864 0 0 0 0 0 0 0 0 0 0 0 0 0 0 0 0 0 0 0 0 0 0 0 1 0]
[428382226795121245283307512284003123284137654703965875379759681934331040975070 0 0 0 0 0 0 0 0 0 0 0 0 0 0 0 0 0 0 0 0 0 0 0 0 1]
]
