[[1135541299852085882579302534742710388443727311315423657925167240820504516879927 0 0 0 0 0 0 0 0 0 0 0 0 0 0 0 0 0 0 0 0 0 0 0 0 0]
[548439924327868785679252081263971938964857926398379082306294731806982205567390 1 0 0 0 0 0 0 0 0 0 0 0 0 0 0 0 0 0 0 0 0 0 0 0 0]
[697720489466002876521706726041837328115654532831300397308566783866224772599728 0 1 0 0 0 0 0 0 0 0 0 0 0 0 0 0 0 0 0 0 0 0 0 0 0]
[318937492681777076408464096770483052397927694840498591072299451980222907169172 0 0 1 0 0 0 0 0 0 0 0 0 0 0 0 0 0 0 0 0 0 0 0 0 0]
[718103477497870081471314396707715781139757803532920834773911042190443613477340 0 0 0 1 0 0 0 0 0 0 0 0 0 0 0 0 0 0 0 0 0 0 0 0 0]
[851281146456998755481195455278127447714124316467617915494628928302169965096752 0 0 0 0 1 0 0 0 0 0 0 0 0 0 0 0 0 0 0 0 0 0 0 0 0]
[449838611399244747346506493730948406449937230464574879107110983405907414724857 0 0 0 0 0 1 0 0 0 0 0 0 0 0 0 0 0 0 0 0 0 0 0 0 0]
[993154005799652285989676445945369610401315317267453466440615113621844694157634 0 0 0 0 0 0 1 0 0 0 0 0 0 0 0 0 0 0 0 0 0 0 0 0 0]
[458810861876055445942619831240842600106088231600641184308662657414561937035240 0 0 0 0 0 0 0 1 0 0 0 0 0 0 0 0 0 0 0 0 0 0 0 0 0]
[820855824512666599914092333352421358534317833868478695758728880862600090982015 0 0 0 0 0 0 0 0 1 0 0 0 0 0 0 0 0 0 0 0 0 0 0 0 0]
[516254063454763505249697883052813349187571883672401338955582516931890869005753 0 0 0 0 0 0 0 0 0 1 0 0 0 0 0 0 0 0 0 0 0 0 0 0 0]
[715227832437093414614175909352403796842725869289928298944201139576679620866990 0 0 0 0 0 0 0 0 0 0 1 0 0 0 0 0 0 0 0 0 0 0 0 0 0]
[351889594707110335179513964869199774783383363111935128359239505905507137500273 0 0 0 0 0 0 0 0 0 0 0 1 0 0 0 0 0 0 0 0 0 0 0 0 0]
[165265641543833024765534527291158923369375322547790571372959019783625846059491 0 0 0 0 0 0 0 0 0 0 0 0 1 0 0 0 0 0 0 0 0 0 0 0 0]
[687388025906513321373228971941439181728182457558718286060277378169059683355436 0 0 0 0 0 0 0 0 0 0 0 0 0 1 0 0 0 0 0 0 0 0 0 0 0]
[1182739862512665553053373781033050512804942798701784324180566741323327103575 0 0 0 0 0 0 0 0 0 0 0 0 0 0 1 0 0 0 0 0 0 0 0 0 0]
[627215174912447652982957932144738265854731389512775214084772639801396337506321 0 0 0 0 0 0 0 0 0 0 0 0 0 0 0 1 0 0 0 0 0 0 0 0 0]
[981895126829115930318685075944205939642553254989712948682256478147343759265097 0 0 0 0 0 0 0 0 0 0 0 0 0 0 0 0 1 0 0 0 0 0 0 0 0]
[941478153493499740968141652168007666581394338020575099899275954557721693054133 0 0 0 0 0 0 0 0 0 0 0 0 0 0 0 0 0 1 0 0 0 0 0 0 0]
[560438242352723614882395274456587769006176091412271769722128425542922513110795 0 0 0 0 0 0 0 0 0 0 0 0 0 0 0 0 0 0 1 0 0 0 0 0 0]
[290729223246746004647496459150768833308258312080497105200659256376706095465895 0 0 0 0 0 0 0 0 0 0 0 0 0 0 0 0 0 0 0 1 0 0 0 0 0]
[471398238815714604162061345901438382483042062108520990810343857414977555824860 0 0 0 0 0 0 0 0 0 0 0 0 0 0 0 0 0 0 0 0 1 0 0 0 0]
[1133224894620985079027997380668981456941096604940764785521356441567990810143764 0 0 0 0 0 0 0 0 0 0 0 0 0 0 0 0 0 0 0 0 0 1 0 0 0]
[454629395760638245242534463834619607298469998091109621620831570617276225709241 0 0 0 0 0 0 0 0 0 0 0 0 0 0 0 0 0 0 0 0 0 0 1 0 0]
[273690775292528592240111130099353513536215393926111595819645511489671187092836 0 0 0 0 0 0 0 0 0 0 0 0 0 0 0 0 0 0 0 0 0 0 0 1 0]
[344139245599881651021591613196397697111429526334862898616014417380057125145647 0 0 0 0 0 0 0 0 0 0 0 0 0 0 0 0 0 0 0 0 0 0 0 0 1]
]
