[[1607207340216992995897800658205197713667555820508419114024370272798801282082013 0 0 0 0 0 0 0 0 0 0 0 0 0 0 0 0 0 0 0 0 0 0 0 0 0]
[862566900856492980520036636129297344186693746527710408460636694962032858742685 1 0 0 0 0 0 0 0 0 0 0 0 0 0 0 0 0 0 0 0 0 0 0 0 0]
[755216322238239867659910473527738451236097855255447580695828523614467683066448 0 1 0 0 0 0 0 0 0 0 0 0 0 0 0 0 0 0 0 0 0 0 0 0 0]
[100650057071655647364807183514470807688835492238353073676361163654363654624643 0 0 1 0 0 0 0 0 0 0 0 0 0 0 0 0 0 0 0 0 0 0 0 0 0]
[1433146014788195732053181168177532083327523147356594870375752352121120498195163 0 0 0 1 0 0 0 0 0 0 0 0 0 0 0 0 0 0 0 0 0 0 0 0 0]
[899028092386180421182798253342300996110657390398543910552581230888322446605222 0 0 0 0 1 0 0 0 0 0 0 0 0 0 0 0 0 0 0 0 0 0 0 0 0]
[1493706361374132564183789733534222801193587082014087352629574523052847382911382 0 0 0 0 0 1 0 0 0 0 0 0 0 0 0 0 0 0 0 0 0 0 0 0 0]
[16105252789113683396632916080427606764480483385168245708308637412766011979615 0 0 0 0 0 0 1 0 0 0 0 0 0 0 0 0 0 0 0 0 0 0 0 0 0]
[1576157715549139186379143047617769462153166664503958297450723605919606040011843 0 0 0 0 0 0 0 1 0 0 0 0 0 0 0 0 0 0 0 0 0 0 0 0 0]
[690039719830517746825935542322245939505862047855973811061739489838320354773852 0 0 0 0 0 0 0 0 1 0 0 0 0 0 0 0 0 0 0 0 0 0 0 0 0]
[335545282476990305644883003815343162884970789865482580499407345677360182045365 0 0 0 0 0 0 0 0 0 1 0 0 0 0 0 0 0 0 0 0 0 0 0 0 0]
[969172657265820154114683678798523717144710641430412539737633587916921694896912 0 0 0 0 0 0 0 0 0 0 1 0 0 0 0 0 0 0 0 0 0 0 0 0 0]
[532418649662623390722692924126552372750607338561826862242999795859335833991440 0 0 0 0 0 0 0 0 0 0 0 1 0 0 0 0 0 0 0 0 0 0 0 0 0]
[575032402583923606724823818639431003856192562932619914338886158589996420657822 0 0 0 0 0 0 0 0 0 0 0 0 1 0 0 0 0 0 0 0 0 0 0 0 0]
[898082465095038617496137825481808650362426345844237931678040635207078796472599 0 0 0 0 0 0 0 0 0 0 0 0 0 1 0 0 0 0 0 0 0 0 0 0 0]
[967403509276532488894772071553116414897716193100959204115194745866101854037159 0 0 0 0 0 0 0 0 0 0 0 0 0 0 1 0 0 0 0 0 0 0 0 0 0]
[1012593285136451326986029242269354836933698427865736069742028152093685720588820 0 0 0 0 0 0 0 0 0 0 0 0 0 0 0 1 0 0 0 0 0 0 0 0 0]
[465310366195712488718994777085210693741771160527796166507602374098373034016529 0 0 0 0 0 0 0 0 0 0 0 0 0 0 0 0 1 0 0 0 0 0 0 0 0]
[78546497299362339158933504760930871825621581664174621156694930032296453311334 0 0 0 0 0 0 0 0 0 0 0 0 0 0 0 0 0 1 0 0 0 0 0 0 0]
[1049032873778189227185202277608889213057519666329694124124317949333941446773536 0 0 0 0 0 0 0 0 0 0 0 0 0 0 0 0 0 0 1 0 0 0 0 0 0]
[100513141725558747185831675368199490522290289557661342273384126435467518112687 0 0 0 0 0 0 0 0 0 0 0 0 0 0 0 0 0 0 0 1 0 0 0 0 0]
[889156981513035049048081001534573104489280520185529602757713972657421638264808 0 0 0 0 0 0 0 0 0 0 0 0 0 0 0 0 0 0 0 0 1 0 0 0 0]
[1370019867883541203787793287799374464152449712245609786129040781701362786661955 0 0 0 0 0 0 0 0 0 0 0 0 0 0 0 0 0 0 0 0 0 1 0 0 0]
[1579902088568888384230824316596623224184031334475659320013026341276113075534976 0 0 0 0 0 0 0 0 0 0 0 0 0 0 0 0 0 0 0 0 0 0 1 0 0]
[1486732465482782886902406673291202344907470371316926207557791759734622114504684 0 0 0 0 0 0 0 0 0 0 0 0 0 0 0 0 0 0 0 0 0 0 0 1 0]
[287273377488054239486803007496182071611794612244754419663884880356608505719477 0 0 0 0 0 0 0 0 0 0 0 0 0 0 0 0 0 0 0 0 0 0 0 0 1]
]
