[[1288368817329805625022335695203517803522551788494897360252023256734983112661061 0 0 0 0 0 0 0 0 0 0 0 0 0 0 0 0 0 0 0 0 0 0 0 0 0]
[315463983877242575418125239162516601739572558263181339668091627960051433515005 1 0 0 0 0 0 0 0 0 0 0 0 0 0 0 0 0 0 0 0 0 0 0 0 0]
[907471730957107460423389562732346096973483104248946413536097938431013094209786 0 1 0 0 0 0 0 0 0 0 0 0 0 0 0 0 0 0 0 0 0 0 0 0 0]
[339678016800415659692777848370142259771985558217704100473417883418115997220746 0 0 1 0 0 0 0 0 0 0 0 0 0 0 0 0 0 0 0 0 0 0 0 0 0]
[580236325071915778706582877622217991628659738279027426539843131301443882101841 0 0 0 1 0 0 0 0 0 0 0 0 0 0 0 0 0 0 0 0 0 0 0 0 0]
[958050172500490777792642814463181157418864302440197883485408460657195479927560 0 0 0 0 1 0 0 0 0 0 0 0 0 0 0 0 0 0 0 0 0 0 0 0 0]
[432766315829565379086238316142155206013660064389205452917507474262388390584778 0 0 0 0 0 1 0 0 0 0 0 0 0 0 0 0 0 0 0 0 0 0 0 0 0]
[919632491651532057335145818528041734484385134449202647399549111411369969036111 0 0 0 0 0 0 1 0 0 0 0 0 0 0 0 0 0 0 0 0 0 0 0 0 0]
[983086509380132473128373825321547202005926306898920423256717329247421837831427 0 0 0 0 0 0 0 1 0 0 0 0 0 0 0 0 0 0 0 0 0 0 0 0 0]
[593933238466041532056414448749123752928769777026412101163083737995961385181248 0 0 0 0 0 0 0 0 1 0 0 0 0 0 0 0 0 0 0 0 0 0 0 0 0]
[392700579797831059163826091001002922798420916205009518340194747634239087875914 0 0 0 0 0 0 0 0 0 1 0 0 0 0 0 0 0 0 0 0 0 0 0 0 0]
[694966108378723916786993911132780744603251219780441882306299287821511410365417 0 0 0 0 0 0 0 0 0 0 1 0 0 0 0 0 0 0 0 0 0 0 0 0 0]
[944112473212238085387266179111493669432360034890690769599344824744906164652928 0 0 0 0 0 0 0 0 0 0 0 1 0 0 0 0 0 0 0 0 0 0 0 0 0]
[80215153982976784501707923825916283664725919001772580800507610293272045235466 0 0 0 0 0 0 0 0 0 0 0 0 1 0 0 0 0 0 0 0 0 0 0 0 0]
[1266700723578012559971202417517073697793259531186048608994379748928242099377459 0 0 0 0 0 0 0 0 0 0 0 0 0 1 0 0 0 0 0 0 0 0 0 0 0]
[496861239880571252633462566797507648619903568730901544454191902003114658494001 0 0 0 0 0 0 0 0 0 0 0 0 0 0 1 0 0 0 0 0 0 0 0 0 0]
[802016497229013049328047611481168202260811340424317478850375233708479316810799 0 0 0 0 0 0 0 0 0 0 0 0 0 0 0 1 0 0 0 0 0 0 0 0 0]
[176139012015785049259338218980869352028464732270066696389935374877040538822058 0 0 0 0 0 0 0 0 0 0 0 0 0 0 0 0 1 0 0 0 0 0 0 0 0]
[492757625551598268444901290592423256869947984952263160060380800906073607483980 0 0 0 0 0 0 0 0 0 0 0 0 0 0 0 0 0 1 0 0 0 0 0 0 0]
[1108227669703804904367716987007655748775882818868502602625507864922802739765749 0 0 0 0 0 0 0 0 0 0 0 0 0 0 0 0 0 0 1 0 0 0 0 0 0]
[1265856936670846343371507926467587592100927421582398059885201037329615736448481 0 0 0 0 0 0 0 0 0 0 0 0 0 0 0 0 0 0 0 1 0 0 0 0 0]
[115809409200401310171382159970885685806406918201907672263921381135328453949015 0 0 0 0 0 0 0 0 0 0 0 0 0 0 0 0 0 0 0 0 1 0 0 0 0]
[808176703628007340610462775960030763514022561662605033701623740444132923211974 0 0 0 0 0 0 0 0 0 0 0 0 0 0 0 0 0 0 0 0 0 1 0 0 0]
[885031022150280690784341709718244702004114954259368687309138777711957627136793 0 0 0 0 0 0 0 0 0 0 0 0 0 0 0 0 0 0 0 0 0 0 1 0 0]
[692243932013211085911457264588231128496984314713412068907071170999481002209806 0 0 0 0 0 0 0 0 0 0 0 0 0 0 0 0 0 0 0 0 0 0 0 1 0]
[1050803722002088334439184553388677267742668064060986728340087697274534334712875 0 0 0 0 0 0 0 0 0 0 0 0 0 0 0 0 0 0 0 0 0 0 0 0 1]
]
