[[1546959247455373863251536251319324888220835906653254511911511531684812126853159 0 0 0 0 0 0 0 0 0 0 0 0 0 0 0 0 0 0 0 0 0 0 0 0 0]
[108899628320685193852356388786979310859695522676123904150200337964890627773092 1 0 0 0 0 0 0 0 0 0 0 0 0 0 0 0 0 0 0 0 0 0 0 0 0]
[946416985270680704144288560242925369738310005610442984528144332912632346976419 0 1 0 0 0 0 0 0 0 0 0 0 0 0 0 0 0 0 0 0 0 0 0 0 0]
[280282370580917472526688966997560076096396692175845937937029442254598550443425 0 0 1 0 0 0 0 0 0 0 0 0 0 0 0 0 0 0 0 0 0 0 0 0 0]
[987479120272907623830540209712419557357577638240628962068211548235466449833855 0 0 0 1 0 0 0 0 0 0 0 0 0 0 0 0 0 0 0 0 0 0 0 0 0]
[1152074585108688447775455135740359749777988405175309689820029686497537827206621 0 0 0 0 1 0 0 0 0 0 0 0 0 0 0 0 0 0 0 0 0 0 0 0 0]
[1091015671657525708432594320337128770216649578709151505715445512967129042613943 0 0 0 0 0 1 0 0 0 0 0 0 0 0 0 0 0 0 0 0 0 0 0 0 0]
[1367257606897885251650113107260962367005179652191553361421148319017301001491829 0 0 0 0 0 0 1 0 0 0 0 0 0 0 0 0 0 0 0 0 0 0 0 0 0]
[1390915982691624777359428770448707919203410714121911809667897480802650557241787 0 0 0 0 0 0 0 1 0 0 0 0 0 0 0 0 0 0 0 0 0 0 0 0 0]
[1018356071264925954139970121782697672274108015892630005018273404359221657156870 0 0 0 0 0 0 0 0 1 0 0 0 0 0 0 0 0 0 0 0 0 0 0 0 0]
[1531407883926992329224248838637394742463020272081604091674006603037211950022786 0 0 0 0 0 0 0 0 0 1 0 0 0 0 0 0 0 0 0 0 0 0 0 0 0]
[840671613882862524638167659144589292307010767645152408032468500111107301121177 0 0 0 0 0 0 0 0 0 0 1 0 0 0 0 0 0 0 0 0 0 0 0 0 0]
[184529003777624422057238107424812708777679693367970514039795252493729752674360 0 0 0 0 0 0 0 0 0 0 0 1 0 0 0 0 0 0 0 0 0 0 0 0 0]
[31327566320524974113746600638928007395144245570342954237225774558021564707383 0 0 0 0 0 0 0 0 0 0 0 0 1 0 0 0 0 0 0 0 0 0 0 0 0]
[1459360758222555106108556857494081121580865901619650058766534872214985315376292 0 0 0 0 0 0 0 0 0 0 0 0 0 1 0 0 0 0 0 0 0 0 0 0 0]
[46731653273575165899118084353856621452891721035981564430036898353410114010063 0 0 0 0 0 0 0 0 0 0 0 0 0 0 1 0 0 0 0 0 0 0 0 0 0]
[1108402852041620145830712656367404346873958099816290556575296737651359599783705 0 0 0 0 0 0 0 0 0 0 0 0 0 0 0 1 0 0 0 0 0 0 0 0 0]
[862398061770387059127928284547381127846035326293377358775076865278941781510456 0 0 0 0 0 0 0 0 0 0 0 0 0 0 0 0 1 0 0 0 0 0 0 0 0]
[1381817461592027047799682352361720204729829254515497243409479226496163789726628 0 0 0 0 0 0 0 0 0 0 0 0 0 0 0 0 0 1 0 0 0 0 0 0 0]
[34328459042126577115497098504668216924496888257315835875985630144859353392214 0 0 0 0 0 0 0 0 0 0 0 0 0 0 0 0 0 0 1 0 0 0 0 0 0]
[1096238161095616241151492083473493608148383579354297235653157598728071323188606 0 0 0 0 0 0 0 0 0 0 0 0 0 0 0 0 0 0 0 1 0 0 0 0 0]
[1430839220437260974939356532637967676877168180435184657860211637524024995906167 0 0 0 0 0 0 0 0 0 0 0 0 0 0 0 0 0 0 0 0 1 0 0 0 0]
[863681382079987506137720759270206878771866403239076440777200696551858921183595 0 0 0 0 0 0 0 0 0 0 0 0 0 0 0 0 0 0 0 0 0 1 0 0 0]
[35583593324962217059652007647622228965834686492919478389626366919170816628288 0 0 0 0 0 0 0 0 0 0 0 0 0 0 0 0 0 0 0 0 0 0 1 0 0]
[942250914101465430565159163546760544515173501589435497542203129378025049370019 0 0 0 0 0 0 0 0 0 0 0 0 0 0 0 0 0 0 0 0 0 0 0 1 0]
[1145696017833438585068696324136375622205055027596762501257826748626070659922377 0 0 0 0 0 0 0 0 0 0 0 0 0 0 0 0 0 0 0 0 0 0 0 0 1]
]
