[[1781605303913791527437623129784107396270080778432048014730532966998840241710829 0 0 0 0 0 0 0 0 0 0 0 0 0 0 0 0 0 0 0 0 0 0 0 0 0]
[892416320424729430401830547003357296928968176364713930425853662044058705051618 1 0 0 0 0 0 0 0 0 0 0 0 0 0 0 0 0 0 0 0 0 0 0 0 0]
[604313316942781694349288932059188378025475146834665442121111756236372813129744 0 1 0 0 0 0 0 0 0 0 0 0 0 0 0 0 0 0 0 0 0 0 0 0 0]
[317436985086108688277382576251055863625423707441316528754373071969777311883064 0 0 1 0 0 0 0 0 0 0 0 0 0 0 0 0 0 0 0 0 0 0 0 0 0]
[639179493731037470821212469149566711815719659200531576212537644577410383205320 0 0 0 1 0 0 0 0 0 0 0 0 0 0 0 0 0 0 0 0 0 0 0 0 0]
[577850100632279082826795960408021437607326360141689345960164780702185614696259 0 0 0 0 1 0 0 0 0 0 0 0 0 0 0 0 0 0 0 0 0 0 0 0 0]
[1399509917557113323087847072152976638296737013298771425857358750530239148538592 0 0 0 0 0 1 0 0 0 0 0 0 0 0 0 0 0 0 0 0 0 0 0 0 0]
[606037787788214985714115097896449571755046683073146002882879525299760931980729 0 0 0 0 0 0 1 0 0 0 0 0 0 0 0 0 0 0 0 0 0 0 0 0 0]
[71288702899142754524149437102083869605090642099642033142684273073586503725686 0 0 0 0 0 0 0 1 0 0 0 0 0 0 0 0 0 0 0 0 0 0 0 0 0]
[1479116265009144732060723439901772202614242711622235860194249077851799603384823 0 0 0 0 0 0 0 0 1 0 0 0 0 0 0 0 0 0 0 0 0 0 0 0 0]
[415472355181997873068095070150237500637164397576812383723922070014354869475361 0 0 0 0 0 0 0 0 0 1 0 0 0 0 0 0 0 0 0 0 0 0 0 0 0]
[767072102910394148850955104637623475805642617374800616656082800177548655457460 0 0 0 0 0 0 0 0 0 0 1 0 0 0 0 0 0 0 0 0 0 0 0 0 0]
[1182486062923372573183881645359777927271533547411750369876451072430880244345296 0 0 0 0 0 0 0 0 0 0 0 1 0 0 0 0 0 0 0 0 0 0 0 0 0]
[647297529826856075566143856447812917789204803376819395284846840604705826870031 0 0 0 0 0 0 0 0 0 0 0 0 1 0 0 0 0 0 0 0 0 0 0 0 0]
[965323835888947848450138365925621435384814734972045256211722300727793914843081 0 0 0 0 0 0 0 0 0 0 0 0 0 1 0 0 0 0 0 0 0 0 0 0 0]
[300718266764300347819856020708995600114143379347864837854788988792044564980450 0 0 0 0 0 0 0 0 0 0 0 0 0 0 1 0 0 0 0 0 0 0 0 0 0]
[698162187028929050901824370745724606554274796285518042409762780846293295211186 0 0 0 0 0 0 0 0 0 0 0 0 0 0 0 1 0 0 0 0 0 0 0 0 0]
[60079426618589654278790869027611877431710837762211886712227991561247496640912 0 0 0 0 0 0 0 0 0 0 0 0 0 0 0 0 1 0 0 0 0 0 0 0 0]
[701028077009108136935845946148601532599995129026476342282937829990277284572151 0 0 0 0 0 0 0 0 0 0 0 0 0 0 0 0 0 1 0 0 0 0 0 0 0]
[1382294230111656086064514937535371331838232866801160525374424342355952626744885 0 0 0 0 0 0 0 0 0 0 0 0 0 0 0 0 0 0 1 0 0 0 0 0 0]
[74786774089878432940401120596579922012706444091937603164471247767878372051213 0 0 0 0 0 0 0 0 0 0 0 0 0 0 0 0 0 0 0 1 0 0 0 0 0]
[1125394398121298206601128243681726016042807170217973797743251058074660716386906 0 0 0 0 0 0 0 0 0 0 0 0 0 0 0 0 0 0 0 0 1 0 0 0 0]
[1529599349326465758574598855819879255820780728659982424463235619881932151019684 0 0 0 0 0 0 0 0 0 0 0 0 0 0 0 0 0 0 0 0 0 1 0 0 0]
[186701284312219051526636910382134388207677986904859583135433453885150698455774 0 0 0 0 0 0 0 0 0 0 0 0 0 0 0 0 0 0 0 0 0 0 1 0 0]
[1194450962670755703853833962987412703349283075738167223107452045900131274048840 0 0 0 0 0 0 0 0 0 0 0 0 0 0 0 0 0 0 0 0 0 0 0 1 0]
[127253725001361739258613409343259000992868612394459678833346518933398595204379 0 0 0 0 0 0 0 0 0 0 0 0 0 0 0 0 0 0 0 0 0 0 0 0 1]
]
