[[1314895371792630886632486230636782254595054180155677954594511418549612098858793 0 0 0 0 0 0 0 0 0 0 0 0 0 0 0 0 0 0 0 0 0 0 0 0 0]
[113406549713586559962520102814753769173934378164870077162324870149805087908957 1 0 0 0 0 0 0 0 0 0 0 0 0 0 0 0 0 0 0 0 0 0 0 0 0]
[521800998441843299162343196901794705753267131827702915541850020655045097581007 0 1 0 0 0 0 0 0 0 0 0 0 0 0 0 0 0 0 0 0 0 0 0 0 0]
[795964270572795063941301064600566122171702009823236612350873482436084954865532 0 0 1 0 0 0 0 0 0 0 0 0 0 0 0 0 0 0 0 0 0 0 0 0 0]
[982813098032177428375682124539467586812328475693149709546086713532757902660704 0 0 0 1 0 0 0 0 0 0 0 0 0 0 0 0 0 0 0 0 0 0 0 0 0]
[20023648908716288915531659170286109671956870906785891113055604597773925508166 0 0 0 0 1 0 0 0 0 0 0 0 0 0 0 0 0 0 0 0 0 0 0 0 0]
[975932722791921236700080766530517324702001753700596825495972130403135986230431 0 0 0 0 0 1 0 0 0 0 0 0 0 0 0 0 0 0 0 0 0 0 0 0 0]
[611960767854650857154496612173313354606127251665510294395332465979396909925432 0 0 0 0 0 0 1 0 0 0 0 0 0 0 0 0 0 0 0 0 0 0 0 0 0]
[993619517485376671848382677256024277352192473623284588999574422842446029860534 0 0 0 0 0 0 0 1 0 0 0 0 0 0 0 0 0 0 0 0 0 0 0 0 0]
[623147005550698004712478431206742101603491364894347723650349375590980990895379 0 0 0 0 0 0 0 0 1 0 0 0 0 0 0 0 0 0 0 0 0 0 0 0 0]
[309751881835827283745857191761085515691603383247806559703932829072763128753859 0 0 0 0 0 0 0 0 0 1 0 0 0 0 0 0 0 0 0 0 0 0 0 0 0]
[614939692963520177592967531886853235509389827876904915762397823648527466716888 0 0 0 0 0 0 0 0 0 0 1 0 0 0 0 0 0 0 0 0 0 0 0 0 0]
[989510017512308979024564055948215678299991384885029442628743211360564190065820 0 0 0 0 0 0 0 0 0 0 0 1 0 0 0 0 0 0 0 0 0 0 0 0 0]
[309487759449034471279583208352601576324507539190457698342837994001945470245323 0 0 0 0 0 0 0 0 0 0 0 0 1 0 0 0 0 0 0 0 0 0 0 0 0]
[222705967933232015854917742026941782105876197474120589888345185596347259109433 0 0 0 0 0 0 0 0 0 0 0 0 0 1 0 0 0 0 0 0 0 0 0 0 0]
[629585182785665444411235963109481693441874268327692912914962468464308566644956 0 0 0 0 0 0 0 0 0 0 0 0 0 0 1 0 0 0 0 0 0 0 0 0 0]
[1185984503196755585080218867745257450750335858891270406053509808436748181738836 0 0 0 0 0 0 0 0 0 0 0 0 0 0 0 1 0 0 0 0 0 0 0 0 0]
[1024695696848408376527571772253565377499809180931824896558301681527118253088118 0 0 0 0 0 0 0 0 0 0 0 0 0 0 0 0 1 0 0 0 0 0 0 0 0]
[929465443461888009997812769720623252117911967155989056268247356518150744927703 0 0 0 0 0 0 0 0 0 0 0 0 0 0 0 0 0 1 0 0 0 0 0 0 0]
[426168142514738586486316153030603476496595332742234211031879774471952444622648 0 0 0 0 0 0 0 0 0 0 0 0 0 0 0 0 0 0 1 0 0 0 0 0 0]
[1294475573679910660673223272053202146334005005226065743455462462827821476314617 0 0 0 0 0 0 0 0 0 0 0 0 0 0 0 0 0 0 0 1 0 0 0 0 0]
[546423728830516633474281503767619975521890792507645280725215911627620160463175 0 0 0 0 0 0 0 0 0 0 0 0 0 0 0 0 0 0 0 0 1 0 0 0 0]
[172618276472195773740609811264697501037614913561293650420971857796203969055143 0 0 0 0 0 0 0 0 0 0 0 0 0 0 0 0 0 0 0 0 0 1 0 0 0]
[207198817393926159925474918184984287772030516743530883976240068262729326859697 0 0 0 0 0 0 0 0 0 0 0 0 0 0 0 0 0 0 0 0 0 0 1 0 0]
[266053897489461106856649090115646026118956280644319952082384619680997011570035 0 0 0 0 0 0 0 0 0 0 0 0 0 0 0 0 0 0 0 0 0 0 0 1 0]
[396819808743033949323499670076283109992526411542386519326645434084067557406618 0 0 0 0 0 0 0 0 0 0 0 0 0 0 0 0 0 0 0 0 0 0 0 0 1]
]
