[[1818105947161842045967337308576616767268927522324997049674237525693998677838503 0 0 0 0 0 0 0 0 0 0 0 0 0 0 0 0 0 0 0 0 0 0 0 0 0]
[1230874141398131050361662031559526144405737969102638823635709547856588941555450 1 0 0 0 0 0 0 0 0 0 0 0 0 0 0 0 0 0 0 0 0 0 0 0 0]
[609252029311461811219313070510898069695330010544186034253462468114024986165083 0 1 0 0 0 0 0 0 0 0 0 0 0 0 0 0 0 0 0 0 0 0 0 0 0]
[722740168887919218831535291566371599476229032742850909536938297090714010539428 0 0 1 0 0 0 0 0 0 0 0 0 0 0 0 0 0 0 0 0 0 0 0 0 0]
[1214780668308471486548296961110381485114225287934911856258977124167961285687177 0 0 0 1 0 0 0 0 0 0 0 0 0 0 0 0 0 0 0 0 0 0 0 0 0]
[827336304068173379167351517497881608635687586377486157877653086654459839537414 0 0 0 0 1 0 0 0 0 0 0 0 0 0 0 0 0 0 0 0 0 0 0 0 0]
[264253874664955895815950482217855340051944444890048841546802694141889420103678 0 0 0 0 0 1 0 0 0 0 0 0 0 0 0 0 0 0 0 0 0 0 0 0 0]
[311172910880674210730368827604178962412943016642826903450452030533368223243769 0 0 0 0 0 0 1 0 0 0 0 0 0 0 0 0 0 0 0 0 0 0 0 0 0]
[1101891195473424361398332062321729023299343679224871193293790955199647946307839 0 0 0 0 0 0 0 1 0 0 0 0 0 0 0 0 0 0 0 0 0 0 0 0 0]
[700753198266473004029184581337029723764537960176394894513158616986687185298918 0 0 0 0 0 0 0 0 1 0 0 0 0 0 0 0 0 0 0 0 0 0 0 0 0]
[143324568270678531242321891713262945547821443426039460665823541634304909884464 0 0 0 0 0 0 0 0 0 1 0 0 0 0 0 0 0 0 0 0 0 0 0 0 0]
[1601806836571129968284865807940519756963337605951594078052302240206559411860813 0 0 0 0 0 0 0 0 0 0 1 0 0 0 0 0 0 0 0 0 0 0 0 0 0]
[1411265373641474656934537597312922489757894213407425189236042221231710618257646 0 0 0 0 0 0 0 0 0 0 0 1 0 0 0 0 0 0 0 0 0 0 0 0 0]
[664671230864550861173471399737629977662107575678260680944008306370257028833246 0 0 0 0 0 0 0 0 0 0 0 0 1 0 0 0 0 0 0 0 0 0 0 0 0]
[479538938288594091713288251464908200530586662500173190604103384488909205527740 0 0 0 0 0 0 0 0 0 0 0 0 0 1 0 0 0 0 0 0 0 0 0 0 0]
[1815422666516708063697322546973169929735848256098041788495730525944455724615355 0 0 0 0 0 0 0 0 0 0 0 0 0 0 1 0 0 0 0 0 0 0 0 0 0]
[1117072205645716712190473449300622210374844124458281723911755016728335116289949 0 0 0 0 0 0 0 0 0 0 0 0 0 0 0 1 0 0 0 0 0 0 0 0 0]
[807753097284155163266530954308334189413439609969051535238337084307790281032623 0 0 0 0 0 0 0 0 0 0 0 0 0 0 0 0 1 0 0 0 0 0 0 0 0]
[990216839890920475940248703886056291427390160782828786213355215948439719232992 0 0 0 0 0 0 0 0 0 0 0 0 0 0 0 0 0 1 0 0 0 0 0 0 0]
[33356697125647817212112465065583714250557761068409523897362679209010084220153 0 0 0 0 0 0 0 0 0 0 0 0 0 0 0 0 0 0 1 0 0 0 0 0 0]
[1466290846782861081772032842428537603897281738588554471936182405241300116856309 0 0 0 0 0 0 0 0 0 0 0 0 0 0 0 0 0 0 0 1 0 0 0 0 0]
[301841608697783904477462148868025062850423539272215753912830231537870023182379 0 0 0 0 0 0 0 0 0 0 0 0 0 0 0 0 0 0 0 0 1 0 0 0 0]
[1161352905757736147631584671050002801365432477552937665409941385083848002111352 0 0 0 0 0 0 0 0 0 0 0 0 0 0 0 0 0 0 0 0 0 1 0 0 0]
[621027899199202171665623698985920867048068148766573209922269489808784356084954 0 0 0 0 0 0 0 0 0 0 0 0 0 0 0 0 0 0 0 0 0 0 1 0 0]
[806722466673611160740618275200793616833230274737460023403322434230831278257673 0 0 0 0 0 0 0 0 0 0 0 0 0 0 0 0 0 0 0 0 0 0 0 1 0]
[679674675348850472491693800293946517319437266084901947080596401884125089756222 0 0 0 0 0 0 0 0 0 0 0 0 0 0 0 0 0 0 0 0 0 0 0 0 1]
]
