[[1695553883794824659989440462605802858333326867677395449903315293230841564918129 0 0 0 0 0 0 0 0 0 0 0 0 0 0 0 0 0 0 0 0 0 0 0 0 0]
[1449602409474087130724043820198297841886054641042857021973946386099682114333358 1 0 0 0 0 0 0 0 0 0 0 0 0 0 0 0 0 0 0 0 0 0 0 0 0]
[383792679417091993934072071617861119384523479937787950720569199952309909820588 0 1 0 0 0 0 0 0 0 0 0 0 0 0 0 0 0 0 0 0 0 0 0 0 0]
[735619929096731490633065619867719214117908876809687014042531373527446237403293 0 0 1 0 0 0 0 0 0 0 0 0 0 0 0 0 0 0 0 0 0 0 0 0 0]
[1001986349934695757335222601915172207942292150451045563489017200280558796342701 0 0 0 1 0 0 0 0 0 0 0 0 0 0 0 0 0 0 0 0 0 0 0 0 0]
[884021553204251004459233186118292267655593411507575582579822283828989948530405 0 0 0 0 1 0 0 0 0 0 0 0 0 0 0 0 0 0 0 0 0 0 0 0 0]
[1289675128224861197777969843596365362594242742639281127504920832622215822833189 0 0 0 0 0 1 0 0 0 0 0 0 0 0 0 0 0 0 0 0 0 0 0 0 0]
[823350470718418362267587077687061031714949029729677625916309303878202358289057 0 0 0 0 0 0 1 0 0 0 0 0 0 0 0 0 0 0 0 0 0 0 0 0 0]
[420812349711788519614041529135677330413943722762596178207384024898428935896548 0 0 0 0 0 0 0 1 0 0 0 0 0 0 0 0 0 0 0 0 0 0 0 0 0]
[1142481423751781481751738221747580012087965575543910291677943603274719352560829 0 0 0 0 0 0 0 0 1 0 0 0 0 0 0 0 0 0 0 0 0 0 0 0 0]
[1381803032203668382674682200305669231664608121988892021284650978700000658033259 0 0 0 0 0 0 0 0 0 1 0 0 0 0 0 0 0 0 0 0 0 0 0 0 0]
[1151167437091973789513111078012615838013346427172639054253699957143777171084856 0 0 0 0 0 0 0 0 0 0 1 0 0 0 0 0 0 0 0 0 0 0 0 0 0]
[743893107344826493788719795854194683589646598128613775438111045757280615235453 0 0 0 0 0 0 0 0 0 0 0 1 0 0 0 0 0 0 0 0 0 0 0 0 0]
[62577155118127793035534547838336420298138609906800581736128960924846672893383 0 0 0 0 0 0 0 0 0 0 0 0 1 0 0 0 0 0 0 0 0 0 0 0 0]
[101467401287092354268328767020246238772279036900603756473933562184382755743484 0 0 0 0 0 0 0 0 0 0 0 0 0 1 0 0 0 0 0 0 0 0 0 0 0]
[24776465871525541052541484299638745315556920612867463587094955068147567347294 0 0 0 0 0 0 0 0 0 0 0 0 0 0 1 0 0 0 0 0 0 0 0 0 0]
[468323361284295015466791768721640623768573382867431838823480996518778438264326 0 0 0 0 0 0 0 0 0 0 0 0 0 0 0 1 0 0 0 0 0 0 0 0 0]
[797212972427458922938446587093970346460955978813593892818705572212585609638979 0 0 0 0 0 0 0 0 0 0 0 0 0 0 0 0 1 0 0 0 0 0 0 0 0]
[61772490408001155051539603076045269911342473659232409496910010511106745776166 0 0 0 0 0 0 0 0 0 0 0 0 0 0 0 0 0 1 0 0 0 0 0 0 0]
[1363945699149896079512795952726556959324700896661447748666848786703526889917016 0 0 0 0 0 0 0 0 0 0 0 0 0 0 0 0 0 0 1 0 0 0 0 0 0]
[1522865614798337888828165395940768574460766956668981596858079355185433023226651 0 0 0 0 0 0 0 0 0 0 0 0 0 0 0 0 0 0 0 1 0 0 0 0 0]
[843498980102292761224946416464605316099698580417387568666236833643435927995506 0 0 0 0 0 0 0 0 0 0 0 0 0 0 0 0 0 0 0 0 1 0 0 0 0]
[964696729100289715343387663429370592593702797084838108641212237818788757974495 0 0 0 0 0 0 0 0 0 0 0 0 0 0 0 0 0 0 0 0 0 1 0 0 0]
[1170779116061748624955535049488895818905017698355816564250824924436153938891853 0 0 0 0 0 0 0 0 0 0 0 0 0 0 0 0 0 0 0 0 0 0 1 0 0]
[336935548423760145670290035509799964754577111834624163065782556122737497796688 0 0 0 0 0 0 0 0 0 0 0 0 0 0 0 0 0 0 0 0 0 0 0 1 0]
[284432099214470328081408819209415564389520147780256053364480012180896744210684 0 0 0 0 0 0 0 0 0 0 0 0 0 0 0 0 0 0 0 0 0 0 0 0 1]
]
