[[1830288648158608675629613086579530968571654718280294997545668059590566008628551 0 0 0 0 0 0 0 0 0 0 0 0 0 0 0 0 0 0 0 0 0 0 0 0 0]
[1825532193071804607311844171938074661280858774761041951337985223744293447530027 1 0 0 0 0 0 0 0 0 0 0 0 0 0 0 0 0 0 0 0 0 0 0 0 0]
[456849244843414508429945415824692350728234520650733395384591654548157831507332 0 1 0 0 0 0 0 0 0 0 0 0 0 0 0 0 0 0 0 0 0 0 0 0 0]
[1538888912190754045446734809905185421415616565116663512845801079999938875729676 0 0 1 0 0 0 0 0 0 0 0 0 0 0 0 0 0 0 0 0 0 0 0 0 0]
[1484768012560864494079686466983362120849529555101379976849362393860037833856460 0 0 0 1 0 0 0 0 0 0 0 0 0 0 0 0 0 0 0 0 0 0 0 0 0]
[1672042277785201163163857984663786051505387998893920586611319263741011131190539 0 0 0 0 1 0 0 0 0 0 0 0 0 0 0 0 0 0 0 0 0 0 0 0 0]
[509947084526249664375454490609101553911014827136974591729781418494748715349269 0 0 0 0 0 1 0 0 0 0 0 0 0 0 0 0 0 0 0 0 0 0 0 0 0]
[68598926526185477671248057597838549327614709695654411337600029337661589315484 0 0 0 0 0 0 1 0 0 0 0 0 0 0 0 0 0 0 0 0 0 0 0 0 0]
[271117394445422226922198924938592974801319890493560128172063965537040481864195 0 0 0 0 0 0 0 1 0 0 0 0 0 0 0 0 0 0 0 0 0 0 0 0 0]
[1234499473015403153017444125471962636668658431725211302232495649286000048746481 0 0 0 0 0 0 0 0 1 0 0 0 0 0 0 0 0 0 0 0 0 0 0 0 0]
[103401580110719475337341434051570482417202996811500916881959259272762461497045 0 0 0 0 0 0 0 0 0 1 0 0 0 0 0 0 0 0 0 0 0 0 0 0 0]
[1503807312046253722154321552444651039114190452348541799301044593710758661204413 0 0 0 0 0 0 0 0 0 0 1 0 0 0 0 0 0 0 0 0 0 0 0 0 0]
[414779924792634980767012770711440998301050770594947723362157767190087539240298 0 0 0 0 0 0 0 0 0 0 0 1 0 0 0 0 0 0 0 0 0 0 0 0 0]
[740668458548478645158019993100257710224480025392761295340254148496692348003418 0 0 0 0 0 0 0 0 0 0 0 0 1 0 0 0 0 0 0 0 0 0 0 0 0]
[288812825104003658054561366334822620584489015612565489290115611139383599089630 0 0 0 0 0 0 0 0 0 0 0 0 0 1 0 0 0 0 0 0 0 0 0 0 0]
[1027541455256478753961143044122513826151409984401984400303818955931069169447365 0 0 0 0 0 0 0 0 0 0 0 0 0 0 1 0 0 0 0 0 0 0 0 0 0]
[905852968722626964954636449603408394069883345983562369420014799594811462946489 0 0 0 0 0 0 0 0 0 0 0 0 0 0 0 1 0 0 0 0 0 0 0 0 0]
[1803899555129240538493541480438741596563711045954770313869539011217905443662299 0 0 0 0 0 0 0 0 0 0 0 0 0 0 0 0 1 0 0 0 0 0 0 0 0]
[140540867548512306160690148910377496408475163087816066791080116343273787302216 0 0 0 0 0 0 0 0 0 0 0 0 0 0 0 0 0 1 0 0 0 0 0 0 0]
[1262588734401488697075310705072632651813018077908151135609999797571528205792239 0 0 0 0 0 0 0 0 0 0 0 0 0 0 0 0 0 0 1 0 0 0 0 0 0]
[821892735473726826207574266559251818752238879007665725801481078660889206438996 0 0 0 0 0 0 0 0 0 0 0 0 0 0 0 0 0 0 0 1 0 0 0 0 0]
[804816890379195756036143870816623406635125106806282728927640033926606740418146 0 0 0 0 0 0 0 0 0 0 0 0 0 0 0 0 0 0 0 0 1 0 0 0 0]
[994969874040394904937903598968283875516987311490702212089532786049639687041396 0 0 0 0 0 0 0 0 0 0 0 0 0 0 0 0 0 0 0 0 0 1 0 0 0]
[378998501160681413699824824343080351473609744716606619023828607404999327171206 0 0 0 0 0 0 0 0 0 0 0 0 0 0 0 0 0 0 0 0 0 0 1 0 0]
[1640588853537727763062073310640841114538521599124811785481762977139825411328609 0 0 0 0 0 0 0 0 0 0 0 0 0 0 0 0 0 0 0 0 0 0 0 1 0]
[21162354243324411368450387716371384239759029162094792884560054907870012354375 0 0 0 0 0 0 0 0 0 0 0 0 0 0 0 0 0 0 0 0 0 0 0 0 1]
]
