[[1109764064494082727445029711527123953984297289511276631456891128203469098600831 0 0 0 0 0 0 0 0 0 0 0 0 0 0 0 0 0 0 0 0 0 0 0 0 0]
[694709580904627005954395351203792765196783271783613448652179876535918506455518 1 0 0 0 0 0 0 0 0 0 0 0 0 0 0 0 0 0 0 0 0 0 0 0 0]
[896798773444706306613265451985742761007777977689450770045957081070773654997898 0 1 0 0 0 0 0 0 0 0 0 0 0 0 0 0 0 0 0 0 0 0 0 0 0]
[679702387629115118357743739816297996214178224069110742144403519411958847189858 0 0 1 0 0 0 0 0 0 0 0 0 0 0 0 0 0 0 0 0 0 0 0 0 0]
[833143926280456826938196889839842498021153773929372533681631923499380762085547 0 0 0 1 0 0 0 0 0 0 0 0 0 0 0 0 0 0 0 0 0 0 0 0 0]
[74114177436898064891317195618295413892671623899864771863536888492777011616709 0 0 0 0 1 0 0 0 0 0 0 0 0 0 0 0 0 0 0 0 0 0 0 0 0]
[776380500867644441444604004480710651908230538202484110600290652490424049113203 0 0 0 0 0 1 0 0 0 0 0 0 0 0 0 0 0 0 0 0 0 0 0 0 0]
[1104592299100732972517830764290828787039921167088528529822892621157471996881450 0 0 0 0 0 0 1 0 0 0 0 0 0 0 0 0 0 0 0 0 0 0 0 0 0]
[533329895225273730622476794056016267398791064652594405470120845357121320670163 0 0 0 0 0 0 0 1 0 0 0 0 0 0 0 0 0 0 0 0 0 0 0 0 0]
[917913276431661060177438476920379782639813214769949340043498590430042741495209 0 0 0 0 0 0 0 0 1 0 0 0 0 0 0 0 0 0 0 0 0 0 0 0 0]
[216052678510456409670034386233823996683569352794049439459374841877209095686288 0 0 0 0 0 0 0 0 0 1 0 0 0 0 0 0 0 0 0 0 0 0 0 0 0]
[140659769735058490076951394650382416698808750929588824438937031908721673024752 0 0 0 0 0 0 0 0 0 0 1 0 0 0 0 0 0 0 0 0 0 0 0 0 0]
[414202037325749849178732556615319307938563123457390076885903505668804026548595 0 0 0 0 0 0 0 0 0 0 0 1 0 0 0 0 0 0 0 0 0 0 0 0 0]
[915136231486503856247794743903243773839826143055555284396725041572422081576716 0 0 0 0 0 0 0 0 0 0 0 0 1 0 0 0 0 0 0 0 0 0 0 0 0]
[612080133511164726200100091636660160981444526272738888630819571091609467502300 0 0 0 0 0 0 0 0 0 0 0 0 0 1 0 0 0 0 0 0 0 0 0 0 0]
[714910390528206140164711162866795154413894505831357504744709049760950447325919 0 0 0 0 0 0 0 0 0 0 0 0 0 0 1 0 0 0 0 0 0 0 0 0 0]
[783983880257524685106900428887997195615755462103906204786555248358077043052228 0 0 0 0 0 0 0 0 0 0 0 0 0 0 0 1 0 0 0 0 0 0 0 0 0]
[1017968748802817988923374590673932460628033060080217176173946834569155543937273 0 0 0 0 0 0 0 0 0 0 0 0 0 0 0 0 1 0 0 0 0 0 0 0 0]
[651331636329243174146787220856981387352077161204975993919942597632248478955982 0 0 0 0 0 0 0 0 0 0 0 0 0 0 0 0 0 1 0 0 0 0 0 0 0]
[317682281465298933730862944625771089119610163291707457529440187885244139813447 0 0 0 0 0 0 0 0 0 0 0 0 0 0 0 0 0 0 1 0 0 0 0 0 0]
[140306616969547272515907896359894138380969084213210773514489738284225793157963 0 0 0 0 0 0 0 0 0 0 0 0 0 0 0 0 0 0 0 1 0 0 0 0 0]
[1049776743051917126917801486106787672563994594330639669203880101126057534009566 0 0 0 0 0 0 0 0 0 0 0 0 0 0 0 0 0 0 0 0 1 0 0 0 0]
[448446782646781663453719012370727744757842295985662935413534491499018128530862 0 0 0 0 0 0 0 0 0 0 0 0 0 0 0 0 0 0 0 0 0 1 0 0 0]
[912163739041245182578283162811081303004896019534025338342365815704790406416502 0 0 0 0 0 0 0 0 0 0 0 0 0 0 0 0 0 0 0 0 0 0 1 0 0]
[495695826428068000112620790707350533065930884937691340215854126940935721483070 0 0 0 0 0 0 0 0 0 0 0 0 0 0 0 0 0 0 0 0 0 0 0 1 0]
[167140064000126449451975342443262855828132530352640878348590822490780609742279 0 0 0 0 0 0 0 0 0 0 0 0 0 0 0 0 0 0 0 0 0 0 0 0 1]
]
