[[1816796698169050446679771878213552063128303133862421676729522438700425742433167 0 0 0 0 0 0 0 0 0 0 0 0 0 0 0 0 0 0 0 0 0 0 0 0 0]
[634773560735620281194273317354503045078966861678274308574350182335343851509434 1 0 0 0 0 0 0 0 0 0 0 0 0 0 0 0 0 0 0 0 0 0 0 0 0]
[773270232156132618794500782613879535364690969235492680765914553362785777541333 0 1 0 0 0 0 0 0 0 0 0 0 0 0 0 0 0 0 0 0 0 0 0 0 0]
[713758045539311910857851531641719266338111224120331720204010371502162657257443 0 0 1 0 0 0 0 0 0 0 0 0 0 0 0 0 0 0 0 0 0 0 0 0 0]
[326238729963419191671709619537427404852483835287868615420783660002985683690946 0 0 0 1 0 0 0 0 0 0 0 0 0 0 0 0 0 0 0 0 0 0 0 0 0]
[110975022481872939371534174350571597939061890036160780325354233786644174508244 0 0 0 0 1 0 0 0 0 0 0 0 0 0 0 0 0 0 0 0 0 0 0 0 0]
[1113840169889697312855131410800179457728840783300263956476083744154496903800617 0 0 0 0 0 1 0 0 0 0 0 0 0 0 0 0 0 0 0 0 0 0 0 0 0]
[1670473515262857733145746645651682538590926512265652499848582120800117948814677 0 0 0 0 0 0 1 0 0 0 0 0 0 0 0 0 0 0 0 0 0 0 0 0 0]
[84729880438834964210840424147708756994256375228777259670213661319420175889392 0 0 0 0 0 0 0 1 0 0 0 0 0 0 0 0 0 0 0 0 0 0 0 0 0]
[915261004391115239089086564349845195116278236747915477479181839633572659365011 0 0 0 0 0 0 0 0 1 0 0 0 0 0 0 0 0 0 0 0 0 0 0 0 0]
[281192316851158837598213190579963667390021185604497718059661041117596162648415 0 0 0 0 0 0 0 0 0 1 0 0 0 0 0 0 0 0 0 0 0 0 0 0 0]
[1438188057304936726430156407937964907206649163984792374314582207590360194151204 0 0 0 0 0 0 0 0 0 0 1 0 0 0 0 0 0 0 0 0 0 0 0 0 0]
[1498710859183929037084257554551079002762262694672078553007752936009933845007062 0 0 0 0 0 0 0 0 0 0 0 1 0 0 0 0 0 0 0 0 0 0 0 0 0]
[1045732081570926814670070821949588266238694411540744164929720568553557809301057 0 0 0 0 0 0 0 0 0 0 0 0 1 0 0 0 0 0 0 0 0 0 0 0 0]
[576709473078993313061252103961329927987546419746590914537552473121629627132513 0 0 0 0 0 0 0 0 0 0 0 0 0 1 0 0 0 0 0 0 0 0 0 0 0]
[552010498523412246318105528574792598963998178807537325450858679501422621609455 0 0 0 0 0 0 0 0 0 0 0 0 0 0 1 0 0 0 0 0 0 0 0 0 0]
[1456437088676345491677942750967086987795185640100026506786747557580652445343372 0 0 0 0 0 0 0 0 0 0 0 0 0 0 0 1 0 0 0 0 0 0 0 0 0]
[1178673787374863078593892816293332820835112563191637929475774443965406488652499 0 0 0 0 0 0 0 0 0 0 0 0 0 0 0 0 1 0 0 0 0 0 0 0 0]
[962865314954409850143362673764574649133327759961946232593128402546626710747824 0 0 0 0 0 0 0 0 0 0 0 0 0 0 0 0 0 1 0 0 0 0 0 0 0]
[520312724212855371256257974808576276285013891041920042998140603597273459883771 0 0 0 0 0 0 0 0 0 0 0 0 0 0 0 0 0 0 1 0 0 0 0 0 0]
[52824062647613279949033088910411737723498239188975055967040324832308352641717 0 0 0 0 0 0 0 0 0 0 0 0 0 0 0 0 0 0 0 1 0 0 0 0 0]
[72815920876771017277444647700783072221245176197176628876896562846412983804626 0 0 0 0 0 0 0 0 0 0 0 0 0 0 0 0 0 0 0 0 1 0 0 0 0]
[1539546941092000145975738719570932930902232044176382395780312350486667646963823 0 0 0 0 0 0 0 0 0 0 0 0 0 0 0 0 0 0 0 0 0 1 0 0 0]
[435272597668233850249773112370123197114224809666683921255872901749492686707284 0 0 0 0 0 0 0 0 0 0 0 0 0 0 0 0 0 0 0 0 0 0 1 0 0]
[1079556241516364594303367326122291519653785442474993975425856643048986728822250 0 0 0 0 0 0 0 0 0 0 0 0 0 0 0 0 0 0 0 0 0 0 0 1 0]
[619451624075859891248022458231854366035525304752883949852708777555326535597585 0 0 0 0 0 0 0 0 0 0 0 0 0 0 0 0 0 0 0 0 0 0 0 0 1]
]
