[[1114189981654169050303399196942421500863948545018816998857666713121222098187009 0 0 0 0 0 0 0 0 0 0 0 0 0 0 0 0 0 0 0 0 0 0 0 0 0]
[76635439548186944645320049320524446766442582659038749372466221158793115607267 1 0 0 0 0 0 0 0 0 0 0 0 0 0 0 0 0 0 0 0 0 0 0 0 0]
[98399358099666570171266372116774416856700068507780210157989466260216130716589 0 1 0 0 0 0 0 0 0 0 0 0 0 0 0 0 0 0 0 0 0 0 0 0 0]
[976486808253050450767994981917889800055957230944484617906766978448668472063824 0 0 1 0 0 0 0 0 0 0 0 0 0 0 0 0 0 0 0 0 0 0 0 0 0]
[620129704800605794895938491812575954167873974900551410591153445838951443038300 0 0 0 1 0 0 0 0 0 0 0 0 0 0 0 0 0 0 0 0 0 0 0 0 0]
[685918162925108057677061503450368465292835338467800838632016573343652849095359 0 0 0 0 1 0 0 0 0 0 0 0 0 0 0 0 0 0 0 0 0 0 0 0 0]
[801767584328743460590500187170603383001987257707464021874592803554441604709486 0 0 0 0 0 1 0 0 0 0 0 0 0 0 0 0 0 0 0 0 0 0 0 0 0]
[361488775974521510694209512860465225573179752811010482059368072377165182730920 0 0 0 0 0 0 1 0 0 0 0 0 0 0 0 0 0 0 0 0 0 0 0 0 0]
[188540526317455843403293091058567922056825805288859138166516638307384569916049 0 0 0 0 0 0 0 1 0 0 0 0 0 0 0 0 0 0 0 0 0 0 0 0 0]
[1028351169671098878847878042456500134935496278885651784594008705863925811899141 0 0 0 0 0 0 0 0 1 0 0 0 0 0 0 0 0 0 0 0 0 0 0 0 0]
[270646110607926287071713001917820006305092753138657035854897435851231281348356 0 0 0 0 0 0 0 0 0 1 0 0 0 0 0 0 0 0 0 0 0 0 0 0 0]
[967269081427013365614629773624963862932352530357983169585228562888163226966367 0 0 0 0 0 0 0 0 0 0 1 0 0 0 0 0 0 0 0 0 0 0 0 0 0]
[1099237024716789946302875155669542137790727832372127554063481889797686550550037 0 0 0 0 0 0 0 0 0 0 0 1 0 0 0 0 0 0 0 0 0 0 0 0 0]
[205022375534906983101190065702139608813350893882797259244246020161590364198062 0 0 0 0 0 0 0 0 0 0 0 0 1 0 0 0 0 0 0 0 0 0 0 0 0]
[900949187871830959086721548149284402988178507770573919089883628213256010764939 0 0 0 0 0 0 0 0 0 0 0 0 0 1 0 0 0 0 0 0 0 0 0 0 0]
[235050758417454103294017038523167469748801425625902581787056726096533139663241 0 0 0 0 0 0 0 0 0 0 0 0 0 0 1 0 0 0 0 0 0 0 0 0 0]
[839257489096584099860910955674471336769551174787379841741167718575542703129236 0 0 0 0 0 0 0 0 0 0 0 0 0 0 0 1 0 0 0 0 0 0 0 0 0]
[401069874907410209751028526043534052208197234027292707508848609512457016963550 0 0 0 0 0 0 0 0 0 0 0 0 0 0 0 0 1 0 0 0 0 0 0 0 0]
[545731908214093955373255896572744661195982857379741362868815744651311701164647 0 0 0 0 0 0 0 0 0 0 0 0 0 0 0 0 0 1 0 0 0 0 0 0 0]
[1033365987865544417147949436928441163497016605411089135890000091372851255643170 0 0 0 0 0 0 0 0 0 0 0 0 0 0 0 0 0 0 1 0 0 0 0 0 0]
[642758836809066071907509659403219586954995856594483236369209150318178722485050 0 0 0 0 0 0 0 0 0 0 0 0 0 0 0 0 0 0 0 1 0 0 0 0 0]
[91198796651890977297053196218133171865387966693592605420609011346184293443474 0 0 0 0 0 0 0 0 0 0 0 0 0 0 0 0 0 0 0 0 1 0 0 0 0]
[988410390045498153774623716175747622923217663208410455035701060709864400673994 0 0 0 0 0 0 0 0 0 0 0 0 0 0 0 0 0 0 0 0 0 1 0 0 0]
[344738304448643683957930062143941001829658996898550615631281291392215541457491 0 0 0 0 0 0 0 0 0 0 0 0 0 0 0 0 0 0 0 0 0 0 1 0 0]
[70733520856184680129891190542806511586216910464193770116295627008123454397579 0 0 0 0 0 0 0 0 0 0 0 0 0 0 0 0 0 0 0 0 0 0 0 1 0]
[577157152936794121697478081914869810896999820812894458035926852459958320735478 0 0 0 0 0 0 0 0 0 0 0 0 0 0 0 0 0 0 0 0 0 0 0 0 1]
]
