[[1637903114921120379892446580671882196916770257840242139372318657454695317747293 0 0 0 0 0 0 0 0 0 0 0 0 0 0 0 0 0 0 0 0 0 0 0 0 0]
[596888220526992482524899707498856343081473144543279106607724109827000299347926 1 0 0 0 0 0 0 0 0 0 0 0 0 0 0 0 0 0 0 0 0 0 0 0 0]
[115915680714716054415047884733371278398743662666589520997333613695087355027796 0 1 0 0 0 0 0 0 0 0 0 0 0 0 0 0 0 0 0 0 0 0 0 0 0]
[1283773255075487644851028103746415155818302577021195827844898962154550744857937 0 0 1 0 0 0 0 0 0 0 0 0 0 0 0 0 0 0 0 0 0 0 0 0 0]
[766859881702877316964508530745827365828195907197430693411312350810125444950690 0 0 0 1 0 0 0 0 0 0 0 0 0 0 0 0 0 0 0 0 0 0 0 0 0]
[1561224867148561441158756336636568387612954403863041918862223081211366789105289 0 0 0 0 1 0 0 0 0 0 0 0 0 0 0 0 0 0 0 0 0 0 0 0 0]
[1500315579009354663434310344697043752710428940587339488626639443602949490245695 0 0 0 0 0 1 0 0 0 0 0 0 0 0 0 0 0 0 0 0 0 0 0 0 0]
[958071943180073014250521008105637008113833203137180630158679694322006472164919 0 0 0 0 0 0 1 0 0 0 0 0 0 0 0 0 0 0 0 0 0 0 0 0 0]
[353645066643989845487878574162062043825550760925706959712950235246078493066667 0 0 0 0 0 0 0 1 0 0 0 0 0 0 0 0 0 0 0 0 0 0 0 0 0]
[963227155468811189227137428889708379002818952500603575765590398079493561277590 0 0 0 0 0 0 0 0 1 0 0 0 0 0 0 0 0 0 0 0 0 0 0 0 0]
[848335649815318456733867392325929877789108775925467048484815785510786331634305 0 0 0 0 0 0 0 0 0 1 0 0 0 0 0 0 0 0 0 0 0 0 0 0 0]
[875123251786421952206050248960077036745017191288110940223046876044216624727387 0 0 0 0 0 0 0 0 0 0 1 0 0 0 0 0 0 0 0 0 0 0 0 0 0]
[1135333897472171972465495650064963574499291239942460880742628415351520908777283 0 0 0 0 0 0 0 0 0 0 0 1 0 0 0 0 0 0 0 0 0 0 0 0 0]
[246626451884172553934711897617029825983274538978859598836340638310658813029362 0 0 0 0 0 0 0 0 0 0 0 0 1 0 0 0 0 0 0 0 0 0 0 0 0]
[1426969083083286788587859452281199142481563403392211604374873029734888856676910 0 0 0 0 0 0 0 0 0 0 0 0 0 1 0 0 0 0 0 0 0 0 0 0 0]
[328703560471106346049303035226515818064379863050586704414652311510838112995791 0 0 0 0 0 0 0 0 0 0 0 0 0 0 1 0 0 0 0 0 0 0 0 0 0]
[353683365997117900092441235063136231976451254116516561778468139743601307326425 0 0 0 0 0 0 0 0 0 0 0 0 0 0 0 1 0 0 0 0 0 0 0 0 0]
[18845640753871796445479905005364964546372422280737646019861400188894571572043 0 0 0 0 0 0 0 0 0 0 0 0 0 0 0 0 1 0 0 0 0 0 0 0 0]
[2243743380137882889430083232715815065865596166629070294388665105990271953648 0 0 0 0 0 0 0 0 0 0 0 0 0 0 0 0 0 1 0 0 0 0 0 0 0]
[1226197261278007267604427891331294464831003338215745964729184985991639713027637 0 0 0 0 0 0 0 0 0 0 0 0 0 0 0 0 0 0 1 0 0 0 0 0 0]
[1553943302507708286627876189931209561331771046615089995767417650003128896900228 0 0 0 0 0 0 0 0 0 0 0 0 0 0 0 0 0 0 0 1 0 0 0 0 0]
[1074325698735409765872902397638593682744011158287869460462482546322230257263242 0 0 0 0 0 0 0 0 0 0 0 0 0 0 0 0 0 0 0 0 1 0 0 0 0]
[941713918366219777753959191461144229014700831666333178689908126280336138227198 0 0 0 0 0 0 0 0 0 0 0 0 0 0 0 0 0 0 0 0 0 1 0 0 0]
[1050337491783138340311804618642706399981356390658653891046508728219578217516839 0 0 0 0 0 0 0 0 0 0 0 0 0 0 0 0 0 0 0 0 0 0 1 0 0]
[346911156930136440555227192987579805541013428026347294897234564791147602924818 0 0 0 0 0 0 0 0 0 0 0 0 0 0 0 0 0 0 0 0 0 0 0 1 0]
[482407316562244805264437331230601458756806706822151028640326557575787370700522 0 0 0 0 0 0 0 0 0 0 0 0 0 0 0 0 0 0 0 0 0 0 0 0 1]
]
