[[1153935011108950980427971704785419294561329651016584860725118374775916932085783 0 0 0 0 0 0 0 0 0 0 0 0 0 0 0 0 0 0 0 0 0 0 0 0 0]
[439585506265463279882839314867098986714933346092187580133767966213048910663202 1 0 0 0 0 0 0 0 0 0 0 0 0 0 0 0 0 0 0 0 0 0 0 0 0]
[723638376580962558856273448343753625843534162893293107615555886942311584301490 0 1 0 0 0 0 0 0 0 0 0 0 0 0 0 0 0 0 0 0 0 0 0 0 0]
[225607435460949382900847729489368048433063918512477416671839172498107098715700 0 0 1 0 0 0 0 0 0 0 0 0 0 0 0 0 0 0 0 0 0 0 0 0 0]
[115957863641349902462175294737324156030564747582293653206637325835162888181513 0 0 0 1 0 0 0 0 0 0 0 0 0 0 0 0 0 0 0 0 0 0 0 0 0]
[903205012351775827868096999504468150141367760474746328578333505580328571520457 0 0 0 0 1 0 0 0 0 0 0 0 0 0 0 0 0 0 0 0 0 0 0 0 0]
[610058728507089212779819211880993310869707188963489892007235292789292578684427 0 0 0 0 0 1 0 0 0 0 0 0 0 0 0 0 0 0 0 0 0 0 0 0 0]
[1021540835291893067818352448460187329184698498714078092281605402298330941081006 0 0 0 0 0 0 1 0 0 0 0 0 0 0 0 0 0 0 0 0 0 0 0 0 0]
[290101834547091836999953913385562121194006737883740687903344822778979870356800 0 0 0 0 0 0 0 1 0 0 0 0 0 0 0 0 0 0 0 0 0 0 0 0 0]
[12980401559253521140872094170094269310077043223602193061984274554275584794870 0 0 0 0 0 0 0 0 1 0 0 0 0 0 0 0 0 0 0 0 0 0 0 0 0]
[1064419063002773520594539125516506915312009519824786316625214818286303556492044 0 0 0 0 0 0 0 0 0 1 0 0 0 0 0 0 0 0 0 0 0 0 0 0 0]
[395124941615587630259883434392427906540441080473847905491474255876571795173440 0 0 0 0 0 0 0 0 0 0 1 0 0 0 0 0 0 0 0 0 0 0 0 0 0]
[840868257838972219760325682418164082274252464280947777728709837703984003653122 0 0 0 0 0 0 0 0 0 0 0 1 0 0 0 0 0 0 0 0 0 0 0 0 0]
[1127542906576601623990924507362781867706943163844449352617066447925800929210580 0 0 0 0 0 0 0 0 0 0 0 0 1 0 0 0 0 0 0 0 0 0 0 0 0]
[794192684719347099193118327491682080439931798030529730719738193291971028175863 0 0 0 0 0 0 0 0 0 0 0 0 0 1 0 0 0 0 0 0 0 0 0 0 0]
[1109857854086864518873943280512740307724224473590552040371732066726395725416102 0 0 0 0 0 0 0 0 0 0 0 0 0 0 1 0 0 0 0 0 0 0 0 0 0]
[524332400457576823136278456589156194231145314399688341611688068655229270862204 0 0 0 0 0 0 0 0 0 0 0 0 0 0 0 1 0 0 0 0 0 0 0 0 0]
[515134305155672351244179947621316386664956685860592820724359010183523967875861 0 0 0 0 0 0 0 0 0 0 0 0 0 0 0 0 1 0 0 0 0 0 0 0 0]
[479571584523235658978190453055477060975115186185666526662295852256367315390439 0 0 0 0 0 0 0 0 0 0 0 0 0 0 0 0 0 1 0 0 0 0 0 0 0]
[796108032555452411788750235396671882348752191458900848652637384360975824791497 0 0 0 0 0 0 0 0 0 0 0 0 0 0 0 0 0 0 1 0 0 0 0 0 0]
[474488562680204940803300814614864202986602060947624667243308832558105638408766 0 0 0 0 0 0 0 0 0 0 0 0 0 0 0 0 0 0 0 1 0 0 0 0 0]
[132885979292602093843252469912274983318943174117554220415736772042942822169731 0 0 0 0 0 0 0 0 0 0 0 0 0 0 0 0 0 0 0 0 1 0 0 0 0]
[1095687558553300909287680842022525853964467237782060338473085970859429512648018 0 0 0 0 0 0 0 0 0 0 0 0 0 0 0 0 0 0 0 0 0 1 0 0 0]
[121479207480655321525841000339806101848106132714371570411418717104333504124948 0 0 0 0 0 0 0 0 0 0 0 0 0 0 0 0 0 0 0 0 0 0 1 0 0]
[1025258796030117211411265768440502161534458549826197594946094685553391594031763 0 0 0 0 0 0 0 0 0 0 0 0 0 0 0 0 0 0 0 0 0 0 0 1 0]
[737384851610422814708051250452005263460473124923560483934992515828017197130521 0 0 0 0 0 0 0 0 0 0 0 0 0 0 0 0 0 0 0 0 0 0 0 0 1]
]
