[[1275606221845457011211735773489726091335306508724467882938905476458267103802367 0 0 0 0 0 0 0 0 0 0 0 0 0 0 0 0 0 0 0 0 0 0 0 0 0]
[390538087778611229091572933069711796602770501018623923023041702943390104702434 1 0 0 0 0 0 0 0 0 0 0 0 0 0 0 0 0 0 0 0 0 0 0 0 0]
[348993905382397279868681070461573448810441850871729695914541812859439917485159 0 1 0 0 0 0 0 0 0 0 0 0 0 0 0 0 0 0 0 0 0 0 0 0 0]
[1213587030242608248453037630111098914600419989741424540765412862912939196299650 0 0 1 0 0 0 0 0 0 0 0 0 0 0 0 0 0 0 0 0 0 0 0 0 0]
[1254423218223917725261083232763811773619244804213633768402797025636013026210123 0 0 0 1 0 0 0 0 0 0 0 0 0 0 0 0 0 0 0 0 0 0 0 0 0]
[316854171202257204694523734145033965236758269732762600980331534109143839209826 0 0 0 0 1 0 0 0 0 0 0 0 0 0 0 0 0 0 0 0 0 0 0 0 0]
[100506534585173520137356742413071783693478467637093327358231678654686564007436 0 0 0 0 0 1 0 0 0 0 0 0 0 0 0 0 0 0 0 0 0 0 0 0 0]
[1092057361313340204700641369751097450814021233720488170546931500636840088498773 0 0 0 0 0 0 1 0 0 0 0 0 0 0 0 0 0 0 0 0 0 0 0 0 0]
[628802604703061116781343527372680666118785557044150505112573903885356542548965 0 0 0 0 0 0 0 1 0 0 0 0 0 0 0 0 0 0 0 0 0 0 0 0 0]
[386265594758891902353970745178660420991029645435981588052106443796894169966483 0 0 0 0 0 0 0 0 1 0 0 0 0 0 0 0 0 0 0 0 0 0 0 0 0]
[907119945018562653795829294979037792947341017270104103833501394419852743402802 0 0 0 0 0 0 0 0 0 1 0 0 0 0 0 0 0 0 0 0 0 0 0 0 0]
[786278439825551415564108715251848047860564437487202315974175360399272431465544 0 0 0 0 0 0 0 0 0 0 1 0 0 0 0 0 0 0 0 0 0 0 0 0 0]
[733926214170747244207935285632853235387409801656240012938766386367236775556305 0 0 0 0 0 0 0 0 0 0 0 1 0 0 0 0 0 0 0 0 0 0 0 0 0]
[99319611296746649338737030714093947803387367970966549081583983866423817575456 0 0 0 0 0 0 0 0 0 0 0 0 1 0 0 0 0 0 0 0 0 0 0 0 0]
[2698289621514777236394810207638929430467270249032625043879694925801515297284 0 0 0 0 0 0 0 0 0 0 0 0 0 1 0 0 0 0 0 0 0 0 0 0 0]
[632468839903534093373853655161816940271698741434648685281929649720291542217630 0 0 0 0 0 0 0 0 0 0 0 0 0 0 1 0 0 0 0 0 0 0 0 0 0]
[922890139275967978222715192728490663951838375032446102226841158532604136449554 0 0 0 0 0 0 0 0 0 0 0 0 0 0 0 1 0 0 0 0 0 0 0 0 0]
[43470158946793757995870661533279143090079565369705918393566377484862009316315 0 0 0 0 0 0 0 0 0 0 0 0 0 0 0 0 1 0 0 0 0 0 0 0 0]
[737129781961498689867492849105856979188319458059790031184055556058436488841305 0 0 0 0 0 0 0 0 0 0 0 0 0 0 0 0 0 1 0 0 0 0 0 0 0]
[474965675422908147227425559410737447320764629365550331673792299002968659999385 0 0 0 0 0 0 0 0 0 0 0 0 0 0 0 0 0 0 1 0 0 0 0 0 0]
[297404909119384935903281840070189540754792937415824814834336333560460847392047 0 0 0 0 0 0 0 0 0 0 0 0 0 0 0 0 0 0 0 1 0 0 0 0 0]
[840223330293276659321929234225476424285760334945003827901651661601833261721130 0 0 0 0 0 0 0 0 0 0 0 0 0 0 0 0 0 0 0 0 1 0 0 0 0]
[109077554893967607878232251625245756515608512733879716434011681999838814740708 0 0 0 0 0 0 0 0 0 0 0 0 0 0 0 0 0 0 0 0 0 1 0 0 0]
[811666930957870179782815985505348390332062761136774255993734794892850713378795 0 0 0 0 0 0 0 0 0 0 0 0 0 0 0 0 0 0 0 0 0 0 1 0 0]
[144465679979395682944266486492404512587900272692547240162804784215000905468768 0 0 0 0 0 0 0 0 0 0 0 0 0 0 0 0 0 0 0 0 0 0 0 1 0]
[849229810402740484959522846464586669401459926203187009133555895045531064623157 0 0 0 0 0 0 0 0 0 0 0 0 0 0 0 0 0 0 0 0 0 0 0 0 1]
]
