[[932218931180137459292856299274416253834264991133499416492259189009944054851151 0 0 0 0 0 0 0 0 0 0 0 0 0 0 0 0 0 0 0 0 0 0 0 0 0]
[353221779502093645288147193356201458199104295183400523128960813172290179596037 1 0 0 0 0 0 0 0 0 0 0 0 0 0 0 0 0 0 0 0 0 0 0 0 0]
[808728556792584290559425337481972406649639643995637261965729821430039245087614 0 1 0 0 0 0 0 0 0 0 0 0 0 0 0 0 0 0 0 0 0 0 0 0 0]
[491853695310173771760300567725407195307099889342917850475684508552316465386687 0 0 1 0 0 0 0 0 0 0 0 0 0 0 0 0 0 0 0 0 0 0 0 0 0]
[572321131646013767538120025230174628350288250275658875062647241550029152486145 0 0 0 1 0 0 0 0 0 0 0 0 0 0 0 0 0 0 0 0 0 0 0 0 0]
[925602120080240931736023071766432631866696473613626673817902446952748150724014 0 0 0 0 1 0 0 0 0 0 0 0 0 0 0 0 0 0 0 0 0 0 0 0 0]
[464412748563378606530396512769377539939044946601727256279088445155698382998807 0 0 0 0 0 1 0 0 0 0 0 0 0 0 0 0 0 0 0 0 0 0 0 0 0]
[237709098478698148775581976400828432362901397649181030889280687515188452733065 0 0 0 0 0 0 1 0 0 0 0 0 0 0 0 0 0 0 0 0 0 0 0 0 0]
[817122996960166659979454985052820248487152004720645497144114663020506012857225 0 0 0 0 0 0 0 1 0 0 0 0 0 0 0 0 0 0 0 0 0 0 0 0 0]
[521578352149669848257683883785490351201980012753433267337162350047701951369214 0 0 0 0 0 0 0 0 1 0 0 0 0 0 0 0 0 0 0 0 0 0 0 0 0]
[843304057186943888157448724016739586104895781031542485440062387305087659178142 0 0 0 0 0 0 0 0 0 1 0 0 0 0 0 0 0 0 0 0 0 0 0 0 0]
[619839377930240201636074257527572146194401844788357140837393081992308198931643 0 0 0 0 0 0 0 0 0 0 1 0 0 0 0 0 0 0 0 0 0 0 0 0 0]
[156537522984590669403545066712840686593606060008036807337612025616910664907771 0 0 0 0 0 0 0 0 0 0 0 1 0 0 0 0 0 0 0 0 0 0 0 0 0]
[406247925421429670926514396356293040059715722926627399141122329940621550244734 0 0 0 0 0 0 0 0 0 0 0 0 1 0 0 0 0 0 0 0 0 0 0 0 0]
[69247013301940136649550590992738710125426339765230957517715693951530296853844 0 0 0 0 0 0 0 0 0 0 0 0 0 1 0 0 0 0 0 0 0 0 0 0 0]
[684188065129970480115362194275496362534027626128931124803666249847225096188522 0 0 0 0 0 0 0 0 0 0 0 0 0 0 1 0 0 0 0 0 0 0 0 0 0]
[271749305211625892167637778290737399572237427088145568114025135410183874805374 0 0 0 0 0 0 0 0 0 0 0 0 0 0 0 1 0 0 0 0 0 0 0 0 0]
[305339477873961600342921521349142197403789923220422994670147358761122689570812 0 0 0 0 0 0 0 0 0 0 0 0 0 0 0 0 1 0 0 0 0 0 0 0 0]
[52795483596255410425396297476063214887890197049680474077456328822517053518944 0 0 0 0 0 0 0 0 0 0 0 0 0 0 0 0 0 1 0 0 0 0 0 0 0]
[298062231310159972487672901683450468991904342453480941002465034809609782470691 0 0 0 0 0 0 0 0 0 0 0 0 0 0 0 0 0 0 1 0 0 0 0 0 0]
[140774526511477842758358340602984312421171697184971686292592510935218043247701 0 0 0 0 0 0 0 0 0 0 0 0 0 0 0 0 0 0 0 1 0 0 0 0 0]
[389733588378771553253910116302238968898556093161962084588614778486768137666608 0 0 0 0 0 0 0 0 0 0 0 0 0 0 0 0 0 0 0 0 1 0 0 0 0]
[916545734650187368059513851567028154679480086294695062564863880490294612648514 0 0 0 0 0 0 0 0 0 0 0 0 0 0 0 0 0 0 0 0 0 1 0 0 0]
[451444164795931828498252317938682625924621143163150519467476955629552133207954 0 0 0 0 0 0 0 0 0 0 0 0 0 0 0 0 0 0 0 0 0 0 1 0 0]
[482547294949016498520595744204302268769420098364769355827540261287831034374607 0 0 0 0 0 0 0 0 0 0 0 0 0 0 0 0 0 0 0 0 0 0 0 1 0]
[363835341689683690251570275791118112214855878137252410951013956847715898420287 0 0 0 0 0 0 0 0 0 0 0 0 0 0 0 0 0 0 0 0 0 0 0 0 1]
]
