[[1670459581146141515595502601335606966958956247495355864460309814159813113796971 0 0 0 0 0 0 0 0 0 0 0 0 0 0 0 0 0 0 0 0 0 0 0 0 0]
[406416990167551572341436039072872678023265357740768578438570486404714918492836 1 0 0 0 0 0 0 0 0 0 0 0 0 0 0 0 0 0 0 0 0 0 0 0 0]
[1223161497666537964127907182179155781495977840741165457022451196705858753688724 0 1 0 0 0 0 0 0 0 0 0 0 0 0 0 0 0 0 0 0 0 0 0 0 0]
[1111701633453155398025837642957473408837165311800907257165104894087138004296406 0 0 1 0 0 0 0 0 0 0 0 0 0 0 0 0 0 0 0 0 0 0 0 0 0]
[876889798444425765627340917573834949547732181493328902178310153562912302268709 0 0 0 1 0 0 0 0 0 0 0 0 0 0 0 0 0 0 0 0 0 0 0 0 0]
[453002220764345725875269695633809205985255549123811678933311266724968921590991 0 0 0 0 1 0 0 0 0 0 0 0 0 0 0 0 0 0 0 0 0 0 0 0 0]
[1466826340838848924516685450301587663907916327795626874600632655596005804884743 0 0 0 0 0 1 0 0 0 0 0 0 0 0 0 0 0 0 0 0 0 0 0 0 0]
[1206689643675231279103140118969631460993770369875737113660109355802684427000159 0 0 0 0 0 0 1 0 0 0 0 0 0 0 0 0 0 0 0 0 0 0 0 0 0]
[717882514320287650590885980060879128117261750228775746525757391802243640691700 0 0 0 0 0 0 0 1 0 0 0 0 0 0 0 0 0 0 0 0 0 0 0 0 0]
[677092604608855061905046142496610651790816242565721297320730553939338964490602 0 0 0 0 0 0 0 0 1 0 0 0 0 0 0 0 0 0 0 0 0 0 0 0 0]
[1217288902043268367255280534188711345994327439584393161763835752229174584249198 0 0 0 0 0 0 0 0 0 1 0 0 0 0 0 0 0 0 0 0 0 0 0 0 0]
[184503964739836778688308650924571076574802848679310721209488512559974750050872 0 0 0 0 0 0 0 0 0 0 1 0 0 0 0 0 0 0 0 0 0 0 0 0 0]
[4427701260628658840774439427251580884838043024289431558987585384585492038718 0 0 0 0 0 0 0 0 0 0 0 1 0 0 0 0 0 0 0 0 0 0 0 0 0]
[587378612073786471443381187264923162583165646923276830131865423736065014106730 0 0 0 0 0 0 0 0 0 0 0 0 1 0 0 0 0 0 0 0 0 0 0 0 0]
[757736062108610837087875771122472801820376475280752471070472094847931437019012 0 0 0 0 0 0 0 0 0 0 0 0 0 1 0 0 0 0 0 0 0 0 0 0 0]
[1324457058949608019098967349222950666323838375487100553850717253910436450587880 0 0 0 0 0 0 0 0 0 0 0 0 0 0 1 0 0 0 0 0 0 0 0 0 0]
[1311191519880395540753037785858282588480702804220479277568310880436375163083790 0 0 0 0 0 0 0 0 0 0 0 0 0 0 0 1 0 0 0 0 0 0 0 0 0]
[1076512941686195447608293132526192198543140514103427060197601056700681061546687 0 0 0 0 0 0 0 0 0 0 0 0 0 0 0 0 1 0 0 0 0 0 0 0 0]
[986472317031153741023204757234845780012912047801286659748339577348299267836375 0 0 0 0 0 0 0 0 0 0 0 0 0 0 0 0 0 1 0 0 0 0 0 0 0]
[1408863731398109869323445674635532341855149446863175113450290115975965450412744 0 0 0 0 0 0 0 0 0 0 0 0 0 0 0 0 0 0 1 0 0 0 0 0 0]
[1157721958940816109407439998142970019134673219092346117433940954692025184380339 0 0 0 0 0 0 0 0 0 0 0 0 0 0 0 0 0 0 0 1 0 0 0 0 0]
[657872933960197323740096474302990567741554116882165739959491518253826337450909 0 0 0 0 0 0 0 0 0 0 0 0 0 0 0 0 0 0 0 0 1 0 0 0 0]
[1565453927048087183322867512971702262324007746785869068428039591802028740118421 0 0 0 0 0 0 0 0 0 0 0 0 0 0 0 0 0 0 0 0 0 1 0 0 0]
[1412458598830082968930501633167478933204738963766399045737161692815591194971345 0 0 0 0 0 0 0 0 0 0 0 0 0 0 0 0 0 0 0 0 0 0 1 0 0]
[1649715481006994650398830411601812388028615897645593839418851139141444962635484 0 0 0 0 0 0 0 0 0 0 0 0 0 0 0 0 0 0 0 0 0 0 0 1 0]
[932394027233632411339370745326586329927845407353358413077088640351362310867331 0 0 0 0 0 0 0 0 0 0 0 0 0 0 0 0 0 0 0 0 0 0 0 0 1]
]
