[[1311459674238930893088348222529094126627292806255489844859469147454253926765229 0 0 0 0 0 0 0 0 0 0 0 0 0 0 0 0 0 0 0 0 0 0 0 0 0]
[1060502811058588844335526137221294759076959855304545042987271833752742856425907 1 0 0 0 0 0 0 0 0 0 0 0 0 0 0 0 0 0 0 0 0 0 0 0 0]
[175129003379665199051131186356174671854619539207355368828282977827326434820850 0 1 0 0 0 0 0 0 0 0 0 0 0 0 0 0 0 0 0 0 0 0 0 0 0]
[161904160498539562566727293676096958829066979525632291856913753438548057756189 0 0 1 0 0 0 0 0 0 0 0 0 0 0 0 0 0 0 0 0 0 0 0 0 0]
[1008078951407718829053486042074075657355088659322851246112906115686312065030377 0 0 0 1 0 0 0 0 0 0 0 0 0 0 0 0 0 0 0 0 0 0 0 0 0]
[644483730999865016334378918039777118270441952689242050166198377639970734190606 0 0 0 0 1 0 0 0 0 0 0 0 0 0 0 0 0 0 0 0 0 0 0 0 0]
[588275042973907123759238832417707390774880981445067551454930915294307498841863 0 0 0 0 0 1 0 0 0 0 0 0 0 0 0 0 0 0 0 0 0 0 0 0 0]
[1259850062926661673695824201506182175116265138675517667722834579849467775173292 0 0 0 0 0 0 1 0 0 0 0 0 0 0 0 0 0 0 0 0 0 0 0 0 0]
[1265092965462179916044235082438339336194103743061193809909551097681597403159011 0 0 0 0 0 0 0 1 0 0 0 0 0 0 0 0 0 0 0 0 0 0 0 0 0]
[1231917332135053759263146129377011688685470138372635934924456994805596741052612 0 0 0 0 0 0 0 0 1 0 0 0 0 0 0 0 0 0 0 0 0 0 0 0 0]
[1245443812639470558232530984911533104082802221941719548852759694964700461961591 0 0 0 0 0 0 0 0 0 1 0 0 0 0 0 0 0 0 0 0 0 0 0 0 0]
[489891586100966099446312266910229533843537658610133119766868157348454093369660 0 0 0 0 0 0 0 0 0 0 1 0 0 0 0 0 0 0 0 0 0 0 0 0 0]
[747254541243862815712670017607508701454905168017457567361790154438673298290587 0 0 0 0 0 0 0 0 0 0 0 1 0 0 0 0 0 0 0 0 0 0 0 0 0]
[881883434194894250536353706262331781950008799767647614097546510349609765550786 0 0 0 0 0 0 0 0 0 0 0 0 1 0 0 0 0 0 0 0 0 0 0 0 0]
[67995978638072363972300500663295470164776234424204606034573587809478588931379 0 0 0 0 0 0 0 0 0 0 0 0 0 1 0 0 0 0 0 0 0 0 0 0 0]
[259074656506003355958675221358519609436907669627108643351916861697334414879168 0 0 0 0 0 0 0 0 0 0 0 0 0 0 1 0 0 0 0 0 0 0 0 0 0]
[1143828408526729546509888709625543480542804973810279687165915526341830617360077 0 0 0 0 0 0 0 0 0 0 0 0 0 0 0 1 0 0 0 0 0 0 0 0 0]
[1169924842526954094113966532233024954673449830750913651053160982865972614548370 0 0 0 0 0 0 0 0 0 0 0 0 0 0 0 0 1 0 0 0 0 0 0 0 0]
[1168457850254662664790271593572859046073574413147316532405071526734736260843520 0 0 0 0 0 0 0 0 0 0 0 0 0 0 0 0 0 1 0 0 0 0 0 0 0]
[1166564239441940077803434532663363658265327664599003562373722620374416031068481 0 0 0 0 0 0 0 0 0 0 0 0 0 0 0 0 0 0 1 0 0 0 0 0 0]
[513340773092231253322317587142101514344500266454013760997013740852854640123042 0 0 0 0 0 0 0 0 0 0 0 0 0 0 0 0 0 0 0 1 0 0 0 0 0]
[434569339469067706894161885666535536628201048417700257947817541204354890067517 0 0 0 0 0 0 0 0 0 0 0 0 0 0 0 0 0 0 0 0 1 0 0 0 0]
[1206810958237431576347101625202531729277431675036820850384158187868779973569610 0 0 0 0 0 0 0 0 0 0 0 0 0 0 0 0 0 0 0 0 0 1 0 0 0]
[1035928464473163558114446779008755025347024181798045553911897231900859920600876 0 0 0 0 0 0 0 0 0 0 0 0 0 0 0 0 0 0 0 0 0 0 1 0 0]
[432258947390771439428668568943929283711592668488908665806100022273937971212337 0 0 0 0 0 0 0 0 0 0 0 0 0 0 0 0 0 0 0 0 0 0 0 1 0]
[1286008713946087631341880218272238044192595477707363535882739205341609328218120 0 0 0 0 0 0 0 0 0 0 0 0 0 0 0 0 0 0 0 0 0 0 0 0 1]
]
