[[1253888839528143130569960233801765810947581555100148987201675988523945533215377 0 0 0 0 0 0 0 0 0 0 0 0 0 0 0 0 0 0 0 0 0 0 0 0 0]
[277810605887066551457820692480698418614332502127817087182615800545543065630662 1 0 0 0 0 0 0 0 0 0 0 0 0 0 0 0 0 0 0 0 0 0 0 0 0]
[611186354274799543316023704200942621369148309517492753092273969674023458850163 0 1 0 0 0 0 0 0 0 0 0 0 0 0 0 0 0 0 0 0 0 0 0 0 0]
[280097373041591931927360029480057188954616592151614690312658758612076077462017 0 0 1 0 0 0 0 0 0 0 0 0 0 0 0 0 0 0 0 0 0 0 0 0 0]
[491573300138235305787058853638021453760672267637739670175052522297050602654780 0 0 0 1 0 0 0 0 0 0 0 0 0 0 0 0 0 0 0 0 0 0 0 0 0]
[643396873114153047490861964639046180872099602667244461276306092482988880145656 0 0 0 0 1 0 0 0 0 0 0 0 0 0 0 0 0 0 0 0 0 0 0 0 0]
[1126610374994714818083000523523770438823430971799787581283591855057892296602641 0 0 0 0 0 1 0 0 0 0 0 0 0 0 0 0 0 0 0 0 0 0 0 0 0]
[1079739224300607219505685251859076533596008180994300965285769525981014699635281 0 0 0 0 0 0 1 0 0 0 0 0 0 0 0 0 0 0 0 0 0 0 0 0 0]
[717361774753024145044763689933232296896499346779237061668051929153142644582896 0 0 0 0 0 0 0 1 0 0 0 0 0 0 0 0 0 0 0 0 0 0 0 0 0]
[1091369631599749300081927890700248169234192282718756911746943220442599923802820 0 0 0 0 0 0 0 0 1 0 0 0 0 0 0 0 0 0 0 0 0 0 0 0 0]
[65535521771217573678227602386373801274691235198272020030704229791841184657835 0 0 0 0 0 0 0 0 0 1 0 0 0 0 0 0 0 0 0 0 0 0 0 0 0]
[675974090757834818759752097528271149406111058627456638905241576578126197769457 0 0 0 0 0 0 0 0 0 0 1 0 0 0 0 0 0 0 0 0 0 0 0 0 0]
[915994266684557346702294984765666511943616377635422546648364408713545875677614 0 0 0 0 0 0 0 0 0 0 0 1 0 0 0 0 0 0 0 0 0 0 0 0 0]
[224706943554388975744236383780355643445371072435766651809023542185428779830496 0 0 0 0 0 0 0 0 0 0 0 0 1 0 0 0 0 0 0 0 0 0 0 0 0]
[218589478969676269504921141687077557526597252802569292699930547007026467992860 0 0 0 0 0 0 0 0 0 0 0 0 0 1 0 0 0 0 0 0 0 0 0 0 0]
[356887161044122722407252967048593208588304834320711860919848629550044862716607 0 0 0 0 0 0 0 0 0 0 0 0 0 0 1 0 0 0 0 0 0 0 0 0 0]
[499427477168586724032315356052866574119829170435869541597578631207576400826455 0 0 0 0 0 0 0 0 0 0 0 0 0 0 0 1 0 0 0 0 0 0 0 0 0]
[1150389720667989647482618174864738786510076462483891899860618268869400815347364 0 0 0 0 0 0 0 0 0 0 0 0 0 0 0 0 1 0 0 0 0 0 0 0 0]
[334247976274427341337388910357804486995851992085465977335101263825219078476874 0 0 0 0 0 0 0 0 0 0 0 0 0 0 0 0 0 1 0 0 0 0 0 0 0]
[394232756778684028254269735800232860350880432928646771179344156658080245749561 0 0 0 0 0 0 0 0 0 0 0 0 0 0 0 0 0 0 1 0 0 0 0 0 0]
[673880043559489469712394466724842395834535558910377261114482974140995078755652 0 0 0 0 0 0 0 0 0 0 0 0 0 0 0 0 0 0 0 1 0 0 0 0 0]
[475867475264706914039402820037280836701525032969890881997722635132522553164867 0 0 0 0 0 0 0 0 0 0 0 0 0 0 0 0 0 0 0 0 1 0 0 0 0]
[457828832714581635908279186295138479479986812738705676372677254235838851549042 0 0 0 0 0 0 0 0 0 0 0 0 0 0 0 0 0 0 0 0 0 1 0 0 0]
[1198720745506649971123782523723918006922531581446485175741760738576984121673247 0 0 0 0 0 0 0 0 0 0 0 0 0 0 0 0 0 0 0 0 0 0 1 0 0]
[249825136928090540352337228867417461333604954573405284845905750385715967898270 0 0 0 0 0 0 0 0 0 0 0 0 0 0 0 0 0 0 0 0 0 0 0 1 0]
[222746428680189651922385322981943573436655568466138679541252281736784617268169 0 0 0 0 0 0 0 0 0 0 0 0 0 0 0 0 0 0 0 0 0 0 0 0 1]
]
