[[1321594317140427218313784404152763866151633440908586042937057363853543914113981 0 0 0 0 0 0 0 0 0 0 0 0 0 0 0 0 0 0 0 0 0 0 0 0 0]
[925239540354771469867029714844077467948755318497891873290246850983521316219586 1 0 0 0 0 0 0 0 0 0 0 0 0 0 0 0 0 0 0 0 0 0 0 0 0]
[884878727519280193469083027365286405146635915406858476701690788554584447825405 0 1 0 0 0 0 0 0 0 0 0 0 0 0 0 0 0 0 0 0 0 0 0 0 0]
[728425649663930798215061131151459592558784975608492687758045235580602033499454 0 0 1 0 0 0 0 0 0 0 0 0 0 0 0 0 0 0 0 0 0 0 0 0 0]
[280335062130324061354192305304374575749631106526455384209387145185331949589559 0 0 0 1 0 0 0 0 0 0 0 0 0 0 0 0 0 0 0 0 0 0 0 0 0]
[701634476578915740484221261584367364437901704269835905026390751571457145216560 0 0 0 0 1 0 0 0 0 0 0 0 0 0 0 0 0 0 0 0 0 0 0 0 0]
[811947677893811158430518553428602560220007026879635953042029334762354358351740 0 0 0 0 0 1 0 0 0 0 0 0 0 0 0 0 0 0 0 0 0 0 0 0 0]
[69053020180991510770339526662721829874187318972239812220028609925469958618670 0 0 0 0 0 0 1 0 0 0 0 0 0 0 0 0 0 0 0 0 0 0 0 0 0]
[1218587885291070072751895050249536814896167437190440752388534161488018492354132 0 0 0 0 0 0 0 1 0 0 0 0 0 0 0 0 0 0 0 0 0 0 0 0 0]
[466063711788758649457070583052484158502304909448972701658452849287032888813320 0 0 0 0 0 0 0 0 1 0 0 0 0 0 0 0 0 0 0 0 0 0 0 0 0]
[32195877016737444066009577341096347740157573341330123482450111183614601980497 0 0 0 0 0 0 0 0 0 1 0 0 0 0 0 0 0 0 0 0 0 0 0 0 0]
[915081385880261779275710808098292579712619669613306206186402783717041786415327 0 0 0 0 0 0 0 0 0 0 1 0 0 0 0 0 0 0 0 0 0 0 0 0 0]
[1145783354053240619235966108515368031226160986974022917431789967796354245311251 0 0 0 0 0 0 0 0 0 0 0 1 0 0 0 0 0 0 0 0 0 0 0 0 0]
[651774657547386370784360567641971177464504638207474022470440155570219272902913 0 0 0 0 0 0 0 0 0 0 0 0 1 0 0 0 0 0 0 0 0 0 0 0 0]
[10729757598058563794670706074353824873650795070952633236051216710346976758114 0 0 0 0 0 0 0 0 0 0 0 0 0 1 0 0 0 0 0 0 0 0 0 0 0]
[628970838620333321236118909340266604675230979526044442264063091804000498784897 0 0 0 0 0 0 0 0 0 0 0 0 0 0 1 0 0 0 0 0 0 0 0 0 0]
[1247617909428005179978883018214772718289662568064973501897121975267141638761835 0 0 0 0 0 0 0 0 0 0 0 0 0 0 0 1 0 0 0 0 0 0 0 0 0]
[874662205934733942315730397429534913762984012429065499001153857315057820558272 0 0 0 0 0 0 0 0 0 0 0 0 0 0 0 0 1 0 0 0 0 0 0 0 0]
[210272291731790881511156838380848816961676195309811359323096203884308810045485 0 0 0 0 0 0 0 0 0 0 0 0 0 0 0 0 0 1 0 0 0 0 0 0 0]
[245198188152004336909527665988205744191633982373557028034572679267220052859724 0 0 0 0 0 0 0 0 0 0 0 0 0 0 0 0 0 0 1 0 0 0 0 0 0]
[961353535648030561740793923163868154782959199846823039411768130292681905158531 0 0 0 0 0 0 0 0 0 0 0 0 0 0 0 0 0 0 0 1 0 0 0 0 0]
[492305307890280852261434937331053985844899468887665852292146352295090127176818 0 0 0 0 0 0 0 0 0 0 0 0 0 0 0 0 0 0 0 0 1 0 0 0 0]
[235007193261552148526401316713730588557718974914711400338058460103087514944716 0 0 0 0 0 0 0 0 0 0 0 0 0 0 0 0 0 0 0 0 0 1 0 0 0]
[599223918257412588866083819535861336968253063845367892197712045147431114703438 0 0 0 0 0 0 0 0 0 0 0 0 0 0 0 0 0 0 0 0 0 0 1 0 0]
[702776315294468462378714705686750431694008160533222149253144913802371037031119 0 0 0 0 0 0 0 0 0 0 0 0 0 0 0 0 0 0 0 0 0 0 0 1 0]
[394249868320278744111657628624907752071340822422324841747705693081156018239079 0 0 0 0 0 0 0 0 0 0 0 0 0 0 0 0 0 0 0 0 0 0 0 0 1]
]
