[[960802623915242046073758098487981913544691223988458452708715829728911553343273 0 0 0 0 0 0 0 0 0 0 0 0 0 0 0 0 0 0 0 0 0 0 0 0 0]
[6458585058183289225087569277892567322126869253077891071461844514864011579529 1 0 0 0 0 0 0 0 0 0 0 0 0 0 0 0 0 0 0 0 0 0 0 0 0]
[156055703337690254511318307371368315232560437927474244246957732941098597368057 0 1 0 0 0 0 0 0 0 0 0 0 0 0 0 0 0 0 0 0 0 0 0 0 0]
[318203628859112461328327828778332028150622892485793771100273648858941199779246 0 0 1 0 0 0 0 0 0 0 0 0 0 0 0 0 0 0 0 0 0 0 0 0 0]
[10425817345371834463860197228803230207230847272947232257699865263449166479120 0 0 0 1 0 0 0 0 0 0 0 0 0 0 0 0 0 0 0 0 0 0 0 0 0]
[617847998753566615088351497278951959963437055256908026319962725010279141195139 0 0 0 0 1 0 0 0 0 0 0 0 0 0 0 0 0 0 0 0 0 0 0 0 0]
[49046842723523390620506033541054939806638067497760450021446558323123966332313 0 0 0 0 0 1 0 0 0 0 0 0 0 0 0 0 0 0 0 0 0 0 0 0 0]
[765610359788212522026928428121243470898029699380193555977289810081232023001717 0 0 0 0 0 0 1 0 0 0 0 0 0 0 0 0 0 0 0 0 0 0 0 0 0]
[770943006593586730792872438029656229063682459308527206014031785144875483311364 0 0 0 0 0 0 0 1 0 0 0 0 0 0 0 0 0 0 0 0 0 0 0 0 0]
[370607111874497813268414487239337444024326293308258533506581416144079047419178 0 0 0 0 0 0 0 0 1 0 0 0 0 0 0 0 0 0 0 0 0 0 0 0 0]
[926832502498752155924211599197729284736734047838385229567606117916971525540365 0 0 0 0 0 0 0 0 0 1 0 0 0 0 0 0 0 0 0 0 0 0 0 0 0]
[338858473412253168651703509395974247217596376994239510480301098920131604086014 0 0 0 0 0 0 0 0 0 0 1 0 0 0 0 0 0 0 0 0 0 0 0 0 0]
[798465882327266473868108870922569523992372097181288080089900103839890013383451 0 0 0 0 0 0 0 0 0 0 0 1 0 0 0 0 0 0 0 0 0 0 0 0 0]
[338496004238290725975232866978124399569892100453445296180630818004377942011800 0 0 0 0 0 0 0 0 0 0 0 0 1 0 0 0 0 0 0 0 0 0 0 0 0]
[784362769631471675317401457078815132237031105756295880778724038436550306554085 0 0 0 0 0 0 0 0 0 0 0 0 0 1 0 0 0 0 0 0 0 0 0 0 0]
[79886494492073946734627077177157872105835375188200734057442030997122568589320 0 0 0 0 0 0 0 0 0 0 0 0 0 0 1 0 0 0 0 0 0 0 0 0 0]
[102330154885614901853726605695613611995050628268020390823689432062589571653373 0 0 0 0 0 0 0 0 0 0 0 0 0 0 0 1 0 0 0 0 0 0 0 0 0]
[94302180445436659876898124900841721106574676102645059444675820222778904227816 0 0 0 0 0 0 0 0 0 0 0 0 0 0 0 0 1 0 0 0 0 0 0 0 0]
[212626196026615295525664456037442535906637149387327551453015386444612881341577 0 0 0 0 0 0 0 0 0 0 0 0 0 0 0 0 0 1 0 0 0 0 0 0 0]
[6290405853801277075201721550789810420030161241824623967066540126220516531165 0 0 0 0 0 0 0 0 0 0 0 0 0 0 0 0 0 0 1 0 0 0 0 0 0]
[675116863027005467525791058557576869249119968633413763224515767308867019770243 0 0 0 0 0 0 0 0 0 0 0 0 0 0 0 0 0 0 0 1 0 0 0 0 0]
[759316909444512917594063787123539102339491267378382829053354345911526126100612 0 0 0 0 0 0 0 0 0 0 0 0 0 0 0 0 0 0 0 0 1 0 0 0 0]
[339394263405393977249287287453811245903484246353383151401113056580317516513258 0 0 0 0 0 0 0 0 0 0 0 0 0 0 0 0 0 0 0 0 0 1 0 0 0]
[496118575032679087491201256327908839664443152453795931694625631946285841712658 0 0 0 0 0 0 0 0 0 0 0 0 0 0 0 0 0 0 0 0 0 0 1 0 0]
[496909173527332374340966843695982666677715861977277959864721441617353108601715 0 0 0 0 0 0 0 0 0 0 0 0 0 0 0 0 0 0 0 0 0 0 0 1 0]
[696302735995812373274805108796033409520270260970558188617934607956586269822336 0 0 0 0 0 0 0 0 0 0 0 0 0 0 0 0 0 0 0 0 0 0 0 0 1]
]
