[[1270373591343219055710199209021984974552127097992320970011769225984835263845107 0 0 0 0 0 0 0 0 0 0 0 0 0 0 0 0 0 0 0 0 0 0 0 0 0]
[1129392010969943400571498557732907296241631214356172750427056176087397116501079 1 0 0 0 0 0 0 0 0 0 0 0 0 0 0 0 0 0 0 0 0 0 0 0 0]
[256186338132981132360017527191188312489372453582151987480388137250240263856999 0 1 0 0 0 0 0 0 0 0 0 0 0 0 0 0 0 0 0 0 0 0 0 0 0]
[1249745535402417880661178272381302025392263830598803167548764848282977145627840 0 0 1 0 0 0 0 0 0 0 0 0 0 0 0 0 0 0 0 0 0 0 0 0 0]
[185645338827317356757359299847110856715276951083321586124439864769700763026749 0 0 0 1 0 0 0 0 0 0 0 0 0 0 0 0 0 0 0 0 0 0 0 0 0]
[1123317928542319469640492129841721631109594408489426387510130130941642086489455 0 0 0 0 1 0 0 0 0 0 0 0 0 0 0 0 0 0 0 0 0 0 0 0 0]
[682142965856027809797428219444531064179509530807755065406218714026642398465711 0 0 0 0 0 1 0 0 0 0 0 0 0 0 0 0 0 0 0 0 0 0 0 0 0]
[812939850149343021367734515178679149803701545047580415985685886904936972590295 0 0 0 0 0 0 1 0 0 0 0 0 0 0 0 0 0 0 0 0 0 0 0 0 0]
[111250467828441585144814102557785594015575934833140890977046133383343599510083 0 0 0 0 0 0 0 1 0 0 0 0 0 0 0 0 0 0 0 0 0 0 0 0 0]
[666065244230616162658274766353448762543365978855722961879889536166941357683041 0 0 0 0 0 0 0 0 1 0 0 0 0 0 0 0 0 0 0 0 0 0 0 0 0]
[1179647196113042059711352285784220271667699773620796644271747299463031483899931 0 0 0 0 0 0 0 0 0 1 0 0 0 0 0 0 0 0 0 0 0 0 0 0 0]
[345980211786267653728301175961233409069676204909218871985816217196652964907911 0 0 0 0 0 0 0 0 0 0 1 0 0 0 0 0 0 0 0 0 0 0 0 0 0]
[931502924393005600861434786928149261116555108543295224786672692784610283069596 0 0 0 0 0 0 0 0 0 0 0 1 0 0 0 0 0 0 0 0 0 0 0 0 0]
[1026909330612751652035775900885967432785200022526960092491164245011298296180462 0 0 0 0 0 0 0 0 0 0 0 0 1 0 0 0 0 0 0 0 0 0 0 0 0]
[1264254891162199735168014873716094245800738570976201509679521130025933901962717 0 0 0 0 0 0 0 0 0 0 0 0 0 1 0 0 0 0 0 0 0 0 0 0 0]
[793719568579235132126753964736246141669741207555038487409727009267047661651617 0 0 0 0 0 0 0 0 0 0 0 0 0 0 1 0 0 0 0 0 0 0 0 0 0]
[1199465020365313003272117899204686483571722097498807160851656691028446266318144 0 0 0 0 0 0 0 0 0 0 0 0 0 0 0 1 0 0 0 0 0 0 0 0 0]
[1103741578796262637352680424839892417478767901877549188572923131675809228033685 0 0 0 0 0 0 0 0 0 0 0 0 0 0 0 0 1 0 0 0 0 0 0 0 0]
[669174281990444678220725140434770050949425455231317569392187597582348180502303 0 0 0 0 0 0 0 0 0 0 0 0 0 0 0 0 0 1 0 0 0 0 0 0 0]
[598394859548235522140847820155228589513222720305354674263313319017045361397018 0 0 0 0 0 0 0 0 0 0 0 0 0 0 0 0 0 0 1 0 0 0 0 0 0]
[14904889661061739566975255347459595664273092424018482962363848549883185247213 0 0 0 0 0 0 0 0 0 0 0 0 0 0 0 0 0 0 0 1 0 0 0 0 0]
[646056810813743440618855671923115969241456247176936897167124946233526593501382 0 0 0 0 0 0 0 0 0 0 0 0 0 0 0 0 0 0 0 0 1 0 0 0 0]
[967019868329191767766626430347318104869542735338021921618608323640364138309469 0 0 0 0 0 0 0 0 0 0 0 0 0 0 0 0 0 0 0 0 0 1 0 0 0]
[581301247069718004197196237965312487574525993261021017825198558204637621050048 0 0 0 0 0 0 0 0 0 0 0 0 0 0 0 0 0 0 0 0 0 0 1 0 0]
[551212029684927388916291061421074104405724891298768219249059686030567721209001 0 0 0 0 0 0 0 0 0 0 0 0 0 0 0 0 0 0 0 0 0 0 0 1 0]
[485279924570573526129076267293136921971232668391022990950045871407433632301470 0 0 0 0 0 0 0 0 0 0 0 0 0 0 0 0 0 0 0 0 0 0 0 0 1]
]
