[[1346160774423312601104222694662512970018248279707312658382982068514445242581433 0 0 0 0 0 0 0 0 0 0 0 0 0 0 0 0 0 0 0 0 0 0 0 0 0]
[13947606343319940817874659312748679640406822777042102704568008739972702545840 1 0 0 0 0 0 0 0 0 0 0 0 0 0 0 0 0 0 0 0 0 0 0 0 0]
[465791990181223574661417450435175378988094415264212935096724117741202768955793 0 1 0 0 0 0 0 0 0 0 0 0 0 0 0 0 0 0 0 0 0 0 0 0 0]
[671978021416817333668653368295704914405660950351672103954663908890199434439609 0 0 1 0 0 0 0 0 0 0 0 0 0 0 0 0 0 0 0 0 0 0 0 0 0]
[1116314380298256165964449749711034223332234416631532574978926573377725011963163 0 0 0 1 0 0 0 0 0 0 0 0 0 0 0 0 0 0 0 0 0 0 0 0 0]
[759321168524724352762666346158460705024252587111080339287877351186032068683189 0 0 0 0 1 0 0 0 0 0 0 0 0 0 0 0 0 0 0 0 0 0 0 0 0]
[85506840206974414678414406399303028690279450620842980949142282457769878969848 0 0 0 0 0 1 0 0 0 0 0 0 0 0 0 0 0 0 0 0 0 0 0 0 0]
[1156567294564855699739677146068222382894833698051335001435344903228440083576237 0 0 0 0 0 0 1 0 0 0 0 0 0 0 0 0 0 0 0 0 0 0 0 0 0]
[54137360822460465962618494740556521718700110385832839867461491583754188383198 0 0 0 0 0 0 0 1 0 0 0 0 0 0 0 0 0 0 0 0 0 0 0 0 0]
[411714038881373174424971065907273814356126992202563895748313135478574255178740 0 0 0 0 0 0 0 0 1 0 0 0 0 0 0 0 0 0 0 0 0 0 0 0 0]
[142182333411699913306299645128762641468203250894383866816400680943320677384367 0 0 0 0 0 0 0 0 0 1 0 0 0 0 0 0 0 0 0 0 0 0 0 0 0]
[703566815806537950367201673985013357129231500647740717770117004477799171372313 0 0 0 0 0 0 0 0 0 0 1 0 0 0 0 0 0 0 0 0 0 0 0 0 0]
[951087730316308247923385946466385624427266091740759682645221163058484373714243 0 0 0 0 0 0 0 0 0 0 0 1 0 0 0 0 0 0 0 0 0 0 0 0 0]
[701741901258460513343758007116870844252559969501035805441634966520517843636859 0 0 0 0 0 0 0 0 0 0 0 0 1 0 0 0 0 0 0 0 0 0 0 0 0]
[968762588424975234427356422460720328610375457248670112584332186317241949766992 0 0 0 0 0 0 0 0 0 0 0 0 0 1 0 0 0 0 0 0 0 0 0 0 0]
[1198963212627042653628520094689822749367619286543636643145501192123125663139736 0 0 0 0 0 0 0 0 0 0 0 0 0 0 1 0 0 0 0 0 0 0 0 0 0]
[1042770826269638081946190030270726804845980273249463700888522561679040696440029 0 0 0 0 0 0 0 0 0 0 0 0 0 0 0 1 0 0 0 0 0 0 0 0 0]
[211535501146382075627755662782623466634252706645807944302097361706765206179615 0 0 0 0 0 0 0 0 0 0 0 0 0 0 0 0 1 0 0 0 0 0 0 0 0]
[357714738002006749378269518747328922553703819809726110854151976871128374007790 0 0 0 0 0 0 0 0 0 0 0 0 0 0 0 0 0 1 0 0 0 0 0 0 0]
[809235223612911062582762837754273391167923069179883122127298733551443204103232 0 0 0 0 0 0 0 0 0 0 0 0 0 0 0 0 0 0 1 0 0 0 0 0 0]
[1213175265554868274040392366837760871989330626353880142433353762282587934342419 0 0 0 0 0 0 0 0 0 0 0 0 0 0 0 0 0 0 0 1 0 0 0 0 0]
[271374320848175776107803633384515413609494027495431036572361050908109320664719 0 0 0 0 0 0 0 0 0 0 0 0 0 0 0 0 0 0 0 0 1 0 0 0 0]
[1240523519709457724866151398543329870186699859072733494317545161615284631772869 0 0 0 0 0 0 0 0 0 0 0 0 0 0 0 0 0 0 0 0 0 1 0 0 0]
[788929638480827951103861625828388811211001413345989284934062615604245823228390 0 0 0 0 0 0 0 0 0 0 0 0 0 0 0 0 0 0 0 0 0 0 1 0 0]
[225212870410532871914606360584027859698795291581740243926233854295116278190299 0 0 0 0 0 0 0 0 0 0 0 0 0 0 0 0 0 0 0 0 0 0 0 1 0]
[603480368264192920455556653858539496278475242149361884272869521858050362373055 0 0 0 0 0 0 0 0 0 0 0 0 0 0 0 0 0 0 0 0 0 0 0 0 1]
]
