[[1206838677575055486506313599266399514074618527852470965013111039135555292313591 0 0 0 0 0 0 0 0 0 0 0 0 0 0 0 0 0 0 0 0 0 0 0 0 0]
[858904264958830599093763430606037837267808763723728432954646559163473129218028 1 0 0 0 0 0 0 0 0 0 0 0 0 0 0 0 0 0 0 0 0 0 0 0 0]
[711647574210150349522179760672933282430872271085332184914888713224315169861628 0 1 0 0 0 0 0 0 0 0 0 0 0 0 0 0 0 0 0 0 0 0 0 0 0]
[472858987903166950339077711534167892810704628556635570219669529597797966819642 0 0 1 0 0 0 0 0 0 0 0 0 0 0 0 0 0 0 0 0 0 0 0 0 0]
[772277716750165375101132331021093527313189606182129189435107516928834020123597 0 0 0 1 0 0 0 0 0 0 0 0 0 0 0 0 0 0 0 0 0 0 0 0 0]
[304773180546748455268849890731390835014649084869422923756846196117228898707814 0 0 0 0 1 0 0 0 0 0 0 0 0 0 0 0 0 0 0 0 0 0 0 0 0]
[449251798641893377693630100771241099567626077528852242269011605982505148811671 0 0 0 0 0 1 0 0 0 0 0 0 0 0 0 0 0 0 0 0 0 0 0 0 0]
[642248006798366698030858935193532983552083274357363095746421133316056893030121 0 0 0 0 0 0 1 0 0 0 0 0 0 0 0 0 0 0 0 0 0 0 0 0 0]
[913131234815874626770402570609614582195195017970714454161523819383978933696606 0 0 0 0 0 0 0 1 0 0 0 0 0 0 0 0 0 0 0 0 0 0 0 0 0]
[329246340288185465402082841157915720800453522114414652265744468358485493488086 0 0 0 0 0 0 0 0 1 0 0 0 0 0 0 0 0 0 0 0 0 0 0 0 0]
[984048949378098574501569624726179247104648538388270155900395779193324570628080 0 0 0 0 0 0 0 0 0 1 0 0 0 0 0 0 0 0 0 0 0 0 0 0 0]
[974197219390024493372442036301407834999801677160097263169330518020831593577655 0 0 0 0 0 0 0 0 0 0 1 0 0 0 0 0 0 0 0 0 0 0 0 0 0]
[906182028345681702903431682987311410244536679705339268291249447582230376283086 0 0 0 0 0 0 0 0 0 0 0 1 0 0 0 0 0 0 0 0 0 0 0 0 0]
[1150393313105105182858585718961887962099525798060279644967365990946940494809631 0 0 0 0 0 0 0 0 0 0 0 0 1 0 0 0 0 0 0 0 0 0 0 0 0]
[10109933055603023609228920188463266040211110513867313084057770485741416548179 0 0 0 0 0 0 0 0 0 0 0 0 0 1 0 0 0 0 0 0 0 0 0 0 0]
[602760010675858256065449032410381565305956515958922698396478254155946563170030 0 0 0 0 0 0 0 0 0 0 0 0 0 0 1 0 0 0 0 0 0 0 0 0 0]
[1032226367742114857706638923134195713130516065405665346736705197749786765598028 0 0 0 0 0 0 0 0 0 0 0 0 0 0 0 1 0 0 0 0 0 0 0 0 0]
[934368169311671069607179407496679082110209757067272919053068679334268698384523 0 0 0 0 0 0 0 0 0 0 0 0 0 0 0 0 1 0 0 0 0 0 0 0 0]
[879074682789638728629490778587380988553699335680641412568241707202602595433702 0 0 0 0 0 0 0 0 0 0 0 0 0 0 0 0 0 1 0 0 0 0 0 0 0]
[956061609886779117002178622201989457280406584630288547921665446564581478296390 0 0 0 0 0 0 0 0 0 0 0 0 0 0 0 0 0 0 1 0 0 0 0 0 0]
[1011787078527431094897954750547079968541054621648523356689158104083485453130787 0 0 0 0 0 0 0 0 0 0 0 0 0 0 0 0 0 0 0 1 0 0 0 0 0]
[555839497823936894633941945471038367807921267362352789035459119372470249311954 0 0 0 0 0 0 0 0 0 0 0 0 0 0 0 0 0 0 0 0 1 0 0 0 0]
[1203706661552936835967319951455891093596114165291292300603635150316844453437989 0 0 0 0 0 0 0 0 0 0 0 0 0 0 0 0 0 0 0 0 0 1 0 0 0]
[1135538078518298538783957938870282141496213780902509769036151820263753731580200 0 0 0 0 0 0 0 0 0 0 0 0 0 0 0 0 0 0 0 0 0 0 1 0 0]
[401354151935883222682018478401318342995328729596025451316633621258270959280339 0 0 0 0 0 0 0 0 0 0 0 0 0 0 0 0 0 0 0 0 0 0 0 1 0]
[1183149954262668650935887287489077046469644539729739929156734983223628776019122 0 0 0 0 0 0 0 0 0 0 0 0 0 0 0 0 0 0 0 0 0 0 0 0 1]
]
