[[1060335669693703633244134240164056749061830073034263909120085446186594715610577 0 0 0 0 0 0 0 0 0 0 0 0 0 0 0 0 0 0 0 0 0 0 0 0 0]
[968767414269403161262482844702448361420865877761076089589752901250383314485697 1 0 0 0 0 0 0 0 0 0 0 0 0 0 0 0 0 0 0 0 0 0 0 0 0]
[389942661785922701735606483407135766609592278378964973983188508814141738383370 0 1 0 0 0 0 0 0 0 0 0 0 0 0 0 0 0 0 0 0 0 0 0 0 0]
[195825285731100322924178545080840605601270563460936200072443495615355369791770 0 0 1 0 0 0 0 0 0 0 0 0 0 0 0 0 0 0 0 0 0 0 0 0 0]
[930326259158492171496387778640132838042381435489850792764165142118848365230730 0 0 0 1 0 0 0 0 0 0 0 0 0 0 0 0 0 0 0 0 0 0 0 0 0]
[247474236208455385403211159953390110020595069338104663778713534755577391469285 0 0 0 0 1 0 0 0 0 0 0 0 0 0 0 0 0 0 0 0 0 0 0 0 0]
[812252110434018197357639489859022988325092127639973177367625960860043808003570 0 0 0 0 0 1 0 0 0 0 0 0 0 0 0 0 0 0 0 0 0 0 0 0 0]
[1036501475300626561092117538359712247815039150688912884873839985667109399527719 0 0 0 0 0 0 1 0 0 0 0 0 0 0 0 0 0 0 0 0 0 0 0 0 0]
[592507711754909276246152067205638966676704385650798481346766554245862268912732 0 0 0 0 0 0 0 1 0 0 0 0 0 0 0 0 0 0 0 0 0 0 0 0 0]
[78357560111298639500466783594064952763681450685984981399485053123704827016123 0 0 0 0 0 0 0 0 1 0 0 0 0 0 0 0 0 0 0 0 0 0 0 0 0]
[1043529345660576649732388293078749699181700167373500673819639915310697756333561 0 0 0 0 0 0 0 0 0 1 0 0 0 0 0 0 0 0 0 0 0 0 0 0 0]
[585450285740917902478244400625480139099578659526554904432037809067727390889678 0 0 0 0 0 0 0 0 0 0 1 0 0 0 0 0 0 0 0 0 0 0 0 0 0]
[544532416849738625369981876839504753517355423539190634777015587823389521316385 0 0 0 0 0 0 0 0 0 0 0 1 0 0 0 0 0 0 0 0 0 0 0 0 0]
[1050760104434009366018171453923976453448779501930068988227256761342624722294301 0 0 0 0 0 0 0 0 0 0 0 0 1 0 0 0 0 0 0 0 0 0 0 0 0]
[692190430115089547842217536297236755685116099892722761481290569497252165492519 0 0 0 0 0 0 0 0 0 0 0 0 0 1 0 0 0 0 0 0 0 0 0 0 0]
[298854412129746894352340207301981630974612845275734548792999976464867998162920 0 0 0 0 0 0 0 0 0 0 0 0 0 0 1 0 0 0 0 0 0 0 0 0 0]
[621336779766256019804339163394352629375081688481661617779130836297431845397203 0 0 0 0 0 0 0 0 0 0 0 0 0 0 0 1 0 0 0 0 0 0 0 0 0]
[135560696283172707694765379022495231252795493632454152009759240878965197300530 0 0 0 0 0 0 0 0 0 0 0 0 0 0 0 0 1 0 0 0 0 0 0 0 0]
[96039660704327635689735000695739111667735193983715436487502121283076919707975 0 0 0 0 0 0 0 0 0 0 0 0 0 0 0 0 0 1 0 0 0 0 0 0 0]
[965982370869630268880563477070393663187604584484193622434645349292139564083624 0 0 0 0 0 0 0 0 0 0 0 0 0 0 0 0 0 0 1 0 0 0 0 0 0]
[307260588545529375119924947131786637846001705316584550776728571967369736616018 0 0 0 0 0 0 0 0 0 0 0 0 0 0 0 0 0 0 0 1 0 0 0 0 0]
[945609915759483924424516192923146649628447545245423127238833467828735255005595 0 0 0 0 0 0 0 0 0 0 0 0 0 0 0 0 0 0 0 0 1 0 0 0 0]
[392668119420348673398869081550642704979475773170475440635327681034418445195346 0 0 0 0 0 0 0 0 0 0 0 0 0 0 0 0 0 0 0 0 0 1 0 0 0]
[607340357845860150401030826197407419501810197316697624734048239644607034447078 0 0 0 0 0 0 0 0 0 0 0 0 0 0 0 0 0 0 0 0 0 0 1 0 0]
[739296712370570035989181035014536843845269185057109305608501600144398183896365 0 0 0 0 0 0 0 0 0 0 0 0 0 0 0 0 0 0 0 0 0 0 0 1 0]
[735059170239810746973107933056531997331170285580048963844775799896279777818178 0 0 0 0 0 0 0 0 0 0 0 0 0 0 0 0 0 0 0 0 0 0 0 0 1]
]
