[[968534754691560009025229191307893587608328898640672105579500892397380928451213 0 0 0 0 0 0 0 0 0 0 0 0 0 0 0 0 0 0 0 0 0 0 0 0 0]
[403571308843294677339594349702286406483428449066390642095084938000481083282877 1 0 0 0 0 0 0 0 0 0 0 0 0 0 0 0 0 0 0 0 0 0 0 0 0]
[402994558736515429759324018661931641105239812146253228057153414554451829283125 0 1 0 0 0 0 0 0 0 0 0 0 0 0 0 0 0 0 0 0 0 0 0 0 0]
[902106730229097047811754258948874747309765837741408632798640259474612255940555 0 0 1 0 0 0 0 0 0 0 0 0 0 0 0 0 0 0 0 0 0 0 0 0 0]
[66086894217244752131436547586960666035299954485308283752500154988544457997768 0 0 0 1 0 0 0 0 0 0 0 0 0 0 0 0 0 0 0 0 0 0 0 0 0]
[29575639472890865882250647960480793360346212178165132853310183901921360082087 0 0 0 0 1 0 0 0 0 0 0 0 0 0 0 0 0 0 0 0 0 0 0 0 0]
[518900666131018706965632252543294438095018155132672658907363558486591492162830 0 0 0 0 0 1 0 0 0 0 0 0 0 0 0 0 0 0 0 0 0 0 0 0 0]
[431740470335035792168762323276498571370698930397304372174311816623911885571525 0 0 0 0 0 0 1 0 0 0 0 0 0 0 0 0 0 0 0 0 0 0 0 0 0]
[252776816665354723453469684492414467085512397863124306658336843295054074586788 0 0 0 0 0 0 0 1 0 0 0 0 0 0 0 0 0 0 0 0 0 0 0 0 0]
[892413714898767478534662979963370814551508619129312469567823039978705588780087 0 0 0 0 0 0 0 0 1 0 0 0 0 0 0 0 0 0 0 0 0 0 0 0 0]
[160203449712346479608587007041178264816478819751913811307476792423108106258310 0 0 0 0 0 0 0 0 0 1 0 0 0 0 0 0 0 0 0 0 0 0 0 0 0]
[708131188221720467852421729900042198327971654260023484001725489248191634221628 0 0 0 0 0 0 0 0 0 0 1 0 0 0 0 0 0 0 0 0 0 0 0 0 0]
[694969554171387593633592522862253937718833838524881263130634687322910257722246 0 0 0 0 0 0 0 0 0 0 0 1 0 0 0 0 0 0 0 0 0 0 0 0 0]
[614855098696309025899850396137696961541419099805699968441098835237994758328435 0 0 0 0 0 0 0 0 0 0 0 0 1 0 0 0 0 0 0 0 0 0 0 0 0]
[81754088473618175079934073106401468688530186415995063683152133444855157752273 0 0 0 0 0 0 0 0 0 0 0 0 0 1 0 0 0 0 0 0 0 0 0 0 0]
[615122774429077335858202734059850177265331962493336092763240096854876862315173 0 0 0 0 0 0 0 0 0 0 0 0 0 0 1 0 0 0 0 0 0 0 0 0 0]
[799590162493225991734328442181049980755979170342273846085588034908523413024347 0 0 0 0 0 0 0 0 0 0 0 0 0 0 0 1 0 0 0 0 0 0 0 0 0]
[656758980799812633629439397755486449318507332909841119458319798854894010413098 0 0 0 0 0 0 0 0 0 0 0 0 0 0 0 0 1 0 0 0 0 0 0 0 0]
[205103871885792535834892349857535793945038955245195689214391044223061371970535 0 0 0 0 0 0 0 0 0 0 0 0 0 0 0 0 0 1 0 0 0 0 0 0 0]
[940396400778500299860879996408811465120111703209493381326105327205143830705953 0 0 0 0 0 0 0 0 0 0 0 0 0 0 0 0 0 0 1 0 0 0 0 0 0]
[313750279791494684464855468981406039379686876809165952851036520390037558475281 0 0 0 0 0 0 0 0 0 0 0 0 0 0 0 0 0 0 0 1 0 0 0 0 0]
[863578507685377673205851243574777362053764453435998472631532600621361237419692 0 0 0 0 0 0 0 0 0 0 0 0 0 0 0 0 0 0 0 0 1 0 0 0 0]
[526388780352497338692781842481251520871685811485218727897542255892177127341316 0 0 0 0 0 0 0 0 0 0 0 0 0 0 0 0 0 0 0 0 0 1 0 0 0]
[511764230134432241201315769270481496419243484716830028625183319916593194898554 0 0 0 0 0 0 0 0 0 0 0 0 0 0 0 0 0 0 0 0 0 0 1 0 0]
[127551471853448825403966398106709855775578625816119310767205353796215949096083 0 0 0 0 0 0 0 0 0 0 0 0 0 0 0 0 0 0 0 0 0 0 0 1 0]
[937559655020081962871549262652987402292007289185721873597672213590038498146724 0 0 0 0 0 0 0 0 0 0 0 0 0 0 0 0 0 0 0 0 0 0 0 0 1]
]
