[[1016382359421108487672408740147734004963975813759607924755628519491348965653619 0 0 0 0 0 0 0 0 0 0 0 0 0 0 0 0 0 0 0 0 0 0 0 0 0]
[328314008686741592705310620972725230620515306681514033192574316934260473913369 1 0 0 0 0 0 0 0 0 0 0 0 0 0 0 0 0 0 0 0 0 0 0 0 0]
[561039730167522545292261231491609086183691377645154670084984787857504866277482 0 1 0 0 0 0 0 0 0 0 0 0 0 0 0 0 0 0 0 0 0 0 0 0 0]
[89750180139134547459458698420104952565450087262490519141354929411889461156652 0 0 1 0 0 0 0 0 0 0 0 0 0 0 0 0 0 0 0 0 0 0 0 0 0]
[722347609612825155065435666481446438279984658702081450670762018875362636670831 0 0 0 1 0 0 0 0 0 0 0 0 0 0 0 0 0 0 0 0 0 0 0 0 0]
[122982180871593190924366874209383470251971274222437152579622941561214433580340 0 0 0 0 1 0 0 0 0 0 0 0 0 0 0 0 0 0 0 0 0 0 0 0 0]
[206987593051280123492122928396993057866421331692083077616818499876461919058929 0 0 0 0 0 1 0 0 0 0 0 0 0 0 0 0 0 0 0 0 0 0 0 0 0]
[329351289164336707194900731285330546690044144403670185050584461295870221542282 0 0 0 0 0 0 1 0 0 0 0 0 0 0 0 0 0 0 0 0 0 0 0 0 0]
[319470903376755771339463685029998156330748895104314322944260016704866231879171 0 0 0 0 0 0 0 1 0 0 0 0 0 0 0 0 0 0 0 0 0 0 0 0 0]
[799687291353556693865924962711237388580955391097648280484485604341918600012433 0 0 0 0 0 0 0 0 1 0 0 0 0 0 0 0 0 0 0 0 0 0 0 0 0]
[850196954974519722284587095723284165763003336163459001370137150067844311031239 0 0 0 0 0 0 0 0 0 1 0 0 0 0 0 0 0 0 0 0 0 0 0 0 0]
[341833291613620455870914706601060695171185108158311021237999727049866356247141 0 0 0 0 0 0 0 0 0 0 1 0 0 0 0 0 0 0 0 0 0 0 0 0 0]
[239003354202565222684243633456222519743860554570701515182143585022175518970975 0 0 0 0 0 0 0 0 0 0 0 1 0 0 0 0 0 0 0 0 0 0 0 0 0]
[153006331829002976901006921318869007700126342280985760422191055058871571673391 0 0 0 0 0 0 0 0 0 0 0 0 1 0 0 0 0 0 0 0 0 0 0 0 0]
[318200651299244203550143595639595446736089802423929267222520683795627431893618 0 0 0 0 0 0 0 0 0 0 0 0 0 1 0 0 0 0 0 0 0 0 0 0 0]
[642858577407595361849596985154622431859447497324871899392943164805740283209983 0 0 0 0 0 0 0 0 0 0 0 0 0 0 1 0 0 0 0 0 0 0 0 0 0]
[41562117855063457919689662018858004998079261147189443819394542523305894486957 0 0 0 0 0 0 0 0 0 0 0 0 0 0 0 1 0 0 0 0 0 0 0 0 0]
[742682284568130118404490931398056419798506214261127128006982001599085238137275 0 0 0 0 0 0 0 0 0 0 0 0 0 0 0 0 1 0 0 0 0 0 0 0 0]
[1014727385122014838294171127307042987439636153120857497971285028842998859948352 0 0 0 0 0 0 0 0 0 0 0 0 0 0 0 0 0 1 0 0 0 0 0 0 0]
[685540303415658031435806007010821013859378604269209788382572334822536906484793 0 0 0 0 0 0 0 0 0 0 0 0 0 0 0 0 0 0 1 0 0 0 0 0 0]
[422782852391029822510023362906068276477978821106447764157133895160748780124719 0 0 0 0 0 0 0 0 0 0 0 0 0 0 0 0 0 0 0 1 0 0 0 0 0]
[208520004299055601985343841791242369207571074114803763941711913411968501829827 0 0 0 0 0 0 0 0 0 0 0 0 0 0 0 0 0 0 0 0 1 0 0 0 0]
[694687772402534763754870508984295476846193911211377974395134878783103278220299 0 0 0 0 0 0 0 0 0 0 0 0 0 0 0 0 0 0 0 0 0 1 0 0 0]
[278201844625929444509111970834465855364068907163599277155979972076157767643301 0 0 0 0 0 0 0 0 0 0 0 0 0 0 0 0 0 0 0 0 0 0 1 0 0]
[92224153346162013104042992163333149251065380182363305564674614589262830157517 0 0 0 0 0 0 0 0 0 0 0 0 0 0 0 0 0 0 0 0 0 0 0 1 0]
[267363393930056473702240426207366329665479588526002915398733200190754123381698 0 0 0 0 0 0 0 0 0 0 0 0 0 0 0 0 0 0 0 0 0 0 0 0 1]
]
