[[1743113928242247276569458944473948970290372529247972485674563145175857311804027 0 0 0 0 0 0 0 0 0 0 0 0 0 0 0 0 0 0 0 0 0 0 0 0 0]
[1368525252568059415112708267087050562818765372428716230429659090862784464705936 1 0 0 0 0 0 0 0 0 0 0 0 0 0 0 0 0 0 0 0 0 0 0 0 0]
[401575041768510242662021143826583903115189785166474854794325609865612031968363 0 1 0 0 0 0 0 0 0 0 0 0 0 0 0 0 0 0 0 0 0 0 0 0 0]
[1103856563215944357870901211603941030282855039199900125998439679720588327257815 0 0 1 0 0 0 0 0 0 0 0 0 0 0 0 0 0 0 0 0 0 0 0 0 0]
[1002913386083375430488918258851387388524948270905053695175195975515404740989666 0 0 0 1 0 0 0 0 0 0 0 0 0 0 0 0 0 0 0 0 0 0 0 0 0]
[1083164029884856974200109903754260222520433544112477280638464966559144599553789 0 0 0 0 1 0 0 0 0 0 0 0 0 0 0 0 0 0 0 0 0 0 0 0 0]
[55349402586691269483653700116191426006332056098848325246561904802836096145561 0 0 0 0 0 1 0 0 0 0 0 0 0 0 0 0 0 0 0 0 0 0 0 0 0]
[803211465713516694707223587687856506760184625770247428582986414012114800648017 0 0 0 0 0 0 1 0 0 0 0 0 0 0 0 0 0 0 0 0 0 0 0 0 0]
[923841305496453047939664665575852237667874069504150025444490393087426278984934 0 0 0 0 0 0 0 1 0 0 0 0 0 0 0 0 0 0 0 0 0 0 0 0 0]
[775964312164494574873634017897645553371990347174433541393122717049321655536406 0 0 0 0 0 0 0 0 1 0 0 0 0 0 0 0 0 0 0 0 0 0 0 0 0]
[1193400116044090148588819396765478034833713670348286488543367854317625320226011 0 0 0 0 0 0 0 0 0 1 0 0 0 0 0 0 0 0 0 0 0 0 0 0 0]
[718256544992559591763476825638169932666174235849881431861363761727172682908174 0 0 0 0 0 0 0 0 0 0 1 0 0 0 0 0 0 0 0 0 0 0 0 0 0]
[167550414611072281204693285888295207724816967060749299677200315201657531300071 0 0 0 0 0 0 0 0 0 0 0 1 0 0 0 0 0 0 0 0 0 0 0 0 0]
[1200822324149125500028969477674087885620504314202559540637648657718569454409971 0 0 0 0 0 0 0 0 0 0 0 0 1 0 0 0 0 0 0 0 0 0 0 0 0]
[880228645599238183210989690143774146944945708667636316113931166822296612211889 0 0 0 0 0 0 0 0 0 0 0 0 0 1 0 0 0 0 0 0 0 0 0 0 0]
[11067442111718215920431134959805970886342803603063866802654579558424467822536 0 0 0 0 0 0 0 0 0 0 0 0 0 0 1 0 0 0 0 0 0 0 0 0 0]
[420705996698377944528487316067796426591398724702113704131638316448839090648985 0 0 0 0 0 0 0 0 0 0 0 0 0 0 0 1 0 0 0 0 0 0 0 0 0]
[1367542424587368696940258223738473388932294632748865634528211658655781578848411 0 0 0 0 0 0 0 0 0 0 0 0 0 0 0 0 1 0 0 0 0 0 0 0 0]
[1506158850283267523208480377383248919927641783475022423115094057157164831115889 0 0 0 0 0 0 0 0 0 0 0 0 0 0 0 0 0 1 0 0 0 0 0 0 0]
[1342652178345666563202403220988089482114811580023736045634198017179324841551175 0 0 0 0 0 0 0 0 0 0 0 0 0 0 0 0 0 0 1 0 0 0 0 0 0]
[1512460650014802232625270020976114188184795422470196688725869863729890723166428 0 0 0 0 0 0 0 0 0 0 0 0 0 0 0 0 0 0 0 1 0 0 0 0 0]
[1597720738678316569242337234054007613030922183776763688915235850610999828408910 0 0 0 0 0 0 0 0 0 0 0 0 0 0 0 0 0 0 0 0 1 0 0 0 0]
[845729653200764824329713346289028306756748512475531206480672085762065712866207 0 0 0 0 0 0 0 0 0 0 0 0 0 0 0 0 0 0 0 0 0 1 0 0 0]
[320078683685472681190804352715233086815407420312140299216648850663411162553778 0 0 0 0 0 0 0 0 0 0 0 0 0 0 0 0 0 0 0 0 0 0 1 0 0]
[1609239956744682243801776697228478262032844762600988084820418275038525481855261 0 0 0 0 0 0 0 0 0 0 0 0 0 0 0 0 0 0 0 0 0 0 0 1 0]
[944789991648686655135762208497353716973982216664947940110430746669501155650263 0 0 0 0 0 0 0 0 0 0 0 0 0 0 0 0 0 0 0 0 0 0 0 0 1]
]
