[[930402043181601484960949663322335830675640216153867886379613532378419650697909 0 0 0 0 0 0 0 0 0 0 0 0 0 0 0 0 0 0 0 0 0 0 0 0 0]
[215491309443945117209484511123772153243000598834382015616541943359251227680980 1 0 0 0 0 0 0 0 0 0 0 0 0 0 0 0 0 0 0 0 0 0 0 0 0]
[531977354935052929042334642453132310136936965631607404668514213765080580451693 0 1 0 0 0 0 0 0 0 0 0 0 0 0 0 0 0 0 0 0 0 0 0 0 0]
[912534266849057106575734869494609718985406933064710954614915714306474079287347 0 0 1 0 0 0 0 0 0 0 0 0 0 0 0 0 0 0 0 0 0 0 0 0 0]
[496285301217764665241092094762342824424042244317900150732433418012198697589471 0 0 0 1 0 0 0 0 0 0 0 0 0 0 0 0 0 0 0 0 0 0 0 0 0]
[885974615763287424778796526404586558103412269449710731680484121498483953555485 0 0 0 0 1 0 0 0 0 0 0 0 0 0 0 0 0 0 0 0 0 0 0 0 0]
[216677417954910802223551276118540063833693724572128501411439809396280964172761 0 0 0 0 0 1 0 0 0 0 0 0 0 0 0 0 0 0 0 0 0 0 0 0 0]
[385517481649246696639187264867863004769233698640605237252688663064775540343345 0 0 0 0 0 0 1 0 0 0 0 0 0 0 0 0 0 0 0 0 0 0 0 0 0]
[853878091654305851561954648573055398628697286961090448415360550950974686963315 0 0 0 0 0 0 0 1 0 0 0 0 0 0 0 0 0 0 0 0 0 0 0 0 0]
[40716959337343873212109937783478315483405006586152820910938919231714963096820 0 0 0 0 0 0 0 0 1 0 0 0 0 0 0 0 0 0 0 0 0 0 0 0 0]
[381336778162568185668452877387469724227192861156989565127647291338110489582096 0 0 0 0 0 0 0 0 0 1 0 0 0 0 0 0 0 0 0 0 0 0 0 0 0]
[227160504715481619963690457530575238743041537426984984788546452068686840748844 0 0 0 0 0 0 0 0 0 0 1 0 0 0 0 0 0 0 0 0 0 0 0 0 0]
[389703823964575933129037142923674350755545832007015425186406212177849747281709 0 0 0 0 0 0 0 0 0 0 0 1 0 0 0 0 0 0 0 0 0 0 0 0 0]
[324694781976465853673500033568752884406864537893732027842058024206827844782670 0 0 0 0 0 0 0 0 0 0 0 0 1 0 0 0 0 0 0 0 0 0 0 0 0]
[538116068276822038913081622613930489066777051010877991093014077179746652715827 0 0 0 0 0 0 0 0 0 0 0 0 0 1 0 0 0 0 0 0 0 0 0 0 0]
[616472248260862342986728406133001963456083133469559404530498595209666503865685 0 0 0 0 0 0 0 0 0 0 0 0 0 0 1 0 0 0 0 0 0 0 0 0 0]
[316990636316042040672119443862448857410635352148930666482363598483898510465186 0 0 0 0 0 0 0 0 0 0 0 0 0 0 0 1 0 0 0 0 0 0 0 0 0]
[825114379650704758151542396133270983269424391779974428227459838474030522094938 0 0 0 0 0 0 0 0 0 0 0 0 0 0 0 0 1 0 0 0 0 0 0 0 0]
[500862499037267473527314919445355428434008332618228324874531942285239578031885 0 0 0 0 0 0 0 0 0 0 0 0 0 0 0 0 0 1 0 0 0 0 0 0 0]
[145452552353774220516002143230535054227986711678826517894061617404458538750129 0 0 0 0 0 0 0 0 0 0 0 0 0 0 0 0 0 0 1 0 0 0 0 0 0]
[483479862491595676642482557092114779807407476812692322684836770915592725877136 0 0 0 0 0 0 0 0 0 0 0 0 0 0 0 0 0 0 0 1 0 0 0 0 0]
[905676426252120319900566188398481583698908400533351736979319319667278398312540 0 0 0 0 0 0 0 0 0 0 0 0 0 0 0 0 0 0 0 0 1 0 0 0 0]
[57768309159280592874886439323299448343334514646136702610050561218236623368185 0 0 0 0 0 0 0 0 0 0 0 0 0 0 0 0 0 0 0 0 0 1 0 0 0]
[374817846686437942006269036224852785576843240650409283345971487524448394825160 0 0 0 0 0 0 0 0 0 0 0 0 0 0 0 0 0 0 0 0 0 0 1 0 0]
[271766210198937731622953621351584793558891050048317056018995773245072591656225 0 0 0 0 0 0 0 0 0 0 0 0 0 0 0 0 0 0 0 0 0 0 0 1 0]
[755794879288338276132257071388208307390476739642702070556039323686988548158650 0 0 0 0 0 0 0 0 0 0 0 0 0 0 0 0 0 0 0 0 0 0 0 0 1]
]
