[[1456008177671432405925904165560605322108749394746706770838863298918601315777793 0 0 0 0 0 0 0 0 0 0 0 0 0 0 0 0 0 0 0 0 0 0 0 0 0]
[647195902843980116309967207425943484272144669446048784014868119844499185436002 1 0 0 0 0 0 0 0 0 0 0 0 0 0 0 0 0 0 0 0 0 0 0 0 0]
[1429495361196980714234267634039977134864781260501144990301280283507830405664342 0 1 0 0 0 0 0 0 0 0 0 0 0 0 0 0 0 0 0 0 0 0 0 0 0]
[1208512546029325639439638302605446536278995586212752684032521910194765032685732 0 0 1 0 0 0 0 0 0 0 0 0 0 0 0 0 0 0 0 0 0 0 0 0 0]
[188351680488921837486300838122194573932620780505947413536069089897401215343964 0 0 0 1 0 0 0 0 0 0 0 0 0 0 0 0 0 0 0 0 0 0 0 0 0]
[493366565605748432516705365541545417974343040125059759425529258221878541658271 0 0 0 0 1 0 0 0 0 0 0 0 0 0 0 0 0 0 0 0 0 0 0 0 0]
[260619866861400456133947118456354659197873474646025603912844715971500696257823 0 0 0 0 0 1 0 0 0 0 0 0 0 0 0 0 0 0 0 0 0 0 0 0 0]
[566178921622075604852440482217825948712736293488953192553719568605862185770442 0 0 0 0 0 0 1 0 0 0 0 0 0 0 0 0 0 0 0 0 0 0 0 0 0]
[1189695467946819737710132690498079474616969665755255838240376135800939372435977 0 0 0 0 0 0 0 1 0 0 0 0 0 0 0 0 0 0 0 0 0 0 0 0 0]
[660195937476200703990513812040874615324517907568514075298054512534034404935899 0 0 0 0 0 0 0 0 1 0 0 0 0 0 0 0 0 0 0 0 0 0 0 0 0]
[257329175738620281939065302811058377173644632451395074775852173755944217720896 0 0 0 0 0 0 0 0 0 1 0 0 0 0 0 0 0 0 0 0 0 0 0 0 0]
[1129969197989911659591261548567056278660306621857097026267710594400056075202244 0 0 0 0 0 0 0 0 0 0 1 0 0 0 0 0 0 0 0 0 0 0 0 0 0]
[857859234911755375689709534311767333031751241533036589891508100495643255320745 0 0 0 0 0 0 0 0 0 0 0 1 0 0 0 0 0 0 0 0 0 0 0 0 0]
[359600824016095247456576661203902183986232175000271930156386640591534009178892 0 0 0 0 0 0 0 0 0 0 0 0 1 0 0 0 0 0 0 0 0 0 0 0 0]
[913868365271276476938988568361930015442490792659237322335726205615987828668584 0 0 0 0 0 0 0 0 0 0 0 0 0 1 0 0 0 0 0 0 0 0 0 0 0]
[30857219055500093903768040400485739712683100262684773564658863605207997312501 0 0 0 0 0 0 0 0 0 0 0 0 0 0 1 0 0 0 0 0 0 0 0 0 0]
[1140794916297204199057026815640093027088035217537669503224210686425793798225247 0 0 0 0 0 0 0 0 0 0 0 0 0 0 0 1 0 0 0 0 0 0 0 0 0]
[259099614299149162635174181132492610694956446024112631073805879976306612623127 0 0 0 0 0 0 0 0 0 0 0 0 0 0 0 0 1 0 0 0 0 0 0 0 0]
[389170845296712222899037356742201384601379310912054386706990516725369404744217 0 0 0 0 0 0 0 0 0 0 0 0 0 0 0 0 0 1 0 0 0 0 0 0 0]
[914236131630512408424349374447751262846149293106301054381252743892010944271894 0 0 0 0 0 0 0 0 0 0 0 0 0 0 0 0 0 0 1 0 0 0 0 0 0]
[432926439643054212370916647978241914625111634329807572654224913332839308615969 0 0 0 0 0 0 0 0 0 0 0 0 0 0 0 0 0 0 0 1 0 0 0 0 0]
[799931175721957085070215107413161273445627560454199254169331265924776001331601 0 0 0 0 0 0 0 0 0 0 0 0 0 0 0 0 0 0 0 0 1 0 0 0 0]
[678348363044142220224695552570814970386244398645718824481290794458046801734166 0 0 0 0 0 0 0 0 0 0 0 0 0 0 0 0 0 0 0 0 0 1 0 0 0]
[342952253432588918661955148594462077601597400467912203605868908645120939744624 0 0 0 0 0 0 0 0 0 0 0 0 0 0 0 0 0 0 0 0 0 0 1 0 0]
[1244626713051694068938107616846951278005008997409716240062361767815899809236068 0 0 0 0 0 0 0 0 0 0 0 0 0 0 0 0 0 0 0 0 0 0 0 1 0]
[489570861362574938172396424956385743390034315830517677523559070144939132498170 0 0 0 0 0 0 0 0 0 0 0 0 0 0 0 0 0 0 0 0 0 0 0 0 1]
]
