[[1405712037534367599718517527366383839343092989931952077062001681908192783481879 0 0 0 0 0 0 0 0 0 0 0 0 0 0 0 0 0 0 0 0 0 0 0 0 0]
[120833258401575586751494789486427075714169543927173904712723736215682481297415 1 0 0 0 0 0 0 0 0 0 0 0 0 0 0 0 0 0 0 0 0 0 0 0 0]
[1100245570020327142029663821610614159578912482962238563879951782888727644841586 0 1 0 0 0 0 0 0 0 0 0 0 0 0 0 0 0 0 0 0 0 0 0 0 0]
[506658121406603015034886750898139043618579821310886725939198583723771798393124 0 0 1 0 0 0 0 0 0 0 0 0 0 0 0 0 0 0 0 0 0 0 0 0 0]
[1275651191385569675032062355380405933931630038526906868473164106236665692421217 0 0 0 1 0 0 0 0 0 0 0 0 0 0 0 0 0 0 0 0 0 0 0 0 0]
[1131877086220185642679007498312891157996945800762359563275712236724806157751177 0 0 0 0 1 0 0 0 0 0 0 0 0 0 0 0 0 0 0 0 0 0 0 0 0]
[1266119267678114037061167408051351134510187507788311549645400912696732343400134 0 0 0 0 0 1 0 0 0 0 0 0 0 0 0 0 0 0 0 0 0 0 0 0 0]
[525701857072161995770025230068604686503680342040106820652277972338106000213664 0 0 0 0 0 0 1 0 0 0 0 0 0 0 0 0 0 0 0 0 0 0 0 0 0]
[521016163826086707989988606403658974324818104551293335667449609321053853144063 0 0 0 0 0 0 0 1 0 0 0 0 0 0 0 0 0 0 0 0 0 0 0 0 0]
[1279732480062025519573622331906392271619544765958961001266215511930228631954182 0 0 0 0 0 0 0 0 1 0 0 0 0 0 0 0 0 0 0 0 0 0 0 0 0]
[1022688767632942527893237128422123806223152404868143346722363056629638928282434 0 0 0 0 0 0 0 0 0 1 0 0 0 0 0 0 0 0 0 0 0 0 0 0 0]
[335091114989742497906905315625911160553729768470197241593729187621162973878111 0 0 0 0 0 0 0 0 0 0 1 0 0 0 0 0 0 0 0 0 0 0 0 0 0]
[534332247549661667232734546251290440752913958059543967618005478070186615019909 0 0 0 0 0 0 0 0 0 0 0 1 0 0 0 0 0 0 0 0 0 0 0 0 0]
[1016907649987258902916315262078986972741809887232149270384442056618989545542383 0 0 0 0 0 0 0 0 0 0 0 0 1 0 0 0 0 0 0 0 0 0 0 0 0]
[1132671101373758863267417147151546922925302513046278147394896427460611345609396 0 0 0 0 0 0 0 0 0 0 0 0 0 1 0 0 0 0 0 0 0 0 0 0 0]
[925981810789357600402857781247967900781788297010652365344501003077829213490515 0 0 0 0 0 0 0 0 0 0 0 0 0 0 1 0 0 0 0 0 0 0 0 0 0]
[570045106080112623305382224935650105963811954489690013437073180982912046795089 0 0 0 0 0 0 0 0 0 0 0 0 0 0 0 1 0 0 0 0 0 0 0 0 0]
[619532623470078308919107840301974366368328970283167819656764997582521391839030 0 0 0 0 0 0 0 0 0 0 0 0 0 0 0 0 1 0 0 0 0 0 0 0 0]
[22027569326620660508942387334761639678072731904845791985147683733575434570907 0 0 0 0 0 0 0 0 0 0 0 0 0 0 0 0 0 1 0 0 0 0 0 0 0]
[918245454553043187378534865112993921984801534935686086492630956469832868416863 0 0 0 0 0 0 0 0 0 0 0 0 0 0 0 0 0 0 1 0 0 0 0 0 0]
[185896972883753380783530694628363340089370954024262185941053351646520767531347 0 0 0 0 0 0 0 0 0 0 0 0 0 0 0 0 0 0 0 1 0 0 0 0 0]
[1345220895669495988442161009924003459787260155582763809010907599900927713617981 0 0 0 0 0 0 0 0 0 0 0 0 0 0 0 0 0 0 0 0 1 0 0 0 0]
[345482525999856267775532942093505404623945905166341161332359149223094219290276 0 0 0 0 0 0 0 0 0 0 0 0 0 0 0 0 0 0 0 0 0 1 0 0 0]
[808405945954001426275847809001280550108149180843370572574033628667297077215604 0 0 0 0 0 0 0 0 0 0 0 0 0 0 0 0 0 0 0 0 0 0 1 0 0]
[435253025474602922178159130968268990882543385501082000904600280198052777843814 0 0 0 0 0 0 0 0 0 0 0 0 0 0 0 0 0 0 0 0 0 0 0 1 0]
[1260984772031152013824026235528956851378375934546903036021103886413624233071763 0 0 0 0 0 0 0 0 0 0 0 0 0 0 0 0 0 0 0 0 0 0 0 0 1]
]
