[[993902255402104614737757301528467638974786273422710788321753968905007581886853 0 0 0 0 0 0 0 0 0 0 0 0 0 0 0 0 0 0 0 0 0 0 0 0 0]
[337621074341038266866291116587739264046160831309726176419904631041187309069378 1 0 0 0 0 0 0 0 0 0 0 0 0 0 0 0 0 0 0 0 0 0 0 0 0]
[771452009392062125670228833282991932585931001431786654671533850606247906618188 0 1 0 0 0 0 0 0 0 0 0 0 0 0 0 0 0 0 0 0 0 0 0 0 0]
[897443209673040284342878643144933773206706060012631489532845739540670068132651 0 0 1 0 0 0 0 0 0 0 0 0 0 0 0 0 0 0 0 0 0 0 0 0 0]
[730839268022118358825642085835664158839156143327418806933872528459046490909440 0 0 0 1 0 0 0 0 0 0 0 0 0 0 0 0 0 0 0 0 0 0 0 0 0]
[761366806716735645136760427235184066593849311278004201689067063091530924096597 0 0 0 0 1 0 0 0 0 0 0 0 0 0 0 0 0 0 0 0 0 0 0 0 0]
[802807654114011864722356266434213287846180335893215799434781654642817928040886 0 0 0 0 0 1 0 0 0 0 0 0 0 0 0 0 0 0 0 0 0 0 0 0 0]
[489812709078563380133651830362367021992825824135177911685952291821528832133940 0 0 0 0 0 0 1 0 0 0 0 0 0 0 0 0 0 0 0 0 0 0 0 0 0]
[985838953958124447592581424952453415350168938897428862516140177645226538667107 0 0 0 0 0 0 0 1 0 0 0 0 0 0 0 0 0 0 0 0 0 0 0 0 0]
[107347340940966221932903888413097838759413794903855857528192844073059125711376 0 0 0 0 0 0 0 0 1 0 0 0 0 0 0 0 0 0 0 0 0 0 0 0 0]
[418318141241795225873004926944843182538642615432792624638182580878712727967057 0 0 0 0 0 0 0 0 0 1 0 0 0 0 0 0 0 0 0 0 0 0 0 0 0]
[936419364046175673167833098135741751043661187378490908551241637966764849154907 0 0 0 0 0 0 0 0 0 0 1 0 0 0 0 0 0 0 0 0 0 0 0 0 0]
[626160610349222922663177141671565997822000044339087766041061487552049914416582 0 0 0 0 0 0 0 0 0 0 0 1 0 0 0 0 0 0 0 0 0 0 0 0 0]
[318616389790328165543290699961449195430386124324499508056335486288524809431306 0 0 0 0 0 0 0 0 0 0 0 0 1 0 0 0 0 0 0 0 0 0 0 0 0]
[730629773206723736419749121009235535166513267952448596890474550058097876747147 0 0 0 0 0 0 0 0 0 0 0 0 0 1 0 0 0 0 0 0 0 0 0 0 0]
[768849296047555270221817755771634723339749695005181974935920579953093692291552 0 0 0 0 0 0 0 0 0 0 0 0 0 0 1 0 0 0 0 0 0 0 0 0 0]
[285036778160498417154244209314098977116912172955377987754270198188071420435713 0 0 0 0 0 0 0 0 0 0 0 0 0 0 0 1 0 0 0 0 0 0 0 0 0]
[713849880762761209856633486495211057007903757533833308377917961060475942461198 0 0 0 0 0 0 0 0 0 0 0 0 0 0 0 0 1 0 0 0 0 0 0 0 0]
[740219166812997532495628168501837115148012895665413835584239096273836215036452 0 0 0 0 0 0 0 0 0 0 0 0 0 0 0 0 0 1 0 0 0 0 0 0 0]
[623477292501275479118642223719861186679749329993963639681847525907859651735838 0 0 0 0 0 0 0 0 0 0 0 0 0 0 0 0 0 0 1 0 0 0 0 0 0]
[287758495854028592839224022455226893816875474807775256088094992729916373121735 0 0 0 0 0 0 0 0 0 0 0 0 0 0 0 0 0 0 0 1 0 0 0 0 0]
[840989026024687552705763756808511415761455792905349481187461348306986649201427 0 0 0 0 0 0 0 0 0 0 0 0 0 0 0 0 0 0 0 0 1 0 0 0 0]
[579277525999658016113880469223258343083128949220581547038245693105965585960621 0 0 0 0 0 0 0 0 0 0 0 0 0 0 0 0 0 0 0 0 0 1 0 0 0]
[446634060312521859652800119706418535416316402047366501747276631339883855587820 0 0 0 0 0 0 0 0 0 0 0 0 0 0 0 0 0 0 0 0 0 0 1 0 0]
[156800299317177293565045023103937940461464060851590419230813765234364152743084 0 0 0 0 0 0 0 0 0 0 0 0 0 0 0 0 0 0 0 0 0 0 0 1 0]
[939087494104854127269618360033337573189025194886716354940464338388343298163602 0 0 0 0 0 0 0 0 0 0 0 0 0 0 0 0 0 0 0 0 0 0 0 0 1]
]
