[[1289165178093177264571438490605665163688074512387592257525634334346488444539423 0 0 0 0 0 0 0 0 0 0 0 0 0 0 0 0 0 0 0 0 0 0 0 0 0]
[1077730266246619851875486813554742726031628450800404903133332377532470921701200 1 0 0 0 0 0 0 0 0 0 0 0 0 0 0 0 0 0 0 0 0 0 0 0 0]
[21066804592641328274035524833965118172408371824261771374920527281469511962925 0 1 0 0 0 0 0 0 0 0 0 0 0 0 0 0 0 0 0 0 0 0 0 0 0]
[1141253948863467415153727383170058310828485627934675128791996817210074694300912 0 0 1 0 0 0 0 0 0 0 0 0 0 0 0 0 0 0 0 0 0 0 0 0 0]
[766112329880454420025650244372669881641063407155912777729063923843991576857328 0 0 0 1 0 0 0 0 0 0 0 0 0 0 0 0 0 0 0 0 0 0 0 0 0]
[1069696562064063320380944238423649013532203919980905756233057799211476253652492 0 0 0 0 1 0 0 0 0 0 0 0 0 0 0 0 0 0 0 0 0 0 0 0 0]
[851200328745157294587913665522771838508965478025640767753489931643291531524908 0 0 0 0 0 1 0 0 0 0 0 0 0 0 0 0 0 0 0 0 0 0 0 0 0]
[722781793156122194610089119789401445979349211651186421683745368480916393311224 0 0 0 0 0 0 1 0 0 0 0 0 0 0 0 0 0 0 0 0 0 0 0 0 0]
[1157106325974340292878094629061738634514838098132842226424134705278329628287584 0 0 0 0 0 0 0 1 0 0 0 0 0 0 0 0 0 0 0 0 0 0 0 0 0]
[947668683711443841604411321852215292099482417299819902040560292338384112382851 0 0 0 0 0 0 0 0 1 0 0 0 0 0 0 0 0 0 0 0 0 0 0 0 0]
[998468213419156209513578582499193908158410983799455714697353159491172342825822 0 0 0 0 0 0 0 0 0 1 0 0 0 0 0 0 0 0 0 0 0 0 0 0 0]
[209367751703213182007559458673133220534697634141612762137921298285271505346228 0 0 0 0 0 0 0 0 0 0 1 0 0 0 0 0 0 0 0 0 0 0 0 0 0]
[914357594644827216472848213601248782000507541076578538153340889927471705161871 0 0 0 0 0 0 0 0 0 0 0 1 0 0 0 0 0 0 0 0 0 0 0 0 0]
[436562035414739340978137271435219752824313068404432984931287013535137805923314 0 0 0 0 0 0 0 0 0 0 0 0 1 0 0 0 0 0 0 0 0 0 0 0 0]
[966515634011426567782924336125622222626005237814428175639320775603143132276648 0 0 0 0 0 0 0 0 0 0 0 0 0 1 0 0 0 0 0 0 0 0 0 0 0]
[472743857502814220648783076000435601189273089875209072414429634818513658667457 0 0 0 0 0 0 0 0 0 0 0 0 0 0 1 0 0 0 0 0 0 0 0 0 0]
[231116952865444929604271040650828706080771495921236862977992377762281566266806 0 0 0 0 0 0 0 0 0 0 0 0 0 0 0 1 0 0 0 0 0 0 0 0 0]
[38680870815497252458933506022925246209608382515723211105819824029404540847066 0 0 0 0 0 0 0 0 0 0 0 0 0 0 0 0 1 0 0 0 0 0 0 0 0]
[652236713638701063722174295357930556805087123771359573401391560460602241714569 0 0 0 0 0 0 0 0 0 0 0 0 0 0 0 0 0 1 0 0 0 0 0 0 0]
[369319876641914919060205596323552386997240759603043503801757529868692521450985 0 0 0 0 0 0 0 0 0 0 0 0 0 0 0 0 0 0 1 0 0 0 0 0 0]
[939752384236028685130241155799895259398862275791848424493478552270223781548357 0 0 0 0 0 0 0 0 0 0 0 0 0 0 0 0 0 0 0 1 0 0 0 0 0]
[302292673726761547283351694193457942713091155647006174275744436506351018450230 0 0 0 0 0 0 0 0 0 0 0 0 0 0 0 0 0 0 0 0 1 0 0 0 0]
[788682004758038544491468773023965075451276772861959906922746991570993989769175 0 0 0 0 0 0 0 0 0 0 0 0 0 0 0 0 0 0 0 0 0 1 0 0 0]
[57130027339464751263798451444191121862690578724756311169916143149728802083076 0 0 0 0 0 0 0 0 0 0 0 0 0 0 0 0 0 0 0 0 0 0 1 0 0]
[1131817807203568747738850249455814753437621732589359470850034847248963163669404 0 0 0 0 0 0 0 0 0 0 0 0 0 0 0 0 0 0 0 0 0 0 0 1 0]
[1153014153591774022102085925450899449014253533288235947185116235441829343630477 0 0 0 0 0 0 0 0 0 0 0 0 0 0 0 0 0 0 0 0 0 0 0 0 1]
]
