[[1001408026083172925996959231496176975739096911004634204999350587993355581404743 0 0 0 0 0 0 0 0 0 0 0 0 0 0 0 0 0 0 0 0 0 0 0 0 0]
[822350479360763815843061028727807526214512488035102278763550291111701887886333 1 0 0 0 0 0 0 0 0 0 0 0 0 0 0 0 0 0 0 0 0 0 0 0 0]
[343990891054037753995006930208692606417174955062925088041969128049855554372729 0 1 0 0 0 0 0 0 0 0 0 0 0 0 0 0 0 0 0 0 0 0 0 0 0]
[834052986296795012632756841996336366319420423630970209375750845212696526854614 0 0 1 0 0 0 0 0 0 0 0 0 0 0 0 0 0 0 0 0 0 0 0 0 0]
[605920381400970466516497768479387222288887955875812212308016996770245381095631 0 0 0 1 0 0 0 0 0 0 0 0 0 0 0 0 0 0 0 0 0 0 0 0 0]
[713202854200862852550800105024035798187066959852322829631271529721540984946237 0 0 0 0 1 0 0 0 0 0 0 0 0 0 0 0 0 0 0 0 0 0 0 0 0]
[964824322662495251790343766342290444726873793092719205396215582795557270142585 0 0 0 0 0 1 0 0 0 0 0 0 0 0 0 0 0 0 0 0 0 0 0 0 0]
[454181681912102146994578935878258885056931549442249604834047935003367702006597 0 0 0 0 0 0 1 0 0 0 0 0 0 0 0 0 0 0 0 0 0 0 0 0 0]
[401342670047146909226863609806816087677666660113616929739186750639575431910046 0 0 0 0 0 0 0 1 0 0 0 0 0 0 0 0 0 0 0 0 0 0 0 0 0]
[702150089049592132137705121074714479584134088316165453469302089117477508951500 0 0 0 0 0 0 0 0 1 0 0 0 0 0 0 0 0 0 0 0 0 0 0 0 0]
[73426152605461660027962260141204121230000543106044433500535585696840128501324 0 0 0 0 0 0 0 0 0 1 0 0 0 0 0 0 0 0 0 0 0 0 0 0 0]
[271088011617157344787937643468880602908513812264973113361955040256134236737969 0 0 0 0 0 0 0 0 0 0 1 0 0 0 0 0 0 0 0 0 0 0 0 0 0]
[164908168693026318347279521497837929351564927766102050101366140810414440254455 0 0 0 0 0 0 0 0 0 0 0 1 0 0 0 0 0 0 0 0 0 0 0 0 0]
[849744530066134301497506261547969521849545575073985136685843641793536848925730 0 0 0 0 0 0 0 0 0 0 0 0 1 0 0 0 0 0 0 0 0 0 0 0 0]
[796684667277811252550876540213002806247388993061273388958023691378164189858049 0 0 0 0 0 0 0 0 0 0 0 0 0 1 0 0 0 0 0 0 0 0 0 0 0]
[119625170590442559739044353542180017674002463033564234491231517106314372113289 0 0 0 0 0 0 0 0 0 0 0 0 0 0 1 0 0 0 0 0 0 0 0 0 0]
[518169920573391202745580102885244216262983265308577958326067995764779809484498 0 0 0 0 0 0 0 0 0 0 0 0 0 0 0 1 0 0 0 0 0 0 0 0 0]
[12554061394204830375548933347576846323332538232403989729077794252822697497745 0 0 0 0 0 0 0 0 0 0 0 0 0 0 0 0 1 0 0 0 0 0 0 0 0]
[487823142609174790768636811235048039106768987733226256916648293751305834005872 0 0 0 0 0 0 0 0 0 0 0 0 0 0 0 0 0 1 0 0 0 0 0 0 0]
[733417412405871401675574608786824122881977959734655993664780520724801235002621 0 0 0 0 0 0 0 0 0 0 0 0 0 0 0 0 0 0 1 0 0 0 0 0 0]
[305184486517612302636076565862452785322083998756862842352230175873949143535219 0 0 0 0 0 0 0 0 0 0 0 0 0 0 0 0 0 0 0 1 0 0 0 0 0]
[791680156680753229237178065095821495341703017038793709640791709490751460683151 0 0 0 0 0 0 0 0 0 0 0 0 0 0 0 0 0 0 0 0 1 0 0 0 0]
[370365242512776685967671544297443684619679056444001186364874365429338334768131 0 0 0 0 0 0 0 0 0 0 0 0 0 0 0 0 0 0 0 0 0 1 0 0 0]
[629072271357481282091817110617223265464703284054574952480787918695458170172302 0 0 0 0 0 0 0 0 0 0 0 0 0 0 0 0 0 0 0 0 0 0 1 0 0]
[859689348120063235712375376366257404652235348632281032757583234312181607882663 0 0 0 0 0 0 0 0 0 0 0 0 0 0 0 0 0 0 0 0 0 0 0 1 0]
[105515833229844226820278642635675809316710748835929790120687774461752884602155 0 0 0 0 0 0 0 0 0 0 0 0 0 0 0 0 0 0 0 0 0 0 0 0 1]
]
