[[1409543282211226597201372115560547982537042525935255739648646501235138324211197 0 0 0 0 0 0 0 0 0 0 0 0 0 0 0 0 0 0 0 0 0 0 0 0 0]
[543143481933250902004085675504184921008062589397555229463738989893873653951910 1 0 0 0 0 0 0 0 0 0 0 0 0 0 0 0 0 0 0 0 0 0 0 0 0]
[665553612313792080030442029178998513539359829939229946234005831052851791969672 0 1 0 0 0 0 0 0 0 0 0 0 0 0 0 0 0 0 0 0 0 0 0 0 0]
[400231342447806954574065453384031058668638453214144125580735394759275122264954 0 0 1 0 0 0 0 0 0 0 0 0 0 0 0 0 0 0 0 0 0 0 0 0 0]
[478462581030890899414332881715347694035642532574519614322150684144459942147875 0 0 0 1 0 0 0 0 0 0 0 0 0 0 0 0 0 0 0 0 0 0 0 0 0]
[602800962531638216399038429749660039749632723650799484524284940824681732849940 0 0 0 0 1 0 0 0 0 0 0 0 0 0 0 0 0 0 0 0 0 0 0 0 0]
[285460322263534260679839077058175295269804323396764303603298676750854304073397 0 0 0 0 0 1 0 0 0 0 0 0 0 0 0 0 0 0 0 0 0 0 0 0 0]
[407484983724579636797978030122744233003618154754460442641913485582381443196062 0 0 0 0 0 0 1 0 0 0 0 0 0 0 0 0 0 0 0 0 0 0 0 0 0]
[741151403590257722803341788149627357462250203717851595227875922226242236066371 0 0 0 0 0 0 0 1 0 0 0 0 0 0 0 0 0 0 0 0 0 0 0 0 0]
[1405444576598087675518751690704470161735399059591907435828024263221594570219364 0 0 0 0 0 0 0 0 1 0 0 0 0 0 0 0 0 0 0 0 0 0 0 0 0]
[1241147175759201558016146771264616088664504710866154098382993148058797254041317 0 0 0 0 0 0 0 0 0 1 0 0 0 0 0 0 0 0 0 0 0 0 0 0 0]
[1026288767379325691494107533801650045244345762711804317831422085631502779949745 0 0 0 0 0 0 0 0 0 0 1 0 0 0 0 0 0 0 0 0 0 0 0 0 0]
[834895734244201743965302827667332059891978484483025733046101536254056134555789 0 0 0 0 0 0 0 0 0 0 0 1 0 0 0 0 0 0 0 0 0 0 0 0 0]
[638754194118696996067277764998327768099373521949121653311579025443209527079919 0 0 0 0 0 0 0 0 0 0 0 0 1 0 0 0 0 0 0 0 0 0 0 0 0]
[1370505804308589392009060152647410274698006950267232372618097931077127102830626 0 0 0 0 0 0 0 0 0 0 0 0 0 1 0 0 0 0 0 0 0 0 0 0 0]
[821351843944581177523644611108472841157040503336964529186738184847573465462646 0 0 0 0 0 0 0 0 0 0 0 0 0 0 1 0 0 0 0 0 0 0 0 0 0]
[744429842386542798924146256428531764956020083244851760502669110357758045533912 0 0 0 0 0 0 0 0 0 0 0 0 0 0 0 1 0 0 0 0 0 0 0 0 0]
[1228617187092140133870386042049293983233700779457159203988626760338800202607038 0 0 0 0 0 0 0 0 0 0 0 0 0 0 0 0 1 0 0 0 0 0 0 0 0]
[598440184656534787665863756313009429334438658110996134108485673127039609348448 0 0 0 0 0 0 0 0 0 0 0 0 0 0 0 0 0 1 0 0 0 0 0 0 0]
[1069001616255116433279372373134743917348694937798379153083616310530605330025371 0 0 0 0 0 0 0 0 0 0 0 0 0 0 0 0 0 0 1 0 0 0 0 0 0]
[894114500456544617603577632153010546711437082628651638109183966842172146266647 0 0 0 0 0 0 0 0 0 0 0 0 0 0 0 0 0 0 0 1 0 0 0 0 0]
[1136321854793890171411696911044096354846217030362397377943281857155400793614410 0 0 0 0 0 0 0 0 0 0 0 0 0 0 0 0 0 0 0 0 1 0 0 0 0]
[1108307272908650339282815451999527040534978449558009702648035682432281604555550 0 0 0 0 0 0 0 0 0 0 0 0 0 0 0 0 0 0 0 0 0 1 0 0 0]
[1211425151035726308165868519576839151227766559148240446481720871639488361118102 0 0 0 0 0 0 0 0 0 0 0 0 0 0 0 0 0 0 0 0 0 0 1 0 0]
[956369605999189323746085208812487123259647083858513298776230820937384530477063 0 0 0 0 0 0 0 0 0 0 0 0 0 0 0 0 0 0 0 0 0 0 0 1 0]
[1341953956461233583455655311008245111374178826144559895064617856715625770599567 0 0 0 0 0 0 0 0 0 0 0 0 0 0 0 0 0 0 0 0 0 0 0 0 1]
]
