[[1406158966305471245627627966486616526677428524014502920775773194975963786791601 0 0 0 0 0 0 0 0 0 0 0 0 0 0 0 0 0 0 0 0 0 0 0 0 0]
[362153675752197671139910550737979874995577629496406274700931241050162978089989 1 0 0 0 0 0 0 0 0 0 0 0 0 0 0 0 0 0 0 0 0 0 0 0 0]
[1300319902371810045435135519850532767826700674210947008308213021249065205711973 0 1 0 0 0 0 0 0 0 0 0 0 0 0 0 0 0 0 0 0 0 0 0 0 0]
[310283243322881302717189469003792209771089638433949484574391451771921702173530 0 0 1 0 0 0 0 0 0 0 0 0 0 0 0 0 0 0 0 0 0 0 0 0 0]
[1362586435393492489521078161123953801184695129910699026527893047735694652739946 0 0 0 1 0 0 0 0 0 0 0 0 0 0 0 0 0 0 0 0 0 0 0 0 0]
[79139261541962759988620331197255340032927485822617450462392051488308517154468 0 0 0 0 1 0 0 0 0 0 0 0 0 0 0 0 0 0 0 0 0 0 0 0 0]
[190957540967873700524214026585368315967521046097626468038536268873053096334501 0 0 0 0 0 1 0 0 0 0 0 0 0 0 0 0 0 0 0 0 0 0 0 0 0]
[74868718400192891998071637142316148982059888632354410073037728996916309864744 0 0 0 0 0 0 1 0 0 0 0 0 0 0 0 0 0 0 0 0 0 0 0 0 0]
[792918521636518200475859278220748562300079419527130168266749180071354127469608 0 0 0 0 0 0 0 1 0 0 0 0 0 0 0 0 0 0 0 0 0 0 0 0 0]
[1291190835355859788850083533024055479513109732449411690004135254431764511574744 0 0 0 0 0 0 0 0 1 0 0 0 0 0 0 0 0 0 0 0 0 0 0 0 0]
[504954385521090034672250544215152054238804388956697277074264503839794542237562 0 0 0 0 0 0 0 0 0 1 0 0 0 0 0 0 0 0 0 0 0 0 0 0 0]
[412436801378192217641016886217861998614992505954168716663034709795125984011644 0 0 0 0 0 0 0 0 0 0 1 0 0 0 0 0 0 0 0 0 0 0 0 0 0]
[507880863148555028774670086270933791443597764957988373460648144619291624366426 0 0 0 0 0 0 0 0 0 0 0 1 0 0 0 0 0 0 0 0 0 0 0 0 0]
[1201549048909597825562494237231691326330700579191566535635806147759648031437196 0 0 0 0 0 0 0 0 0 0 0 0 1 0 0 0 0 0 0 0 0 0 0 0 0]
[134227994229258446108752191061561445656794403355843616735963466463048856468236 0 0 0 0 0 0 0 0 0 0 0 0 0 1 0 0 0 0 0 0 0 0 0 0 0]
[279253080197187513118400239059710000754136129195836517980362592306421962422023 0 0 0 0 0 0 0 0 0 0 0 0 0 0 1 0 0 0 0 0 0 0 0 0 0]
[941036994867845869955109725788578505689102872433573258651842299557741832190675 0 0 0 0 0 0 0 0 0 0 0 0 0 0 0 1 0 0 0 0 0 0 0 0 0]
[1176906800287540440611321830495435266222208910470298679625561236912573876762303 0 0 0 0 0 0 0 0 0 0 0 0 0 0 0 0 1 0 0 0 0 0 0 0 0]
[889563742246100027764539590473412370500985327719230032586903700236947467469244 0 0 0 0 0 0 0 0 0 0 0 0 0 0 0 0 0 1 0 0 0 0 0 0 0]
[353985153651987021582981108466381930833618179603258486120000010473082544512528 0 0 0 0 0 0 0 0 0 0 0 0 0 0 0 0 0 0 1 0 0 0 0 0 0]
[694030321283127433684095961442531700382586218190590578787956465131045849838222 0 0 0 0 0 0 0 0 0 0 0 0 0 0 0 0 0 0 0 1 0 0 0 0 0]
[693878493719668521546576432840051816299181822818248290576923968029528834057324 0 0 0 0 0 0 0 0 0 0 0 0 0 0 0 0 0 0 0 0 1 0 0 0 0]
[588081501683786150182838038984066850251998784848047040013344570143702082608628 0 0 0 0 0 0 0 0 0 0 0 0 0 0 0 0 0 0 0 0 0 1 0 0 0]
[1090638578029859915986864396254753911174383213966371356841576567775795092641340 0 0 0 0 0 0 0 0 0 0 0 0 0 0 0 0 0 0 0 0 0 0 1 0 0]
[1191744480518720334429939971231099862082157823818208158666889548316914369597423 0 0 0 0 0 0 0 0 0 0 0 0 0 0 0 0 0 0 0 0 0 0 0 1 0]
[830545856197254782521512903564430225503008724219948381098877185964854503526952 0 0 0 0 0 0 0 0 0 0 0 0 0 0 0 0 0 0 0 0 0 0 0 0 1]
]
