[[950080193669731776641235861010024287748252710616637779582686600057043691371661 0 0 0 0 0 0 0 0 0 0 0 0 0 0 0 0 0 0 0 0 0 0 0 0 0]
[95482867108924569942626721898434567149731811726275761272739058840100123436320 1 0 0 0 0 0 0 0 0 0 0 0 0 0 0 0 0 0 0 0 0 0 0 0 0]
[751154347568410736611863685129615946276878999170551557655256032785315723686576 0 1 0 0 0 0 0 0 0 0 0 0 0 0 0 0 0 0 0 0 0 0 0 0 0]
[196850119006498339357630305990131663328394050554742871297236455932449561461039 0 0 1 0 0 0 0 0 0 0 0 0 0 0 0 0 0 0 0 0 0 0 0 0 0]
[385896078095542394609543338067127691201190453944151648863790780030518808598225 0 0 0 1 0 0 0 0 0 0 0 0 0 0 0 0 0 0 0 0 0 0 0 0 0]
[861996356445993010261642367490874622850223035343579072336562656551039587362148 0 0 0 0 1 0 0 0 0 0 0 0 0 0 0 0 0 0 0 0 0 0 0 0 0]
[27363269351019301850007763629955416846196195719206858603167135068585063632569 0 0 0 0 0 1 0 0 0 0 0 0 0 0 0 0 0 0 0 0 0 0 0 0 0]
[697511574268331923654058278390435663577672071590888351545155210104567289187882 0 0 0 0 0 0 1 0 0 0 0 0 0 0 0 0 0 0 0 0 0 0 0 0 0]
[890106941670426529812161147645492151122940369210377819402031376765157329733989 0 0 0 0 0 0 0 1 0 0 0 0 0 0 0 0 0 0 0 0 0 0 0 0 0]
[567628871493820027342269744666685519705425112187939258695828363475928361143599 0 0 0 0 0 0 0 0 1 0 0 0 0 0 0 0 0 0 0 0 0 0 0 0 0]
[821387396138737343867900144150591756774116990821566607180543712653451620281500 0 0 0 0 0 0 0 0 0 1 0 0 0 0 0 0 0 0 0 0 0 0 0 0 0]
[91778397775768335281869793431173316194542222563159032108516945884722017970280 0 0 0 0 0 0 0 0 0 0 1 0 0 0 0 0 0 0 0 0 0 0 0 0 0]
[821971132882902796858248851668458586293890676063361336391386707756810485998009 0 0 0 0 0 0 0 0 0 0 0 1 0 0 0 0 0 0 0 0 0 0 0 0 0]
[473524407736570633135519519069891702471398690703777649005575342323729612252003 0 0 0 0 0 0 0 0 0 0 0 0 1 0 0 0 0 0 0 0 0 0 0 0 0]
[719496357425954557413132805729062372054667851841423513932029798858148217227033 0 0 0 0 0 0 0 0 0 0 0 0 0 1 0 0 0 0 0 0 0 0 0 0 0]
[295917967241589897020010524715568998831303253873205994997631666842099908683470 0 0 0 0 0 0 0 0 0 0 0 0 0 0 1 0 0 0 0 0 0 0 0 0 0]
[309670431788469071465950649120743376241465476864460998139968076529947333497009 0 0 0 0 0 0 0 0 0 0 0 0 0 0 0 1 0 0 0 0 0 0 0 0 0]
[164179274775181170445407566856863641228382728621084136907185794983613730037491 0 0 0 0 0 0 0 0 0 0 0 0 0 0 0 0 1 0 0 0 0 0 0 0 0]
[574595095999502546862098760708471290488367927534536650699548881677789448386590 0 0 0 0 0 0 0 0 0 0 0 0 0 0 0 0 0 1 0 0 0 0 0 0 0]
[579362255773141309830960741202604222167720006257966966407712405039959867922995 0 0 0 0 0 0 0 0 0 0 0 0 0 0 0 0 0 0 1 0 0 0 0 0 0]
[408312251318331396845204741150593423572285644188573299978400783918048823854859 0 0 0 0 0 0 0 0 0 0 0 0 0 0 0 0 0 0 0 1 0 0 0 0 0]
[83185667303780011024522877024580584313082080140242212449939125355336913677176 0 0 0 0 0 0 0 0 0 0 0 0 0 0 0 0 0 0 0 0 1 0 0 0 0]
[118827333236870058432532294446457012926257485461931604936441224424265321363442 0 0 0 0 0 0 0 0 0 0 0 0 0 0 0 0 0 0 0 0 0 1 0 0 0]
[315970645159638680825283444800524935796692011412834114033834677080352387614137 0 0 0 0 0 0 0 0 0 0 0 0 0 0 0 0 0 0 0 0 0 0 1 0 0]
[631081354401239132709132837153644959394604194590084767484958718954176435886229 0 0 0 0 0 0 0 0 0 0 0 0 0 0 0 0 0 0 0 0 0 0 0 1 0]
[10234335641051475187983704909251921506192287833619371664863066367614296641278 0 0 0 0 0 0 0 0 0 0 0 0 0 0 0 0 0 0 0 0 0 0 0 0 1]
]
