[[1635560964749134459005531497028062479370672060218351857982582555904514366081581 0 0 0 0 0 0 0 0 0 0 0 0 0 0 0 0 0 0 0 0 0 0 0 0 0]
[638640721631523870385865101858300955588769167737315344254477880365439999294723 1 0 0 0 0 0 0 0 0 0 0 0 0 0 0 0 0 0 0 0 0 0 0 0 0]
[1042801787489479570956785610820380784511433221631620537283403958047808433073602 0 1 0 0 0 0 0 0 0 0 0 0 0 0 0 0 0 0 0 0 0 0 0 0 0]
[839339190962326890394460181863311633880522270188237656190127568376527065904202 0 0 1 0 0 0 0 0 0 0 0 0 0 0 0 0 0 0 0 0 0 0 0 0 0]
[1424608218873137317836668359722796388331443495076398506187982156849416317329547 0 0 0 1 0 0 0 0 0 0 0 0 0 0 0 0 0 0 0 0 0 0 0 0 0]
[1373762345071794307285064814886929397770631488879773349771299367349111941926471 0 0 0 0 1 0 0 0 0 0 0 0 0 0 0 0 0 0 0 0 0 0 0 0 0]
[526459973938440632802550522606983557423588861834642233191992202568333866211795 0 0 0 0 0 1 0 0 0 0 0 0 0 0 0 0 0 0 0 0 0 0 0 0 0]
[479124498224180458848391353312937206892323062098591694609266651644674018560782 0 0 0 0 0 0 1 0 0 0 0 0 0 0 0 0 0 0 0 0 0 0 0 0 0]
[393842207678324203057727787053451144004545629745374194136920145450649686666819 0 0 0 0 0 0 0 1 0 0 0 0 0 0 0 0 0 0 0 0 0 0 0 0 0]
[42694979938196598346910040346567869343900027896555326463937077955883495474153 0 0 0 0 0 0 0 0 1 0 0 0 0 0 0 0 0 0 0 0 0 0 0 0 0]
[296476887407550304767454660305824871224329893736966829195582433296702928083947 0 0 0 0 0 0 0 0 0 1 0 0 0 0 0 0 0 0 0 0 0 0 0 0 0]
[274128539636788051732330937001314259587347633367979669204882172805043211413971 0 0 0 0 0 0 0 0 0 0 1 0 0 0 0 0 0 0 0 0 0 0 0 0 0]
[601159768566611699423207775809179826543263249334977119584305283163162993813026 0 0 0 0 0 0 0 0 0 0 0 1 0 0 0 0 0 0 0 0 0 0 0 0 0]
[189422419275784544004112165077653394363011174725408155508345427698877743889068 0 0 0 0 0 0 0 0 0 0 0 0 1 0 0 0 0 0 0 0 0 0 0 0 0]
[446420470292200887220791489608621211321160689517719419121774313215078892399351 0 0 0 0 0 0 0 0 0 0 0 0 0 1 0 0 0 0 0 0 0 0 0 0 0]
[1026449501720177519872430817561323126035745223234991864337541933924654510309256 0 0 0 0 0 0 0 0 0 0 0 0 0 0 1 0 0 0 0 0 0 0 0 0 0]
[146821284345803901282119265902774738318303906115194598552403526268829216726784 0 0 0 0 0 0 0 0 0 0 0 0 0 0 0 1 0 0 0 0 0 0 0 0 0]
[345372606802343321889700248832314852489194185133117535460831093687230631050246 0 0 0 0 0 0 0 0 0 0 0 0 0 0 0 0 1 0 0 0 0 0 0 0 0]
[343883325393994869731354895690359988479327724655144237078622169818767334960515 0 0 0 0 0 0 0 0 0 0 0 0 0 0 0 0 0 1 0 0 0 0 0 0 0]
[770491689081488188245398468594194231410167423114565068421488390441994801080411 0 0 0 0 0 0 0 0 0 0 0 0 0 0 0 0 0 0 1 0 0 0 0 0 0]
[1609627261065674272759518323757130113193372876168689996995494378230275336161921 0 0 0 0 0 0 0 0 0 0 0 0 0 0 0 0 0 0 0 1 0 0 0 0 0]
[397391514356512078977722190461411974104985562606224008339943122619437982196836 0 0 0 0 0 0 0 0 0 0 0 0 0 0 0 0 0 0 0 0 1 0 0 0 0]
[1020704312605366233381430112992063168171358242486681428619238622916368061342231 0 0 0 0 0 0 0 0 0 0 0 0 0 0 0 0 0 0 0 0 0 1 0 0 0]
[426568832557394299889723946510492041572759370349268548526802906412148137875988 0 0 0 0 0 0 0 0 0 0 0 0 0 0 0 0 0 0 0 0 0 0 1 0 0]
[336929949843001273607726780186284458292618276350811269571082734913753457744539 0 0 0 0 0 0 0 0 0 0 0 0 0 0 0 0 0 0 0 0 0 0 0 1 0]
[415560315049314504141571126618914488392285448344250975097144652051457058136045 0 0 0 0 0 0 0 0 0 0 0 0 0 0 0 0 0 0 0 0 0 0 0 0 1]
]
