Time:5.33613 rounds: 10
870009634162180975234178081867
2401925402678302952860477080789

                                           
                                           
                                           
After LLL, the matrix is:
-144805098377753105095680057933651270795521048558086964397579370484560287034010028386752214129050034148079626424450320135 -3 1 0 0 0 0 0 0 0 0 0 0 0 0 0 0 0 0 0 0 0 0 0 0 0 0 0 0 0 0 0 0 0 0 0 0 0 0 0 
-62770732694727566701410088133206828916154901300680150911468289714864706232793784732118912615172793123028642781711027073 -8 3 0 0 0 0 0 0 0 0 0 0 0 0 0 0 0 0 0 0 0 0 0 0 0 0 0 0 0 0 0 0 0 0 0 0 0 0 0 
31340806118432334265592938204139730272713744874944866384974850823653149663932330825166480491281071629150388672567607800 -3 -1 0 0 0 0 0 0 0 0 0 0 0 0 0 0 0 0 0 0 0 0 0 0 0 0 0 0 0 0 0 0 0 0 0 0 0 0 0 
-44838940376454270638542839052402629111891161491954791850336389613079332347744345987325861327807202031175914978442998124 -4 2 1 0 0 0 0 0 0 0 0 0 0 0 0 0 0 0 0 0 0 0 0 0 0 0 0 0 0 0 0 0 0 0 0 0 0 0 0 
36326950296787886570785262165034398108661947471755048909216049801392385562395908779684066706709259890910443866827401961 3 -2 0 1 0 0 0 0 0 0 0 0 0 0 0 0 0 0 0 0 0 0 0 0 0 0 0 0 0 0 0 0 0 0 0 0 0 0 0 
-52677712402859595273688866237294133203220316813425203015430404220603828925047104164484430066944434150180094970223706765 -3 2 0 0 1 0 0 0 0 0 0 0 0 0 0 0 0 0 0 0 0 0 0 0 0 0 0 0 0 0 0 0 0 0 0 0 0 0 0 
-69316368546335544342606969561376521087276044390284547129058733605001731630038301142068113177702694810474091227714415549 -1 0 0 0 0 1 0 0 0 0 0 0 0 0 0 0 0 0 0 0 0 0 0 0 0 0 0 0 0 0 0 0 0 0 0 0 0 0 0 
72036846296036089757977007946632770535005227503576986316365418021638688215968867444277430141481800032078031023141895546 -1 0 0 0 0 0 1 0 0 0 0 0 0 0 0 0 0 0 0 0 0 0 0 0 0 0 0 0 0 0 0 0 0 0 0 0 0 0 0 

After reduction, the matrix is:
-731405785680925579726042040385729725510593550932991764848534441282910602072293498197353846086434083923564378166529043 -5 1 0 0 0 0 2 0 0 0 0 0 0 0 0 0 0 0 0 0 0 0 0 0 0 0 0 0 0 0 0 0 0 0 0 0 0 0 0 
130164873832033155029527339965927477756144079557140865505672235465605545423456112853518148260538094397893740610470625 422 -83 0 0 0 0 -172 0 0 0 0 0 0 0 0 0 0 0 0 0 0 0 0 0 0 0 0 0 0 0 0 0 0 0 0 0 0 0 0 
20522207984567492402657807519279553514366264383361361993542083953599320247166515533783257824944114835014152017329576 204 -41 0 0 0 0 -86 0 0 0 0 0 0 0 0 0 0 0 0 0 0 0 0 0 0 0 0 0 0 0 0 0 0 0 0 0 0 0 0 
-3902118222878950000535523979820007261399254694735187551528391797773170981863402647806935663534952712728733098444403 737 -143 1 0 0 0 -294 0 0 0 0 0 0 0 0 0 0 0 0 0 0 0 0 0 0 0 0 0 0 0 0 0 0 0 0 0 0 0 0 
370670643985352140092542140307242391591074531116223358658516022240400362842982637434376747222721405727020803005888 -344 66 -1 1 0 0 136 0 0 0 0 0 0 0 0 0 0 0 0 0 0 0 0 0 0 0 0 0 0 0 0 0 0 0 0 0 0 0 0 
124255928735008988282954017866579795385863438830228106089243921560573423330818611023173440229054438825676685269504 1298 -254 1 0 1 0 -524 0 0 0 0 0 0 0 0 0 0 0 0 0 0 0 0 0 0 0 0 0 0 0 0 0 0 0 0 0 0 0 0 
-1822297168449479000201738997161497748541840627642283100450778694874683013735981752354298119154651842936755572334 205 -41 0 0 1 1 -76 0 0 0 0 0 0 0 0 0 0 0 0 0 0 0 0 0 0 0 0 0 0 0 0 0 0 0 0 0 0 0 0 
660867428995504091053134812466210582589644084273312368086176200868258347370669017209586256716020463462902535707 -1435 305 7 -5 -16 -16 489 0 0 0 0 0 0 0 0 0 0 0 0 0 0 0 0 0 0 0 0 0 0 0 0 0 0 0 0 0 0 0 0 
Round1 done

552333858094447972158118294224221892609688462174598164828690851834948641495918515767712689064995903566469331480104865118498566361739933958784018764025898094558726980668715714198744696868946927505948518075025711403019914985778433546488 10740319958640673672374039915737412030768929830022451603552647798411090237519616094692227942361232404825774990536744945445069437907902383671739676245915378636096421448073579660130946907230922312992949995823892252356324528774189199228929744020 ratio:1
After LLL, the matrix is:
250971704681702930 -177318466799513613 -139503895388121272 82978938199298270 113131612841445273 85211658215625131 -5805100485692 -278840111005472983 0 0 0 0 0 0 0 0 0 0 0 0 0 0 0 0 0 0 0 0 0 0 0 0 0 0 0 0 0 0 0 0 
-449687425999982343 -269279224331719892 -52971765157653763 378228536351139225 -170144501863551533 5584525866582152 -17613714803116 -414060923487090731 0 0 0 0 0 0 0 0 0 0 0 0 0 0 0 0 0 0 0 0 0 0 0 0 0 0 0 0 0 0 0 0 
49015992384199819 18448191528263124 -39835818881844145 227933234293570240 -317871554630878276 303224120202526205 -28712502240413 -252594540541283161 0 0 0 0 0 0 0 0 0 0 0 0 0 0 0 0 0 0 0 0 0 0 0 0 0 0 0 0 0 0 0 0 
-188037094661927559 -355687586192561106 193147843671055536 -780551710456518813 -487734497177357469 49054407500080688 -62205231464737 -69894830443738573 0 0 0 0 0 0 0 0 0 0 0 0 0 0 0 0 0 0 0 0 0 0 0 0 0 0 0 0 0 0 0 0 
-92064399442018873 186785472105255039 68582112184382476 -586737831078195258 -174599419971973467 -245203977326011219 -3211264023248 -191107513820152469 0 0 0 0 0 0 0 0 0 0 0 0 0 0 0 0 0 0 0 0 0 0 0 0 0 0 0 0 0 0 0 0 
-122580558555800585 -145672990629728255 -15332729742862774 -52480443456195161 -307867439366600320 -17503946852370072 -43534805162227 -481655300679070594 0 0 0 0 0 0 0 0 0 0 0 0 0 0 0 0 0 0 0 0 0 0 0 0 0 0 0 0 0 0 0 0 
-270392351008621009 201758303899682921 11466060164286907 277260946005265436 -153433074743100818 9610472227612480 32650481646048 -78352836974501690 0 0 0 0 0 0 0 0 0 0 0 0 0 0 0 0 0 0 0 0 0 0 0 0 0 0 0 0 0 0 0 0 
22394986465866127 3541613880543943 -78137997693010754 330439121408962282 262676247712963559 -104690111777178109 7575846375109 7508850731570514 0 0 0 0 0 0 0 0 0 0 0 0 0 0 0 0 0 0 0 0 0 0 0 0 0 0 0 0 0 0 0 0 

After reduction, the matrix is:
250971704681702930 -177318466799513613 -139503895388121272 82978938199298270 113131612841445273 85211658215625131 -5805100485692 -278840111005472983 0 0 0 0 0 0 0 0 0 0 0 0 0 0 0 0 0 0 0 0 0 0 0 0 0 0 0 0 0 0 0 0 
-498703418384182162 -287727415859983016 -13135946275809618 150295302057568985 147727052767326743 -297639594335944053 11098787437297 -161466382945807570 0 0 0 0 0 0 0 0 0 0 0 0 0 0 0 0 0 0 0 0 0 0 0 0 0 0 0 0 0 0 0 0 
171596550940000404 164121182157991379 -24503089138981371 280413677749765401 -10004115264277956 320728067054896277 14822302921814 229060760137787433 0 0 0 0 0 0 0 0 0 0 0 0 0 0 0 0 0 0 0 0 0 0 0 0 0 0 0 0 0 0 0 0 
28349429209805099 -184483176273481841 12368759146052657 160740210111171152 27613882984291693 160402251000620747 -32231235792705 174183631157189888 0 0 0 0 0 0 0 0 0 0 0 0 0 0 0 0 0 0 0 0 0 0 0 0 0 0 0 0 0 0 0 0 
7696008617852172 24292101240580265 -37022945244419766 132374734735508416 -202180843905596491 113732282099957624 -56579155681257 -262009572472675228 0 0 0 0 0 0 0 0 0 0 0 0 0 0 0 0 0 0 0 0 0 0 0 0 0 0 0 0 0 0 0 0 
41319983766347647 -5843909712317141 -2812873637424379 95558499558061824 -115690710725281785 189491838102568581 27866653440844 9415031931392067 0 0 0 0 0 0 0 0 0 0 0 0 0 0 0 0 0 0 0 0 0 0 0 0 0 0 0 0 0 0 0 0 
-278088359626473181 177466202659102656 48489005408706673 144886211269757020 48747769162495673 -104121809872345144 89229637327305 183656735498173538 0 0 0 0 0 0 0 0 0 0 0 0 0 0 0 0 0 0 0 0 0 0 0 0 0 0 0 0 0 0 0 0 
22394986465866127 3541613880543943 -78137997693010754 330439121408962282 262676247712963559 -104690111777178109 7575846375109 7508850731570514 0 0 0 0 0 0 0 0 0 0 0 0 0 0 0 0 0 0 0 0 0 0 0 0 0 0 0 0 0 0 0 0 
Round2 done

1695240890598378824090430226400612969 552333858094447972158118294224221892609688462174598164828690851834948641495918515767712689064995903566469331480104865118498566361739933958784018764025898094558726980668715714198744696868946927505948518075025711403019914985778433546488 ratio:1
After LLL, the matrix is:
250971704681702930 -177318466799513613 -139503895388121272 82978938199298270 113131612841445273 85211658215625131 -5805100485692 -278840111005472983 0 0 0 0 0 0 0 0 0 0 0 0 0 0 0 0 0 0 0 0 0 0 0 0 0 0 0 0 0 0 0 0 
-498703418384182162 -287727415859983016 -13135946275809618 150295302057568985 147727052767326743 -297639594335944053 11098787437297 -161466382945807570 0 0 0 0 0 0 0 0 0 0 0 0 0 0 0 0 0 0 0 0 0 0 0 0 0 0 0 0 0 0 0 0 
171596550940000404 164121182157991379 -24503089138981371 280413677749765401 -10004115264277956 320728067054896277 14822302921814 229060760137787433 0 0 0 0 0 0 0 0 0 0 0 0 0 0 0 0 0 0 0 0 0 0 0 0 0 0 0 0 0 0 0 0 
-143247121730195305 -348604358431473220 36871848285034028 -119673467638594249 37617998248569649 -160325816054275530 -47053538714519 -54877128980597545 0 0 0 0 0 0 0 0 0 0 0 0 0 0 0 0 0 0 0 0 0 0 0 0 0 0 0 0 0 0 0 0 
-135551113112343133 -324312257190892955 -151096959385738 12701267096914167 -164562845657026842 -46593533954317906 -103632694395776 -316886701453272773 0 0 0 0 0 0 0 0 0 0 0 0 0 0 0 0 0 0 0 0 0 0 0 0 0 0 0 0 0 0 0 0 
41319983766347647 -5843909712317141 -2812873637424379 95558499558061824 -115690710725281785 189491838102568581 27866653440844 9415031931392067 0 0 0 0 0 0 0 0 0 0 0 0 0 0 0 0 0 0 0 0 0 0 0 0 0 0 0 0 0 0 0 0 
341310196265759154 117910059849263539 -56188728202047989 -107285330780217272 -91534266224389626 147493213726896344 85370099923346 -153362720767887241 0 0 0 0 0 0 0 0 0 0 0 0 0 0 0 0 0 0 0 0 0 0 0 0 0 0 0 0 0 0 0 0 
-111538333085492032 -134657218328698778 -44901253358071131 -59196593555946291 -342904924978567 -145359014377550380 50662047232687 -300543486252639496 0 0 0 0 0 0 0 0 0 0 0 0 0 0 0 0 0 0 0 0 0 0 0 0 0 0 0 0 0 0 0 0 

After reduction, the matrix is:
-90338491584056224 -295228526648777152 -83315167186073283 190264268979515542 204665879065834899 -62281555511271213 -91175200409038 -125477390237585742 0 0 0 0 0 0 0 0 0 0 0 0 0 0 0 0 0 0 0 0 0 0 0 0 0 0 0 0 0 0 0 0 
44483602551125248 260068388966756453 58891746066286807 -88057704146217538 -148130187597919215 57494189279773884 136982040536994 111191772776530427 0 0 0 0 0 0 0 0 0 0 0 0 0 0 0 0 0 0 0 0 0 0 0 0 0 0 0 0 0 0 0 0 
-25745368462964523 -224760515425146711 -125483214925914930 213716288781974824 253473878133944477 -71616974704996568 -99364343823337 -192089530822774557 0 0 0 0 0 0 0 0 0 0 0 0 0 0 0 0 0 0 0 0 0 0 0 0 0 0 0 0 0 0 0 0 
32884334476388428 -143479128879144001 39605053903263512 -37024854280188676 86768902241657794 -24302220870450505 -105904729361505 179054216686853136 0 0 0 0 0 0 0 0 0 0 0 0 0 0 0 0 0 0 0 0 0 0 0 0 0 0 0 0 0 0 0 0 
-12328287051898481 -172562859421259804 122769124129951057 -214587856162790051 -282459822481203947 -8614199313497198 -118362223348243 -12355094528833895 0 0 0 0 0 0 0 0 0 0 0 0 0 0 0 0 0 0 0 0 0 0 0 0 0 0 0 0 0 0 0 0 
41319983766347647 -5843909712317141 -2812873637424379 95558499558061824 -115690710725281785 189491838102568581 27866653440844 9415031931392067 0 0 0 0 0 0 0 0 0 0 0 0 0 0 0 0 0 0 0 0 0 0 0 0 0 0 0 0 0 0 0 0 
374194530742147582 -25569069029880462 -16583674298784477 -144310185060405948 -4765363982731832 123190992856445839 -20534629438159 25691495918965895 0 0 0 0 0 0 0 0 0 0 0 0 0 0 0 0 0 0 0 0 0 0 0 0 0 0 0 0 0 0 0 0 
7149587708369291 -23911867953403467 50782672974054809 -88720652424290681 -177394901006521773 77324792134341580 109606011849020 -882464857863866 0 0 0 0 0 0 0 0 0 0 0 0 0 0 0 0 0 0 0 0 0 0 0 0 0 0 0 0 0 0 0 0 
Round3 done

1059565225003977531534332279114213928 1695240890598378824090430226400612969 ratio:0.374977
After LLL, the matrix is:
7755062895608854 -28913312683567139 -4953698669608217 -6385623106162386 1085072399960969 -3041679479350684 1904953874069977 -7324966937008153 0 0 0 0 0 0 0 0 0 0 0 0 0 0 0 0 0 0 0 0 0 0 0 0 0 0 0 0 0 0 0 0 
5223782018105505 -12167827400940090 -2177500763792526 -297818373200116 2571788269284572 -11367097107733907 2103933313212386 2743479399194771 0 0 0 0 0 0 0 0 0 0 0 0 0 0 0 0 0 0 0 0 0 0 0 0 0 0 0 0 0 0 0 0 
7173870951133168 11367216270799476 -13476838350504382 -29355169432513121 49247343606446150 10978035130563343 -2445317081673465 4764851770452916 0 0 0 0 0 0 0 0 0 0 0 0 0 0 0 0 0 0 0 0 0 0 0 0 0 0 0 0 0 0 0 0 
7236713959036551 3858175115475109 6389020959976799 7568596565580799 -30044256817181693 -11173877121388607 1903429781690654 -7066579850819100 0 0 0 0 0 0 0 0 0 0 0 0 0 0 0 0 0 0 0 0 0 0 0 0 0 0 0 0 0 0 0 0 
-5281201723998505 12774515688678421 -3887623196484877 -283081988037280 18226883160431340 6303132175449083 -1349136841250397 5906059293176199 0 0 0 0 0 0 0 0 0 0 0 0 0 0 0 0 0 0 0 0 0 0 0 0 0 0 0 0 0 0 0 0 
5137831486376763 7402777445242127 -1815867380675212 -7936826227308450 4916820950118231 -2791799601428540 331725052316829 2011724810440051 0 0 0 0 0 0 0 0 0 0 0 0 0 0 0 0 0 0 0 0 0 0 0 0 0 0 0 0 0 0 0 0 
-274340657337766 -2283844948141821 1838744586025651 5351491201699397 -4374338323750025 -4175972450470055 520926921632196 1637726027086308 0 0 0 0 0 0 0 0 0 0 0 0 0 0 0 0 0 0 0 0 0 0 0 0 0 0 0 0 0 0 0 0 
2420197256304742 -11620734551999696 4613691593552116 9669373660207055 -24088974166463842 -8067040576166469 1944177416259642 -6001126850504046 0 0 0 0 0 0 0 0 0 0 0 0 0 0 0 0 0 0 0 0 0 0 0 0 0 0 0 0 0 0 0 0 

After reduction, the matrix is:
7120431049204580 -13910397733668564 -914576114439601 -3321648556871926 -5318571566705422 -2818326873985427 1174599456438812 -4781269471590257 0 0 0 0 0 0 0 0 0 0 0 0 0 0 0 0 0 0 0 0 0 0 0 0 0 0 0 0 0 0 0 0 
-1896649031099075 1742570332728474 -1262924649352925 3023830183671810 7890359835989994 -8548770233748480 929333856773574 7524748870785028 0 0 0 0 0 0 0 0 0 0 0 0 0 0 0 0 0 0 0 0 0 0 0 0 0 0 0 0 0 0 0 0 
12924635486689270 -27876953689123027 -3021441669312428 -7391465882142558 -1716059560331389 3081292614648357 454254725198978 -12278566178693850 0 0 0 0 0 0 0 0 0 0 0 0 0 0 0 0 0 0 0 0 0 0 0 0 0 0 0 0 0 0 0 0 
3251628034863500 18898636660606769 4738784091323510 -3847537751416447 -14489255920693744 -2415669396215739 -387137171389599 -3827968848987304 0 0 0 0 0 0 0 0 0 0 0 0 0 0 0 0 0 0 0 0 0 0 0 0 0 0 0 0 0 0 0 0 
-3298602161170688 -8538659490232270 -2986331930249266 4332095682399244 7991490643607687 6276604902892196 -506262437128414 -886934988854109 0 0 0 0 0 0 0 0 0 0 0 0 0 0 0 0 0 0 0 0 0 0 0 0 0 0 0 0 0 0 0 0 
4863490829038997 5118932497100306 22877205350439 -2585335025609053 542482626368206 -6967772051898595 852651973949025 3649450837526359 0 0 0 0 0 0 0 0 0 0 0 0 0 0 0 0 0 0 0 0 0 0 0 0 0 0 0 0 0 0 0 0 
-274340657337766 -2283844948141821 1838744586025651 5351491201699397 -4374338323750025 -4175972450470055 520926921632196 1637726027086308 0 0 0 0 0 0 0 0 0 0 0 0 0 0 0 0 0 0 0 0 0 0 0 0 0 0 0 0 0 0 0 0 
-2586663810355997 3437626084820546 -1112676188958412 4034800470470378 -1487752682282477 2412064049752669 74113653377049 -1732793584414155 0 0 0 0 0 0 0 0 0 0 0 0 0 0 0 0 0 0 0 0 0 0 0 0 0 0 0 0 0 0 0 0 
Round4 done

2792759317251781879021046057058522 1059565225003977531534332279114213928 ratio:0.997364
After LLL, the matrix is:
7120431049204580 -13910397733668564 -914576114439601 -3321648556871926 -5318571566705422 -2818326873985427 1174599456438812 -4781269471590257 0 0 0 0 0 0 0 0 0 0 0 0 0 0 0 0 0 0 0 0 0 0 0 0 0 0 0 0 0 0 0 0 
-1896649031099075 1742570332728474 -1262924649352925 3023830183671810 7890359835989994 -8548770233748480 929333856773574 7524748870785028 0 0 0 0 0 0 0 0 0 0 0 0 0 0 0 0 0 0 0 0 0 0 0 0 0 0 0 0 0 0 0 0 
-1316226611719890 -56158221785899 -1192289440433226 -748168768398706 8921083573079455 8717946362619211 -1894944187678646 -2716027235513336 0 0 0 0 0 0 0 0 0 0 0 0 0 0 0 0 0 0 0 0 0 0 0 0 0 0 0 0 0 0 0 0 
5176807891798317 -1807850230565591 -425048602718282 186739557782681 -3925977007801485 -7506161601057450 1210533704694373 -1971424438646642 0 0 0 0 0 0 0 0 0 0 0 0 0 0 0 0 0 0 0 0 0 0 0 0 0 0 0 0 0 0 0 0 
-2342666738517306 8804258629594025 406335479326925 2792747798389013 -2958898572388134 1957983596108297 137400411286871 2735063684990815 0 0 0 0 0 0 0 0 0 0 0 0 0 0 0 0 0 0 0 0 0 0 0 0 0 0 0 0 0 0 0 0 
-557314134598011 1560150182892418 -1071085860216616 -1530021911310369 5939605524275348 992470002803227 -421168488655170 1153018006768031 0 0 0 0 0 0 0 0 0 0 0 0 0 0 0 0 0 0 0 0 0 0 0 0 0 0 0 0 0 0 0 0 
507680104565287 -906114915085459 959497514945344 -732382804593151 -385487111189323 6357737788884879 -1250743912451718 -3580986830162658 0 0 0 0 0 0 0 0 0 0 0 0 0 0 0 0 0 0 0 0 0 0 0 0 0 0 0 0 0 0 0 0 
-5120669341091116 6655779069126869 1240363107698302 1553894513642886 95776319898740 4340302408155342 -952198138626063 841166184376593 0 0 0 0 0 0 0 0 0 0 0 0 0 0 0 0 0 0 0 0 0 0 0 0 0 0 0 0 0 0 0 0 

After reduction, the matrix is:
-4509876559511440 237615822228189 1262722966549422 2077587849492505 2377853797892729 3671245497461656 -1051206876491458 844824937785299 0 0 0 0 0 0 0 0 0 0 0 0 0 0 0 0 0 0 0 0 0 0 0 0 0 0 0 0 0 0 0 0 
-323974687370490 -1629809680334862 1727156240754379 3089086485795877 1179780089336000 3174235341218051 -1150985479474692 -790242796308319 0 0 0 0 0 0 0 0 0 0 0 0 0 0 0 0 0 0 0 0 0 0 0 0 0 0 0 0 0 0 0 0 
3243283977824274 -947809311821047 -2343424061711376 -563351901987691 989111362100701 -2303506926530551 828175089919700 -1132883349904008 0 0 0 0 0 0 0 0 0 0 0 0 0 0 0 0 0 0 0 0 0 0 0 0 0 0 0 0 0 0 0 0 
666931332286877 -1570234408337402 837674363831140 2264327407275186 -1548123209908756 -3834916103595794 159326828202915 -1126599500861343 0 0 0 0 0 0 0 0 0 0 0 0 0 0 0 0 0 0 0 0 0 0 0 0 0 0 0 0 0 0 0 0 
6528966684963371 294555333560650 -2217954175137409 -56881421834715 -2451050641375496 1671912050307283 667029727380916 -2819972679452444 0 0 0 0 0 0 0 0 0 0 0 0 0 0 0 0 0 0 0 0 0 0 0 0 0 0 0 0 0 0 0 0 
109617197688866 -10084225444984 -233411496385476 734305495964817 4391482314366592 -2842446100792567 -261841660452255 26418505906688 0 0 0 0 0 0 0 0 0 0 0 0 0 0 0 0 0 0 0 0 0 0 0 0 0 0 0 0 0 0 0 0 
1498586124222654 -846539643087999 70015638022105 -1557141883113842 -3113390410434079 -651413655928966 59568395225889 -3917343534715682 0 0 0 0 0 0 0 0 0 0 0 0 0 0 0 0 0 0 0 0 0 0 0 0 0 0 0 0 0 0 0 0 
-610792781579676 6418163246898680 -22359858851120 -523693335849619 -2282077477993989 669056910693686 99008737865395 -3658753408706 0 0 0 0 0 0 0 0 0 0 0 0 0 0 0 0 0 0 0 0 0 0 0 0 0 0 0 0 0 0 0 0 
Round5 done

299819300949017588643351181887701 2792759317251781879021046057058522 ratio:0.892644
After LLL, the matrix is:
-4509876559511440 237615822228189 1262722966549422 2077587849492505 2377853797892729 3671245497461656 -1051206876491458 844824937785299 0 0 0 0 0 0 0 0 0 0 0 0 0 0 0 0 0 0 0 0 0 0 0 0 0 0 0 0 0 0 0 0 
4185901872140950 -1867425502563051 464433274204957 1011498636303372 -1198073708556729 -497010156243605 -99778602983234 -1635067734093618 0 0 0 0 0 0 0 0 0 0 0 0 0 0 0 0 0 0 0 0 0 0 0 0 0 0 0 0 0 0 0 0 
-1266592581687166 -710193489592858 -1080701095161954 1514235947504814 3366965159993430 1367738570931105 -223031786571758 -288058412118709 0 0 0 0 0 0 0 0 0 0 0 0 0 0 0 0 0 0 0 0 0 0 0 0 0 0 0 0 0 0 0 0 
89122331077797 149091904456708 1778460289719575 576816559007047 538520096723111 1575796190137220 -826728390248857 410322636147266 0 0 0 0 0 0 0 0 0 0 0 0 0 0 0 0 0 0 0 0 0 0 0 0 0 0 0 0 0 0 0 0 
1060554660801950 -726357911961714 -790752057542675 -110770511749384 -50324907208845 -121925027034541 203109296285533 -1082318670052987 0 0 0 0 0 0 0 0 0 0 0 0 0 0 0 0 0 0 0 0 0 0 0 0 0 0 0 0 0 0 0 0 
-2081530906805646 932044363261173 -1009558776540354 385714294201275 1559554669849506 1172970922906496 109931588375297 790585125703105 0 0 0 0 0 0 0 0 0 0 0 0 0 0 0 0 0 0 0 0 0 0 0 0 0 0 0 0 0 0 0 0 
2604022424174432 175701553635932 344474304146032 -280198807599350 -1561498458205221 -1791259707658462 85459285395520 -1565434812798255 0 0 0 0 0 0 0 0 0 0 0 0 0 0 0 0 0 0 0 0 0 0 0 0 0 0 0 0 0 0 0 0 
-794336588204161 -141719934945078 63256083776114 1784271438542388 744847941051956 1219868882112494 -329168877416430 -569907926705949 0 0 0 0 0 0 0 0 0 0 0 0 0 0 0 0 0 0 0 0 0 0 0 0 0 0 0 0 0 0 0 0 

After reduction, the matrix is:
115021497158085 -769103802939700 612935841025251 -945502438546562 -798110982282178 -719373586109616 130971369321492 1021569091009300 0 0 0 0 0 0 0 0 0 0 0 0 0 0 0 0 0 0 0 0 0 0 0 0 0 0 0 0 0 0 0 0 
-16738356268596 517334684621550 1036378612749953 1618753954003415 462130775710467 919810820731973 -396065607179003 1320154731715461 0 0 0 0 0 0 0 0 0 0 0 0 0 0 0 0 0 0 0 0 0 0 0 0 0 0 0 0 0 0 0 0 
-357234496324920 -1337577357587480 -531021337912817 -1215537929584136 1824006236659296 -571503897291005 237108460166164 1303418605596540 0 0 0 0 0 0 0 0 0 0 0 0 0 0 0 0 0 0 0 0 0 0 0 0 0 0 0 0 0 0 0 0 
105860687346393 -368242780164842 742081676969622 -1041937394996368 76389321012644 655985369405247 -430662783069854 -909832095568195 0 0 0 0 0 0 0 0 0 0 0 0 0 0 0 0 0 0 0 0 0 0 0 0 0 0 0 0 0 0 0 0 
1060554660801950 -726357911961714 -790752057542675 -110770511749384 -50324907208845 -121925027034541 203109296285533 -1082318670052987 0 0 0 0 0 0 0 0 0 0 0 0 0 0 0 0 0 0 0 0 0 0 0 0 0 0 0 0 0 0 0 0 
-548720252520691 774160005947239 -656353655144961 544979273489465 -1112887456300813 903176207053344 206903793816158 -573583058937122 0 0 0 0 0 0 0 0 0 0 0 0 0 0 0 0 0 0 0 0 0 0 0 0 0 0 0 0 0 0 0 0 
1681329319060225 129618886617241 193477923838207 667996490309394 -388248902136271 -539776577164150 133405932198839 484555465576624 0 0 0 0 0 0 0 0 0 0 0 0 0 0 0 0 0 0 0 0 0 0 0 0 0 0 0 0 0 0 0 0 
-679315091046076 -910823737884778 676191924801365 838768999995826 -53263041230222 500495296002878 -198197508094938 451661164303351 0 0 0 0 0 0 0 0 0 0 0 0 0 0 0 0 0 0 0 0 0 0 0 0 0 0 0 0 0 0 0 0 
Round6 done

37873561338674053953739886712146 299819300949017588643351181887701 ratio:0.873679
After LLL, the matrix is:
115021497158085 -769103802939700 612935841025251 -945502438546562 -798110982282178 -719373586109616 130971369321492 1021569091009300 0 0 0 0 0 0 0 0 0 0 0 0 0 0 0 0 0 0 0 0 0 0 0 0 0 0 0 0 0 0 0 0 
-16738356268596 517334684621550 1036378612749953 1618753954003415 462130775710467 919810820731973 -396065607179003 1320154731715461 0 0 0 0 0 0 0 0 0 0 0 0 0 0 0 0 0 0 0 0 0 0 0 0 0 0 0 0 0 0 0 0 
-472255993483005 -568473554647780 -1143957178938068 -270035491037574 2622117218941474 147869688818611 106137090844672 281849514587240 0 0 0 0 0 0 0 0 0 0 0 0 0 0 0 0 0 0 0 0 0 0 0 0 0 0 0 0 0 0 0 0 
105860687346393 -368242780164842 742081676969622 -1041937394996368 76389321012644 655985369405247 -430662783069854 -909832095568195 0 0 0 0 0 0 0 0 0 0 0 0 0 0 0 0 0 0 0 0 0 0 0 0 0 0 0 0 0 0 0 0 
1060554660801950 -726357911961714 -790752057542675 -110770511749384 -50324907208845 -121925027034541 203109296285533 -1082318670052987 0 0 0 0 0 0 0 0 0 0 0 0 0 0 0 0 0 0 0 0 0 0 0 0 0 0 0 0 0 0 0 0 
-548720252520691 774160005947239 -656353655144961 544979273489465 -1112887456300813 903176207053344 206903793816158 -573583058937122 0 0 0 0 0 0 0 0 0 0 0 0 0 0 0 0 0 0 0 0 0 0 0 0 0 0 0 0 0 0 0 0 
-179319403240943 -75683333226128 538936665292726 -933729049032261 449584106443701 569806129037977 -56353893174226 1386877586720834 0 0 0 0 0 0 0 0 0 0 0 0 0 0 0 0 0 0 0 0 0 0 0 0 0 0 0 0 0 0 0 0 
-336142976918233 121238845786199 550044117699769 10555437565490 394377276857764 452012640288889 -59160527498347 1063689063929035 0 0 0 0 0 0 0 0 0 0 0 0 0 0 0 0 0 0 0 0 0 0 0 0 0 0 0 0 0 0 0 0 

After reduction, the matrix is:
294340900399028 -693420469713572 73999175732525 -11773389514301 -1247695088725879 -1289179715147593 187325262495718 -365308495711534 0 0 0 0 0 0 0 0 0 0 0 0 0 0 0 0 0 0 0 0 0 0 0 0 0 0 0 0 0 0 0 0 
434426117807722 -373007964104349 1099270336075435 662696077891363 -730357483429475 -251575405666532 -205933710359164 1278034758795726 0 0 0 0 0 0 0 0 0 0 0 0 0 0 0 0 0 0 0 0 0 0 0 0 0 0 0 0 0 0 0 0 
-1787190006406618 238623893547601 -935559600807829 373940904686974 311859581123627 -116208792241097 297256850871015 425276629991571 0 0 0 0 0 0 0 0 0 0 0 0 0 0 0 0 0 0 0 0 0 0 0 0 0 0 0 0 0 0 0 0 
105860687346393 -368242780164842 742081676969622 -1041937394996368 76389321012644 655985369405247 -430662783069854 -909832095568195 0 0 0 0 0 0 0 0 0 0 0 0 0 0 0 0 0 0 0 0 0 0 0 0 0 0 0 0 0 0 0 0 
724411683883717 -605119066175515 -240707939842906 -100215074183894 344052369648919 330087613254348 143948768787186 -18629606123952 0 0 0 0 0 0 0 0 0 0 0 0 0 0 0 0 0 0 0 0 0 0 0 0 0 0 0 0 0 0 0 0 
175691431363026 169040939771724 -897061594987867 444764199305571 -768835086651894 1233263820307692 350852562603344 -592212665061074 0 0 0 0 0 0 0 0 0 0 0 0 0 0 0 0 0 0 0 0 0 0 0 0 0 0 0 0 0 0 0 0 
156823573677290 -196922179012327 -11107452407043 -944284486597751 55206829585937 117793488749088 2806634324121 323188522791799 0 0 0 0 0 0 0 0 0 0 0 0 0 0 0 0 0 0 0 0 0 0 0 0 0 0 0 0 0 0 0 0 
-336142976918233 121238845786199 550044117699769 10555437565490 394377276857764 452012640288889 -59160527498347 1063689063929035 0 0 0 0 0 0 0 0 0 0 0 0 0 0 0 0 0 0 0 0 0 0 0 0 0 0 0 0 0 0 0 0 
Round7 done

23943733173518429413054412097598 37873561338674053953739886712146 ratio:0.367798
After LLL, the matrix is:
294340900399028 -693420469713572 73999175732525 -11773389514301 -1247695088725879 -1289179715147593 187325262495718 -365308495711534 0 0 0 0 0 0 0 0 0 0 0 0 0 0 0 0 0 0 0 0 0 0 0 0 0 0 0 0 0 0 0 0 
434426117807722 -373007964104349 1099270336075435 662696077891363 -730357483429475 -251575405666532 -205933710359164 1278034758795726 0 0 0 0 0 0 0 0 0 0 0 0 0 0 0 0 0 0 0 0 0 0 0 0 0 0 0 0 0 0 0 0 
-336142976918233 121238845786199 550044117699769 10555437565490 394377276857764 452012640288889 -59160527498347 1063689063929035 0 0 0 0 0 0 0 0 0 0 0 0 0 0 0 0 0 0 0 0 0 0 0 0 0 0 0 0 0 0 0 0 
-974818835161458 316558707584426 -1010376675864457 1027299496961658 40442632704503 17370236662186 22318933012827 -58758243359239 0 0 0 0 0 0 0 0 0 0 0 0 0 0 0 0 0 0 0 0 0 0 0 0 0 0 0 0 0 0 0 0 
-868958147815065 -51684072580416 -268294998894835 -14637898034710 116831953717147 673355606067433 -408343850057027 -968590338927434 0 0 0 0 0 0 0 0 0 0 0 0 0 0 0 0 0 0 0 0 0 0 0 0 0 0 0 0 0 0 0 0 
388268706965484 -483880220389316 309336177856863 -89659636618404 738429646506683 782100253543237 84788241288839 1045059457805083 0 0 0 0 0 0 0 0 0 0 0 0 0 0 0 0 0 0 0 0 0 0 0 0 0 0 0 0 0 0 0 0 
633051768004217 2251480810697 464119590236098 -280370456757577 178167158024577 703385157941260 -331291811032414 902842713370024 0 0 0 0 0 0 0 0 0 0 0 0 0 0 0 0 0 0 0 0 0 0 0 0 0 0 0 0 0 0 0 0 
181315521602034 -28530402837200 199239608340261 -291609403333020 -593067600523210 964521065993135 600664913124584 -372608071142824 0 0 0 0 0 0 0 0 0 0 0 0 0 0 0 0 0 0 0 0 0 0 0 0 0 0 0 0 0 0 0 0 

After reduction, the matrix is:
-910760224334270 -623865696507789 355748294537459 -15855849983521 -736485858150968 -163811468791271 -280179115059656 -270209770709933 0 0 0 0 0 0 0 0 0 0 0 0 0 0 0 0 0 0 0 0 0 0 0 0 0 0 0 0 0 0 0 0 
-98389053089110 -545930882470964 280931219480831 637502742291163 -1007902806570092 -30232439887988 -555117032917844 -754244644060743 0 0 0 0 0 0 0 0 0 0 0 0 0 0 0 0 0 0 0 0 0 0 0 0 0 0 0 0 0 0 0 0 
-724411683883717 605119066175515 240707939842906 100215074183894 -344052369648919 -330087613254348 -143948768787186 18629606123952 0 0 0 0 0 0 0 0 0 0 0 0 0 0 0 0 0 0 0 0 0 0 0 0 0 0 0 0 0 0 0 0 
-250407151277741 -288560358591089 -1251084615707363 927084422777764 384495002353422 347457849916534 166267701800013 -77387849483191 0 0 0 0 0 0 0 0 0 0 0 0 0 0 0 0 0 0 0 0 0 0 0 0 0 0 0 0 0 0 0 0 
-868958147815065 -51684072580416 -268294998894835 -14637898034710 116831953717147 673355606067433 -408343850057027 -968590338927434 0 0 0 0 0 0 0 0 0 0 0 0 0 0 0 0 0 0 0 0 0 0 0 0 0 0 0 0 0 0 0 0 
-434532030007343 -424692036684765 830975337180600 648058179856653 -613525529712328 421780200400901 -614277560416191 309444419868292 0 0 0 0 0 0 0 0 0 0 0 0 0 0 0 0 0 0 0 0 0 0 0 0 0 0 0 0 0 0 0 0 
633051768004217 2251480810697 464119590236098 -280370456757577 178167158024577 703385157941260 -331291811032414 902842713370024 0 0 0 0 0 0 0 0 0 0 0 0 0 0 0 0 0 0 0 0 0 0 0 0 0 0 0 0 0 0 0 0 
181315521602034 -28530402837200 199239608340261 -291609403333020 -593067600523210 964521065993135 600664913124584 -372608071142824 0 0 0 0 0 0 0 0 0 0 0 0 0 0 0 0 0 0 0 0 0 0 0 0 0 0 0 0 0 0 0 0 
Round8 done

17828570005200600351890305931828 23943733173518429413054412097598 ratio:0.255397
After LLL, the matrix is:
-910760224334270 -623865696507789 355748294537459 -15855849983521 -736485858150968 -163811468791271 -280179115059656 -270209770709933 0 0 0 0 0 0 0 0 0 0 0 0 0 0 0 0 0 0 0 0 0 0 0 0 0 0 0 0 0 0 0 0 
812371171245160 77934814036825 -74817075056628 653358592274684 -271416948419124 133579028903283 -274937917858188 -484034873350810 0 0 0 0 0 0 0 0 0 0 0 0 0 0 0 0 0 0 0 0 0 0 0 0 0 0 0 0 0 0 0 0 
-724411683883717 605119066175515 240707939842906 100215074183894 -344052369648919 -330087613254348 -143948768787186 18629606123952 0 0 0 0 0 0 0 0 0 0 0 0 0 0 0 0 0 0 0 0 0 0 0 0 0 0 0 0 0 0 0 0 
-250407151277741 -288560358591089 -1251084615707363 927084422777764 384495002353422 347457849916534 166267701800013 -77387849483191 0 0 0 0 0 0 0 0 0 0 0 0 0 0 0 0 0 0 0 0 0 0 0 0 0 0 0 0 0 0 0 0 
-868958147815065 -51684072580416 -268294998894835 -14637898034710 116831953717147 673355606067433 -408343850057027 -968590338927434 0 0 0 0 0 0 0 0 0 0 0 0 0 0 0 0 0 0 0 0 0 0 0 0 0 0 0 0 0 0 0 0 
476228194326927 199173659823024 475227042643141 663914029840174 122960328438640 585591669192172 -334098445356535 579654190578225 0 0 0 0 0 0 0 0 0 0 0 0 0 0 0 0 0 0 0 0 0 0 0 0 0 0 0 0 0 0 0 0 
244783061038733 486131701200013 154783412379235 -190710820139173 -560262488482106 -78715095601977 -416080052321253 -142216744435059 0 0 0 0 0 0 0 0 0 0 0 0 0 0 0 0 0 0 0 0 0 0 0 0 0 0 0 0 0 0 0 0 
181315521602034 -28530402837200 199239608340261 -291609403333020 -593067600523210 964521065993135 600664913124584 -372608071142824 0 0 0 0 0 0 0 0 0 0 0 0 0 0 0 0 0 0 0 0 0 0 0 0 0 0 0 0 0 0 0 0 

After reduction, the matrix is:
-186348540450553 -1228984762683304 115040354694553 -116070924167415 -392433488502049 166276144463077 -136230346272470 -288839376833885 0 0 0 0 0 0 0 0 0 0 0 0 0 0 0 0 0 0 0 0 0 0 0 0 0 0 0 0 0 0 0 0 
812371171245160 77934814036825 -74817075056628 653358592274684 -271416948419124 133579028903283 -274937917858188 -484034873350810 0 0 0 0 0 0 0 0 0 0 0 0 0 0 0 0 0 0 0 0 0 0 0 0 0 0 0 0 0 0 0 0 
-724411683883717 605119066175515 240707939842906 100215074183894 -344052369648919 -330087613254348 -143948768787186 18629606123952 0 0 0 0 0 0 0 0 0 0 0 0 0 0 0 0 0 0 0 0 0 0 0 0 0 0 0 0 0 0 0 0 
-5624090239008 197571342608924 -1096301203328128 736373602638591 -175767486128684 268742754314557 -249812350521240 -219604593918250 0 0 0 0 0 0 0 0 0 0 0 0 0 0 0 0 0 0 0 0 0 0 0 0 0 0 0 0 0 0 0 0 
-868958147815065 -51684072580416 -268294998894835 -14637898034710 116831953717147 673355606067433 -408343850057027 -968590338927434 0 0 0 0 0 0 0 0 0 0 0 0 0 0 0 0 0 0 0 0 0 0 0 0 0 0 0 0 0 0 0 0 
476228194326927 199173659823024 475227042643141 663914029840174 122960328438640 585591669192172 -334098445356535 579654190578225 0 0 0 0 0 0 0 0 0 0 0 0 0 0 0 0 0 0 0 0 0 0 0 0 0 0 0 0 0 0 0 0 
244783061038733 486131701200013 154783412379235 -190710820139173 -560262488482106 -78715095601977 -416080052321253 -142216744435059 0 0 0 0 0 0 0 0 0 0 0 0 0 0 0 0 0 0 0 0 0 0 0 0 0 0 0 0 0 0 0 0 
181315521602034 -28530402837200 199239608340261 -291609403333020 -593067600523210 964521065993135 600664913124584 -372608071142824 0 0 0 0 0 0 0 0 0 0 0 0 0 0 0 0 0 0 0 0 0 0 0 0 0 0 0 0 0 0 0 0 
Round9 done

13510387958456131707440590052535 17828570005200600351890305931828 ratio:0.242206
After LLL, the matrix is:
-186348540450553 -1228984762683304 115040354694553 -116070924167415 -392433488502049 166276144463077 -136230346272470 -288839376833885 0 0 0 0 0 0 0 0 0 0 0 0 0 0 0 0 0 0 0 0 0 0 0 0 0 0 0 0 0 0 0 0 
812371171245160 77934814036825 -74817075056628 653358592274684 -271416948419124 133579028903283 -274937917858188 -484034873350810 0 0 0 0 0 0 0 0 0 0 0 0 0 0 0 0 0 0 0 0 0 0 0 0 0 0 0 0 0 0 0 0 
-724411683883717 605119066175515 240707939842906 100215074183894 -344052369648919 -330087613254348 -143948768787186 18629606123952 0 0 0 0 0 0 0 0 0 0 0 0 0 0 0 0 0 0 0 0 0 0 0 0 0 0 0 0 0 0 0 0 
-817995261484168 119636528572099 -1021484128271500 83015010363907 95649462290440 135163725411274 25125567336948 264430279432560 0 0 0 0 0 0 0 0 0 0 0 0 0 0 0 0 0 0 0 0 0 0 0 0 0 0 0 0 0 0 0 0 
-50962886330897 -171320601152515 753189129376665 -97652908398617 21182491426707 538191880656159 -433469417393975 -1233020618359994 0 0 0 0 0 0 0 0 0 0 0 0 0 0 0 0 0 0 0 0 0 0 0 0 0 0 0 0 0 0 0 0 
476228194326927 199173659823024 475227042643141 663914029840174 122960328438640 585591669192172 -334098445356535 579654190578225 0 0 0 0 0 0 0 0 0 0 0 0 0 0 0 0 0 0 0 0 0 0 0 0 0 0 0 0 0 0 0 0 
244783061038733 486131701200013 154783412379235 -190710820139173 -560262488482106 -78715095601977 -416080052321253 -142216744435059 0 0 0 0 0 0 0 0 0 0 0 0 0 0 0 0 0 0 0 0 0 0 0 0 0 0 0 0 0 0 0 0 
-787879223320416 90456962138302 285164135803932 -683509009953 -376857481690023 713148548340764 872796196658651 -211761720583813 0 0 0 0 0 0 0 0 0 0 0 0 0 0 0 0 0 0 0 0 0 0 0 0 0 0 0 0 0 0 0 0 

After reduction, the matrix is:
-186348540450553 -1228984762683304 115040354694553 -116070924167415 -392433488502049 166276144463077 -136230346272470 -288839376833885 0 0 0 0 0 0 0 0 0 0 0 0 0 0 0 0 0 0 0 0 0 0 0 0 0 0 0 0 0 0 0 0 
812371171245160 77934814036825 -74817075056628 653358592274684 -271416948419124 133579028903283 -274937917858188 -484034873350810 0 0 0 0 0 0 0 0 0 0 0 0 0 0 0 0 0 0 0 0 0 0 0 0 0 0 0 0 0 0 0 0 
-724411683883717 605119066175515 240707939842906 100215074183894 -344052369648919 -330087613254348 -143948768787186 18629606123952 0 0 0 0 0 0 0 0 0 0 0 0 0 0 0 0 0 0 0 0 0 0 0 0 0 0 0 0 0 0 0 0 
-817995261484168 119636528572099 -1021484128271500 83015010363907 95649462290440 135163725411274 25125567336948 264430279432560 0 0 0 0 0 0 0 0 0 0 0 0 0 0 0 0 0 0 0 0 0 0 0 0 0 0 0 0 0 0 0 0 
-868958147815065 -51684072580416 -268294998894835 -14637898034710 116831953717147 673355606067433 -408343850057027 -968590338927434 0 0 0 0 0 0 0 0 0 0 0 0 0 0 0 0 0 0 0 0 0 0 0 0 0 0 0 0 0 0 0 0 
476228194326927 199173659823024 475227042643141 663914029840174 122960328438640 585591669192172 -334098445356535 579654190578225 0 0 0 0 0 0 0 0 0 0 0 0 0 0 0 0 0 0 0 0 0 0 0 0 0 0 0 0 0 0 0 0 
244783061038733 486131701200013 154783412379235 -190710820139173 -560262488482106 -78715095601977 -416080052321253 -142216744435059 0 0 0 0 0 0 0 0 0 0 0 0 0 0 0 0 0 0 0 0 0 0 0 0 0 0 0 0 0 0 0 0 
-787879223320416 90456962138302 285164135803932 -683509009953 -376857481690023 713148548340764 872796196658651 -211761720583813 0 0 0 0 0 0 0 0 0 0 0 0 0 0 0 0 0 0 0 0 0 0 0 0 0 0 0 0 0 0 0 0 
Round10 done

13572560277204624821512480576533 13510387958456131707440590052535 ratio:-0.00460182
