Time:30.1534 rounds: 11
122457076758211306487
270398693514592738438
                   
                                           
                                           
                                           
After LLL, the matrix is:
-144805098377753105095680057933651270795521048558086964397579370484560287034010028386752214129050034148079626424450320135 -3 1 0 0 0 0 0 0 0 0 0 0 0 0 0 0 0 0 0 0 0 0 0 0 0 0 0 0 0 0 0 0 0 0 0 0 0 0 0 
-62770732694727566701410088133206828916154901300680150911468289714864706232793784732118912615172793123028642781711027073 -8 3 0 0 0 0 0 0 0 0 0 0 0 0 0 0 0 0 0 0 0 0 0 0 0 0 0 0 0 0 0 0 0 0 0 0 0 0 0 
31340806118432334265592938204139730272713744874944866384974850823653149663932330825166480491281071629150388672567607800 -3 -1 0 0 0 0 0 0 0 0 0 0 0 0 0 0 0 0 0 0 0 0 0 0 0 0 0 0 0 0 0 0 0 0 0 0 0 0 0 
-44838940376454270638542839052402629111891161491954791850336389613079332347744345987325861327807202031175914978442998124 -4 2 1 0 0 0 0 0 0 0 0 0 0 0 0 0 0 0 0 0 0 0 0 0 0 0 0 0 0 0 0 0 0 0 0 0 0 0 0 
36326950296787886570785262165034398108661947471755048909216049801392385562395908779684066706709259890910443866827401961 3 -2 0 1 0 0 0 0 0 0 0 0 0 0 0 0 0 0 0 0 0 0 0 0 0 0 0 0 0 0 0 0 0 0 0 0 0 0 0 
-52677712402859595273688866237294133203220316813425203015430404220603828925047104164484430066944434150180094970223706765 -3 2 0 0 1 0 0 0 0 0 0 0 0 0 0 0 0 0 0 0 0 0 0 0 0 0 0 0 0 0 0 0 0 0 0 0 0 0 0 
-69316368546335544342606969561376521087276044390284547129058733605001731630038301142068113177702694810474091227714415549 -1 0 0 0 0 1 0 0 0 0 0 0 0 0 0 0 0 0 0 0 0 0 0 0 0 0 0 0 0 0 0 0 0 0 0 0 0 0 0 
72036846296036089757977007946632770535005227503576986316365418021638688215968867444277430141481800032078031023141895546 -1 0 0 0 0 0 1 0 0 0 0 0 0 0 0 0 0 0 0 0 0 0 0 0 0 0 0 0 0 0 0 0 0 0 0 0 0 0 0 
23635742863821739065175888112933731149563283529171499839306991143949212946823942223542464786857851455962938189916265042 -2 0 0 0 0 0 0 1 0 0 0 0 0 0 0 0 0 0 0 0 0 0 0 0 0 0 0 0 0 0 0 0 0 0 0 0 0 0 0 
69050138622474159771451155795030470029595169433683496783087464724789798887890229091267375640396962028755276218197855140 5 -1 0 0 0 0 0 0 1 0 0 0 0 0 0 0 0 0 0 0 0 0 0 0 0 0 0 0 0 0 0 0 0 0 0 0 0 0 0 
33692829244729950567080345471143641090817469743197076966280056729747810866977944898865670431755316435876471825849476115 -2 1 0 0 0 0 0 0 0 1 0 0 0 0 0 0 0 0 0 0 0 0 0 0 0 0 0 0 0 0 0 0 0 0 0 0 0 0 0 
-6013413784331788610767921004675821437001742348163418863003289540626345245789710197375477833610079478456864196181629816 -3 1 0 0 0 0 0 0 0 0 1 0 0 0 0 0 0 0 0 0 0 0 0 0 0 0 0 0 0 0 0 0 0 0 0 0 0 0 0 

After reduction, the matrix is:
-483167553790178437249953821431556307479232202164911685500421509528001135056983649740746122408126665114885716091204551 69 -23 0 0 0 0 0 0 0 0 -24 0 0 0 0 0 0 0 0 0 0 0 0 0 0 0 0 0 0 0 0 0 0 0 0 0 0 0 0 
41049297995630141083908652895491056145284980758368203586506523775441324614089734178083297883673341906500310145564557 -8978 2993 0 0 0 0 0 0 0 0 3120 0 0 0 0 0 0 0 0 0 0 0 0 0 0 0 0 0 0 0 0 0 0 0 0 0 0 0 0 
17013718061996126513757116879552398854221695742343234620465751883958534456573060374149130520185080495817746930441099 -13474 4490 0 0 0 0 0 0 0 0 4680 0 0 0 0 0 0 0 0 0 0 0 0 0 0 0 0 0 0 0 0 0 0 0 0 0 0 0 0 
-3470188020932382978708081938427027467358347877084740590668026410067971129619090166787670138953939800361749182545094 25009 -8335 1 0 0 0 0 0 0 0 -8688 0 0 0 0 0 0 0 0 0 0 0 0 0 0 0 0 0 0 0 0 0 0 0 0 0 0 0 0 
344790491378728913492087999838880494245652115766608330087486421281841634717400438365590054505443880291041330841334 73152 -24383 2 1 0 0 0 0 0 0 -25416 0 0 0 0 0 0 0 0 0 0 0 0 0 0 0 0 0 0 0 0 0 0 0 0 0 0 0 0 
60118836781943350673069687113041920119614068129373155075584158339834586915426149161965759087156397030957472961297 -215445 71813 -5 -3 1 0 0 0 0 0 74856 0 0 0 0 0 0 0 0 0 0 0 0 0 0 0 0 0 0 0 0 0 0 0 0 0 0 0 0 
6462847819089511549688066781287157783303315566721354954255844121034715365555736568648279660735417820509924545724 -279666 93221 -4 -3 2 1 0 0 0 0 97176 0 0 0 0 0 0 0 0 0 0 0 0 0 0 0 0 0 0 0 0 0 0 0 0 0 0 0 0 
-2883751895913776869333703220104980609509692774539769511702172635149046219259086684600245188001880555304880170710 810113 -270035 11 8 -6 -3 1 0 0 0 -281496 0 0 0 0 0 0 0 0 0 0 0 0 0 0 0 0 0 0 0 0 0 0 0 0 0 0 0 0 
583610649205457463612961558787049160991046095861866931906767867367838392896826874613073135508766661954538330406 -2451360 817105 -43 -28 14 6 -1 1 0 0 851760 0 0 0 0 0 0 0 0 0 0 0 0 0 0 0 0 0 0 0 0 0 0 0 0 0 0 0 0 
-184570411517750885622580233110162487194579987455526256996258779198826848776560002253096408078696692290472309776 -1508539 502837 -27 -17 8 4 0 0 1 0 524160 0 0 0 0 0 0 0 0 0 0 0 0 0 0 0 0 0 0 0 0 0 0 0 0 0 0 0 0 
57423421007797308995284529282192311838973099469681991494830589638114009319624961275889651002690704462026026183 744630 -248203 18 11 -3 0 0 0 -1 1 -258720 0 0 0 0 0 0 0 0 0 0 0 0 0 0 0 0 0 0 0 0 0 0 0 0 0 0 0 0 
21618629615375606176098788355320416332786244778387060288102255251504893636638181402566685590924514640995307934 1719996 -573316 37 21 -8 -3 1 0 -2 1 -597623 0 0 0 0 0 0 0 0 0 0 0 0 0 0 0 0 0 0 0 0 0 0 0 0 0 0 0 0 
Round1 done

235437561253933074671723888050434579543940515228119751633916361654521416008424953035362023296212952173393431752398890028624026808249290696689657777958493830950341317061298457546079005889623882274002463247175315836339581792000391137010 16729812575193075033136715587059153239497015346058952453877619699649848733542963476608940438256489945481230659730226972462187922011803941465224210483225948474619411445858721783632399210483064411752490690802245217298914958296700197537753142850 ratio:1
After LLL, the matrix is:
-774793807901 740876363300 5404618026742 2496917057032 -531957471769 142868806743 -886340351985 -890397426279 -2055729881333 44851176554 0 9158124175761 0 0 0 0 0 0 0 0 0 0 0 0 0 0 0 0 0 0 0 0 0 0 0 0 0 0 0 0 
-2276991191504 2626035946376 3057416466567 -703848965918 -1318348301830 -3930143768600 396593385876 1307606660573 2587700736134 35109737067 0 -3617122144850 0 0 0 0 0 0 0 0 0 0 0 0 0 0 0 0 0 0 0 0 0 0 0 0 0 0 0 0 
-935916616693 3657248304895 121555157072 -3034566362789 693381226081 10394502043984 542213965763 1379436409929 3359841944585 -110465807202 0 -2166798673720 0 0 0 0 0 0 0 0 0 0 0 0 0 0 0 0 0 0 0 0 0 0 0 0 0 0 0 0 
66627802168 -2718365245828 8044980246885 -598784071580 -405482066903 -2293945667986 -3112831285079 -169521911226 -1790994519919 336237624022 0 481446436898 0 0 0 0 0 0 0 0 0 0 0 0 0 0 0 0 0 0 0 0 0 0 0 0 0 0 0 0 
4914231233511 2505235419536 1751550680442 -2134621531512 4546469037502 4148869442241 -774759982541 345439600479 1827838287418 -258629679684 0 243669586905 0 0 0 0 0 0 0 0 0 0 0 0 0 0 0 0 0 0 0 0 0 0 0 0 0 0 0 0 
-2547842877105 -849577169729 4539629384366 970469553879 -2304773377356 667834157452 -1934498814820 -498433768017 -1727749170618 160196244263 0 1522930241243 0 0 0 0 0 0 0 0 0 0 0 0 0 0 0 0 0 0 0 0 0 0 0 0 0 0 0 0 
-1440694414196 -489053046513 -3303360969319 1030633460913 -1533052209387 385822842785 1289861691550 -370703932157 -1546176532645 180299240714 0 2584924690076 0 0 0 0 0 0 0 0 0 0 0 0 0 0 0 0 0 0 0 0 0 0 0 0 0 0 0 0 
-1660474157006 3442784990270 1293503893993 1067095186015 -578949069239 3389947366577 676659334708 -166240092420 1201093445174 -362716347285 0 4768309854788 0 0 0 0 0 0 0 0 0 0 0 0 0 0 0 0 0 0 0 0 0 0 0 0 0 0 0 0 
1115519815080 -955836764094 -1345442221640 689092776008 -806334116597 -2167688072406 137833291525 -338353783876 -739452052506 7256933475 0 -508331417910 0 0 0 0 0 0 0 0 0 0 0 0 0 0 0 0 0 0 0 0 0 0 0 0 0 0 0 0 
1851042360731 1618777269454 532821891714 764399238282 1453191177343 767764556580 672332216815 -130981158690 -57518057255 -50709573901 0 4857139736829 0 0 0 0 0 0 0 0 0 0 0 0 0 0 0 0 0 0 0 0 0 0 0 0 0 0 0 0 
-1178295157461 384257559618 1623508005075 655188386158 -1006654645529 -349474701214 -370488009012 -62930051653 98208351041 -53835068593 0 357224434729 0 0 0 0 0 0 0 0 0 0 0 0 0 0 0 0 0 0 0 0 0 0 0 0 0 0 0 0 
-2011833251542 785847003943 3222291906084 32666306358 -713844744247 5402374646225 -891988762127 3204578620 -257504293885 61851448894 1 2792923599401 0 0 0 0 0 0 0 0 0 0 0 0 0 0 0 0 0 0 0 0 0 0 0 0 0 0 0 0 

After reduction, the matrix is:
-624571115262 2445672460958 -683937817759 -436797095395 166625047800 -67530237976 1967259481716 1009532504725 3007703772982 -209331884835 -1 -153122615584 0 0 0 0 0 0 0 0 0 0 0 0 0 0 0 0 0 0 0 0 0 0 0 0 0 0 0 0 
-1852043990596 -121367916237 -1463580473503 -1235887957934 -198382151362 -610153213005 322338322209 391584110873 -1423144219069 525154066327 1 -1085192290738 0 0 0 0 0 0 0 0 0 0 0 0 0 0 0 0 0 0 0 0 0 0 0 0 0 0 0 0 
2119207048817 239092175625 1310210123187 -206474005583 -417315394082 4327568277361 -1657390060306 -601069383999 -1915076814891 153758232576 0 1065138902625 0 0 0 0 0 0 0 0 0 0 0 0 0 0 0 0 0 0 0 0 0 0 0 0 0 0 0 0 
-2418358655861 922300186203 -600086176422 -2900397993883 1140816114101 -1085952361228 2263293733691 1697678324108 714589724473 664905868490 0 813457397319 0 0 0 0 0 0 0 0 0 0 0 0 0 0 0 0 0 0 0 0 0 0 0 0 0 0 0 0 
551096716119 -500412634389 -809393329854 1082277138654 793415224907 1700232014554 -1332474447975 -1165792877278 -1766952895537 -157809160853 1 1030511492813 0 0 0 0 0 0 0 0 0 0 0 0 0 0 0 0 0 0 0 0 0 0 0 0 0 0 0 0 
-546708682325 881414857373 -454059452766 239002128614 1182100401724 -584675938575 -175070301465 -256614883661 411749702177 -222218115201 -1 -241497497748 0 0 0 0 0 0 0 0 0 0 0 0 0 0 0 0 0 0 0 0 0 0 0 0 0 0 0 0 
-139747139719 132727504113 -1030387165962 1184244280193 -2128085282932 -704255958764 2299997817316 403504834248 1643920581961 -187045664760 -2 2639605488001 0 0 0 0 0 0 0 0 0 0 0 0 0 0 0 0 0 0 0 0 0 0 0 0 0 0 0 0 
-783301826493 -553750233600 -2633885388812 982222411972 -447562922269 -1395574136711 499284967815 -589144445797 -458731263004 -181415199150 1 212683517419 0 0 0 0 0 0 0 0 0 0 0 0 0 0 0 0 0 0 0 0 0 0 0 0 0 0 0 0 
1898821641573 -402086530494 1288443167172 -293129635964 -358771194328 -772113935695 -361451676290 250790661921 -280720789502 188672132625 -1 -721014935329 0 0 0 0 0 0 0 0 0 0 0 0 0 0 0 0 0 0 0 0 0 0 0 0 0 0 0 0 
1897820011708 1095322822723 357684585383 -764618355616 896037831653 -614502592120 633218862734 511393614104 -1761383065826 663116625051 0 3050932510762 0 0 0 0 0 0 0 0 0 0 0 0 0 0 0 0 0 0 0 0 0 0 0 0 0 0 0 0 
-1178295157461 384257559618 1623508005075 655188386158 -1006654645529 -349474701214 -370488009012 -62930051653 98208351041 -53835068593 0 357224434729 0 0 0 0 0 0 0 0 0 0 0 0 0 0 0 0 0 0 0 0 0 0 0 0 0 0 0 0 
-487608836060 -1283257364234 713522647913 955332325768 -987844164427 1127966282606 -1166517780581 -388099537042 -859090563079 10848615373 1 -1249104361339 0 0 0 0 0 0 0 0 0 0 0 0 0 0 0 0 0 0 0 0 0 0 0 0 0 0 0 0 
Round2 done

186932642860626415622585556 235437561253933074671723888050434579543940515228119751633916361654521416008424953035362023296212952173393431752398890028624026808249290696689657777958493830950341317061298457546079005889623882274002463247175315836339581792000391137010 ratio:1
After LLL, the matrix is:
368923171121 -173122218279 112071585958 159909438595 -43832099561 49045351685 -68901768000 -44417627850 -23358508778 -16077377852 4727509 61793186592 0 0 0 0 0 0 0 0 0 0 0 0 0 0 0 0 0 0 0 0 0 0 0 0 0 0 0 0 
160990517489 88610799460 256680780200 20093205497 41666503710 -35903810694 158608055 33340834028 147618311821 -18631786529 -9454917 91932274763 0 0 0 0 0 0 0 0 0 0 0 0 0 0 0 0 0 0 0 0 0 0 0 0 0 0 0 0 
-143868195444 208636011648 139960195857 -116808807030 -52579524217 -37666107548 -28484411920 34454203569 -8856443556 22942574046 14242603 -94955332159 0 0 0 0 0 0 0 0 0 0 0 0 0 0 0 0 0 0 0 0 0 0 0 0 0 0 0 0 
106506118894 -54236714086 19225612644 89158322223 -130444012333 68947327367 -86170162469 -79262359052 -47706507679 -24738203377 867186658 -29613900401 0 0 0 0 0 0 0 0 0 0 0 0 0 0 0 0 0 0 0 0 0 0 0 0 0 0 0 0 
-7466124705 33651637906 44430673446 19280720985 -12516041059 -89759189947 -56005930538 -27211270235 -38896203814 -4844398649 1687201647 -39470918656 0 0 0 0 0 0 0 0 0 0 0 0 0 0 0 0 0 0 0 0 0 0 0 0 0 0 0 0 
111456091002 -140572685201 -37021587513 -1993895032 46002551768 79216253929 -37972553876 -43564308389 44389942307 -36026211241 -8488100502 27271255597 0 0 0 0 0 0 0 0 0 0 0 0 0 0 0 0 0 0 0 0 0 0 0 0 0 0 0 0 
-34874130893 -6377990651 -5206489820 35187318792 -6364034193 -2648067979 -59358734559 -35574005602 -33970154895 -16852624548 -13165823907 45193071992 0 0 0 0 0 0 0 0 0 0 0 0 0 0 0 0 0 0 0 0 0 0 0 0 0 0 0 0 
32577181799 -17752590456 -2399152919 5625458472 -40699884521 70344550096 -32060957507 2823049722 -95442110286 26571184552 -8014790724 -35323331129 0 0 0 0 0 0 0 0 0 0 0 0 0 0 0 0 0 0 0 0 0 0 0 0 0 0 0 0 
-57748087502 71071253750 54280287076 -44271050683 53724894553 -72897090457 10272372582 4626028669 95137402625 -23632653314 8788057945 12716989233 0 0 0 0 0 0 0 0 0 0 0 0 0 0 0 0 0 0 0 0 0 0 0 0 0 0 0 0 
-28828636846 80678579856 34578008916 -3121020074 -41509936275 -17651541569 21086302781 25286585509 -20323741895 23835416103 5159692523 -46404808745 0 0 0 0 0 0 0 0 0 0 0 0 0 0 0 0 0 0 0 0 0 0 0 0 0 0 0 0 
-129429881656 45801442571 -64375675277 -52923392544 -32811186137 20988110645 48323635595 36001092713 -43047708752 29841188957 3123394032 -31513558746 0 0 0 0 0 0 0 0 0 0 0 0 0 0 0 0 0 0 0 0 0 0 0 0 0 0 0 0 
149725536387 -93355628563 -234902701 56033668021 18195018751 43549373425 30320102594 2423925646 42204878683 -7178242657 1655109247 55931397291 0 0 0 0 0 0 0 0 0 0 0 0 0 0 0 0 0 0 0 0 0 0 0 0 0 0 0 0 

After reduction, the matrix is:
-29567895842 34174115027 48885105270 -60596940655 62737916329 -17241532585 12634119819 57208150145 -21165554651 27861709488 -5859879290 19015211067 0 0 0 0 0 0 0 0 0 0 0 0 0 0 0 0 0 0 0 0 0 0 0 0 0 0 0 0 
-83427829101 135811536554 91618586169 -6734858134 -106625495162 116232131175 -29885740291 4170165305 -6984782330 5088894250 -15549107120 34812767178 0 0 0 0 0 0 0 0 0 0 0 0 0 0 0 0 0 0 0 0 0 0 0 0 0 0 0 0 
55150298147 19595320709 28593120813 38622958498 -38370897101 -113406942261 -19185120632 -34787606328 7204875318 -10203480794 15072206876 -94063649866 0 0 0 0 0 0 0 0 0 0 0 0 0 0 0 0 0 0 0 0 0 0 0 0 0 0 0 0 
44361041253 -2310008603 70509870833 22935923096 -27006211483 -18638755314 -41475085143 -24877258629 26570047956 -23447678441 3022098092 24724641795 0 0 0 0 0 0 0 0 0 0 0 0 0 0 0 0 0 0 0 0 0 0 0 0 0 0 0 0 
-27742291959 20434307848 21044042453 -54529556305 32218890235 26295820293 22537924653 43150341695 -12130924237 22211706693 -219181322 9399659218 0 0 0 0 0 0 0 0 0 0 0 0 0 0 0 0 0 0 0 0 0 0 0 0 0 0 0 0 
-67837341227 -13042941611 12098420458 -118624503708 90545449346 18425347919 -55658536651 11219916110 -18980491027 -986259096 -16003089039 -9644930627 0 0 0 0 0 0 0 0 0 0 0 0 0 0 0 0 0 0 0 0 0 0 0 0 0 0 0 0 
-34874130893 -6377990651 -5206489820 35187318792 -6364034193 -2648067979 -59358734559 -35574005602 -33970154895 -16852624548 -13165823907 45193071992 0 0 0 0 0 0 0 0 0 0 0 0 0 0 0 0 0 0 0 0 0 0 0 0 0 0 0 0 
-25170905703 53318663294 51881134157 -38645592211 13025010032 -2552540361 -21788584925 7449078391 -304707661 2938531238 773267221 -22606341896 0 0 0 0 0 0 0 0 0 0 0 0 0 0 0 0 0 0 0 0 0 0 0 0 0 0 0 0 
-30751577916 4012783277 -25441909898 441925878 10180858427 -26807197218 41964762341 -16880858172 104476740700 -32221187347 13655488692 25707779280 0 0 0 0 0 0 0 0 0 0 0 0 0 0 0 0 0 0 0 0 0 0 0 0 0 0 0 0 
-3657731143 27359916562 -17303125241 35524572137 -54534946307 -15099001208 42874887706 17837507118 -20019034234 20896884865 4386425302 -23798466849 0 0 0 0 0 0 0 0 0 0 0 0 0 0 0 0 0 0 0 0 0 0 0 0 0 0 0 0 
-56240203557 -37187145888 -28443813360 -26866449374 -18307461345 20000896900 -14237752329 -14162751425 3846081099 -17441905587 985799601 39615891794 0 0 0 0 0 0 0 0 0 0 0 0 0 0 0 0 0 0 0 0 0 0 0 0 0 0 0 0 
214669249 -22068070219 49577908305 636576710 14751503267 26009128192 -9555961694 35181904273 -29408491659 10224352799 -11225101826 113350763399 0 0 0 0 0 0 0 0 0 0 0 0 0 0 0 0 0 0 0 0 0 0 0 0 0 0 0 0 
Round3 done

237587704822343311635606 186932642860626415622585556 ratio:0.998729
After LLL, the matrix is:
1825603883 -13739807179 -27841062817 6067384350 -30519026094 43537352878 9903804834 -14057808450 9034630414 -5650002795 5640697968 -9615551849 0 0 0 0 0 0 0 0 0 0 0 0 0 0 0 0 0 0 0 0 0 0 0 0 0 0 0 0 
-27742291959 20434307848 21044042453 -54529556305 32218890235 26295820293 22537924653 43150341695 -12130924237 22211706693 -219181322 9399659218 0 0 0 0 0 0 0 0 0 0 0 0 0 0 0 0 0 0 0 0 0 0 0 0 0 0 0 0 
-57511141025 129117035885 98415606533 41727313821 -108325359303 46398958004 -62327469778 -24922367940 -3888488507 -11472809648 -20970623766 35028659809 0 0 0 0 0 0 0 0 0 0 0 0 0 0 0 0 0 0 0 0 0 0 0 0 0 0 0 0 
29233610071 26289821378 21796100449 -9839213457 -36671032960 -43573769090 13256608855 -5695073083 4108581495 6358223104 20493723522 -94279542497 0 0 0 0 0 0 0 0 0 0 0 0 0 0 0 0 0 0 0 0 0 0 0 0 0 0 0 0 
18444353177 4384492066 63712850469 -25526248859 -25306347342 51194417857 -9033355656 4215274616 23473754133 -6885974543 8443614738 24508749164 0 0 0 0 0 0 0 0 0 0 0 0 0 0 0 0 0 0 0 0 0 0 0 0 0 0 0 0 
-53665256778 73533306745 15777937354 28669541827 -54551809612 40611219745 -26593010818 -18777413162 -3571476400 -7445985251 -8700884488 6253180789 0 0 0 0 0 0 0 0 0 0 0 0 0 0 0 0 0 0 0 0 0 0 0 0 0 0 0 0 
9855321417 3504979265 -654110121 -16596344485 -21928434893 -1495733948 -2089067743 -12249354741 -2454736673 1943661045 42193629 -43823896527 0 0 0 0 0 0 0 0 0 0 0 0 0 0 0 0 0 0 0 0 0 0 0 0 0 0 0 0 
-24594102140 89848069822 37032466593 18932668213 -49252239906 -12270096543 -14172459618 -187395948 -13112087394 9187452229 -14169134973 -25927774609 0 0 0 0 0 0 0 0 0 0 0 0 0 0 0 0 0 0 0 0 0 0 0 0 0 0 0 0 
5152967966 -25518819826 -15899026041 23414868623 -10075915671 -5423108108 -17922746689 -20682592233 443596351 -12485454067 -6860427427 20961767338 0 0 0 0 0 0 0 0 0 0 0 0 0 0 0 0 0 0 0 0 0 0 0 0 0 0 0 0 
-9604693208 45356469234 14447105455 38192833545 -63248167534 -11994922762 -10856618596 -25053020560 5400794193 -7824329140 7532648649 -42696819739 0 0 0 0 0 0 0 0 0 0 0 0 0 0 0 0 0 0 0 0 0 0 0 0 0 0 0 0 
21272538163 -50079962365 -45637087147 -16474405730 57028800579 -45484167854 34148156881 13391479555 -1836856206 7930728993 15750833072 -29683783314 0 0 0 0 0 0 0 0 0 0 0 0 0 0 0 0 0 0 0 0 0 0 0 0 0 0 0 0 
-36010221125 81389443744 44019158179 27325225471 -47524978492 -11005823128 -34343410045 -12836525276 -14102732449 100036177 -16949314762 -4814150677 0 0 0 0 0 0 0 0 0 0 0 0 0 0 0 0 0 0 0 0 0 0 0 0 0 0 0 0 

After reduction, the matrix is:
1825603883 -13739807179 -27841062817 6067384350 -30519026094 43537352878 9903804834 -14057808450 9034630414 -5650002795 5640697968 -9615551849 0 0 0 0 0 0 0 0 0 0 0 0 0 0 0 0 0 0 0 0 0 0 0 0 0 0 0 0 
-22589323993 -5084511978 5145016412 -31114687682 22142974564 20872712185 4615177964 22467749462 -11687327886 9726252626 -7079608749 30361426556 0 0 0 0 0 0 0 0 0 0 0 0 0 0 0 0 0 0 0 0 0 0 0 0 0 0 0 0 
5920269465 -34541364404 -53989670415 -3993232747 -9897489870 15720452455 13303638225 -15713946745 -1611514415 -2843246414 4526584649 -23675684528 0 0 0 0 0 0 0 0 0 0 0 0 0 0 0 0 0 0 0 0 0 0 0 0 0 0 0 0 
1941932627 -7818489691 11696200941 -942688031 -2675539174 -26628431065 2038107873 8339438887 -4680413367 1655360618 6511493717 867547924 0 0 0 0 0 0 0 0 0 0 0 0 0 0 0 0 0 0 0 0 0 0 0 0 0 0 0 0 
26306555269 -37975362029 21419380995 -30462169637 -37879376386 40286439247 6308390442 -3159233242 17181826351 -8073860339 19481693104 1700612560 0 0 0 0 0 0 0 0 0 0 0 0 0 0 0 0 0 0 0 0 0 0 0 0 0 0 0 0 
-58869411442 45368803520 1733804983 15972408880 -37796027266 9993652126 10798657585 15119464841 -12532677227 3563282593 15666921393 7174721298 0 0 0 0 0 0 0 0 0 0 0 0 0 0 0 0 0 0 0 0 0 0 0 0 0 0 0 0 
9855321417 3504979265 -654110121 -16596344485 -21928434893 -1495733948 -2089067743 -12249354741 -2454736673 1943661045 42193629 -43823896527 0 0 0 0 0 0 0 0 0 0 0 0 0 0 0 0 0 0 0 0 0 0 0 0 0 0 0 0 
9692865984 -6470079036 -1195681331 -16494004642 20042167773 -10803281146 -2925125398 12035735556 -16103929162 12218875421 -25919780378 18274690572 0 0 0 0 0 0 0 0 0 0 0 0 0 0 0 0 0 0 0 0 0 0 0 0 0 0 0 0 
5152967966 -25518819826 -15899026041 23414868623 -10075915671 -5423108108 -17922746689 -20682592233 443596351 -12485454067 -6860427427 20961767338 0 0 0 0 0 0 0 0 0 0 0 0 0 0 0 0 0 0 0 0 0 0 0 0 0 0 0 0 
16820072824 -8601825529 18512427005 7702081468 18619269189 379871245 -14951030474 -5455381198 8700880207 -3605020152 -15256075122 24313782046 0 0 0 0 0 0 0 0 0 0 0 0 0 0 0 0 0 0 0 0 0 0 0 0 0 0 0 0 
1775537460 6568460457 -13844137283 5898207721 52235201024 2855522967 19693428308 390812970 25239414105 -4755621250 24121041367 -26017885206 0 0 0 0 0 0 0 0 0 0 0 0 0 0 0 0 0 0 0 0 0 0 0 0 0 0 0 0 
15713103026 15674626690 16545019884 -401628325 9702370294 -24988611808 -9788507100 -2398551001 -5850842682 5890660810 -14759923991 -11934879390 0 0 0 0 0 0 0 0 0 0 0 0 0 0 0 0 0 0 0 0 0 0 0 0 0 0 0 0 
Round4 done

48677441285478444301174 237587704822343311635606 ratio:0.795118
After LLL, the matrix is:
1941932627 -7818489691 11696200941 -942688031 -2675539174 -26628431065 2038107873 8339438887 -4680413367 1655360618 6511493717 867547924 0 0 0 0 0 0 0 0 0 0 0 0 0 0 0 0 0 0 0 0 0 0 0 0 0 0 0 0 
3767536510 -21558296870 -16144861876 5124696319 -33194565268 16908921813 11941912707 -5718369563 4354217047 -3994642177 12152191685 -8748003925 0 0 0 0 0 0 0 0 0 0 0 0 0 0 0 0 0 0 0 0 0 0 0 0 0 0 0 0 
-22589323993 -5084511978 5145016412 -31114687682 22142974564 20872712185 4615177964 22467749462 -11687327886 9726252626 -7079608749 30361426556 0 0 0 0 0 0 0 0 0 0 0 0 0 0 0 0 0 0 0 0 0 0 0 0 0 0 0 0 
21763024217 7357452855 9436976825 5061617009 15481048206 -21513801610 -9333934169 -10075592064 7787374459 -3970638606 -3559343405 -7779228846 0 0 0 0 0 0 0 0 0 0 0 0 0 0 0 0 0 0 0 0 0 0 0 0 0 0 0 0 
-10201668857 -11217083210 -2314075643 -6088670697 -6264478359 -5623134603 -1541745361 6697150033 -8844399588 101359075 5804680593 3033728431 0 0 0 0 0 0 0 0 0 0 0 0 0 0 0 0 0 0 0 0 0 0 0 0 0 0 0 0 
9730990464 1650008240 2531314045 15914640216 -17038544494 -9107238076 -2306361375 -11167056846 6166176824 -7529259086 11429164124 -10094499722 0 0 0 0 0 0 0 0 0 0 0 0 0 0 0 0 0 0 0 0 0 0 0 0 0 0 0 0 
5571089968 15698965952 -2073612714 8559643935 21891351086 -18414753463 1571439414 -10289897810 1712265427 -2292205618 5891560838 -3522429380 0 0 0 0 0 0 0 0 0 0 0 0 0 0 0 0 0 0 0 0 0 0 0 0 0 0 0 0 
9189855513 5211719957 7418471369 -2763680657 -2138759745 -9838111552 -5804322348 -9066135613 2329962364 -925125936 943571850 -26534403349 0 0 0 0 0 0 0 0 0 0 0 0 0 0 0 0 0 0 0 0 0 0 0 0 0 0 0 0 
8995345395 -2120434483 -1747583841 -12378055929 -10018896847 -13384536751 7640880214 -914590981 6602765087 -3387707095 10193523019 -4381280276 0 0 0 0 0 0 0 0 0 0 0 0 0 0 0 0 0 0 0 0 0 0 0 0 0 0 0 0 
-6242004928 6322662386 -6454234042 -10730434156 21322327777 4746377541 -1967762823 3924244985 2169338693 -2072744322 -2796561170 22148564640 0 0 0 0 0 0 0 0 0 0 0 0 0 0 0 0 0 0 0 0 0 0 0 0 0 0 0 0 
3961587724 1861294989 -7531745569 16495509198 -4239906710 -11576540574 2584366613 -5133948190 2749478781 -2486050224 1981727885 -3410656780 0 0 0 0 0 0 0 0 0 0 0 0 0 0 0 0 0 0 0 0 0 0 0 0 0 0 0 0 
-5217868354 -13193872225 -4354952781 1843066352 -14826777074 3717035531 203883015 4845461684 -3382430333 417111147 3062352548 8020540754 0 0 0 0 0 0 0 0 0 0 0 0 0 0 0 0 0 0 0 0 0 0 0 0 0 0 0 0 

After reduction, the matrix is:
12143601484 3398593519 14010276584 5145982666 3588939185 -21005296462 3579853234 1642288854 4163986221 1554001543 706813124 -2166180507 0 0 0 0 0 0 0 0 0 0 0 0 0 0 0 0 0 0 0 0 0 0 0 0 0 0 0 0 
-724672576 -6279900381 11644281787 5605621096 344477908 17336600680 9985819301 3293741204 -223282548 2726948854 3952684617 5713481924 0 0 0 0 0 0 0 0 0 0 0 0 0 0 0 0 0 0 0 0 0 0 0 0 0 0 0 0 
8602107144 3623402409 6898268042 -1635149936 -11517888090 -14115075541 -1542476918 8108039853 8747730649 728842548 -8610829664 9465308572 0 0 0 0 0 0 0 0 0 0 0 0 0 0 0 0 0 0 0 0 0 0 0 0 0 0 0 0 
4401554379 -9235012889 -8928252540 1758700695 -2934668053 3208530383 -12709904388 -6872419234 240957905 -5107529002 -1203803981 2407492415 0 0 0 0 0 0 0 0 0 0 0 0 0 0 0 0 0 0 0 0 0 0 0 0 0 0 0 0 
-4983800503 1976789015 2040877138 -7931737049 8562298715 -9340170134 -1745628376 1851688349 -5461969255 -315752072 2742328045 -4986812323 0 0 0 0 0 0 0 0 0 0 0 0 0 0 0 0 0 0 0 0 0 0 0 0 0 0 0 0 
-8404253276 -3446217691 4685465383 -5748925374 -2097579324 2967243916 -832034016 4884715306 -4375233576 -4433834998 11246192434 14863748084 0 0 0 0 0 0 0 0 0 0 0 0 0 0 0 0 0 0 0 0 0 0 0 0 0 0 0 0 
-3188272726 2729902617 -13540574037 3621577685 -8042253263 -7807497011 -3347007723 1021314873 2913579522 -2700253466 -363729402 16129600453 0 0 0 0 0 0 0 0 0 0 0 0 0 0 0 0 0 0 0 0 0 0 0 0 0 0 0 0 
-2755892103 1990311156 4991928210 -15293738633 -19343166344 19353285 -11758686516 2284330692 2538473216 -6184119929 2872121496 -39166186 0 0 0 0 0 0 0 0 0 0 0 0 0 0 0 0 0 0 0 0 0 0 0 0 0 0 0 0 
8995345395 -2120434483 -1747583841 -12378055929 -10018896847 -13384536751 7640880214 -914590981 6602765087 -3387707095 10193523019 -4381280276 0 0 0 0 0 0 0 0 0 0 0 0 0 0 0 0 0 0 0 0 0 0 0 0 0 0 0 0 
3367943969 13620486222 -13679516784 -3779738217 -163165953 -9778053664 -10310048710 -3810087819 11832524266 -6309079477 -9188904223 3834993590 0 0 0 0 0 0 0 0 0 0 0 0 0 0 0 0 0 0 0 0 0 0 0 0 0 0 0 0 
3961587724 1861294989 -7531745569 16495509198 -4239906710 -11576540574 2584366613 -5133948190 2749478781 -2486050224 1981727885 -3410656780 0 0 0 0 0 0 0 0 0 0 0 0 0 0 0 0 0 0 0 0 0 0 0 0 0 0 0 0 
-1797415581 -7770865519 -6999541026 -339745323 -4166899035 -8590378519 -709711345 1812434727 -4469166012 4535194073 -5441511841 -11830019653 0 0 0 0 0 0 0 0 0 0 0 0 0 0 0 0 0 0 0 0 0 0 0 0 0 0 0 0 
Round5 done

7765066543801563787074 48677441285478444301174 ratio:0.840479
After LLL, the matrix is:
12143601484 3398593519 14010276584 5145982666 3588939185 -21005296462 3579853234 1642288854 4163986221 1554001543 706813124 -2166180507 0 0 0 0 0 0 0 0 0 0 0 0 0 0 0 0 0 0 0 0 0 0 0 0 0 0 0 0 
-724672576 -6279900381 11644281787 5605621096 344477908 17336600680 9985819301 3293741204 -223282548 2726948854 3952684617 5713481924 0 0 0 0 0 0 0 0 0 0 0 0 0 0 0 0 0 0 0 0 0 0 0 0 0 0 0 0 
-3541494340 224808890 -7112008542 -6781132602 -15106827275 6890220921 -5122330152 6465750999 4583744428 -825158995 -9317642788 11631489079 0 0 0 0 0 0 0 0 0 0 0 0 0 0 0 0 0 0 0 0 0 0 0 0 0 0 0 0 
4401554379 -9235012889 -8928252540 1758700695 -2934668053 3208530383 -12709904388 -6872419234 240957905 -5107529002 -1203803981 2407492415 0 0 0 0 0 0 0 0 0 0 0 0 0 0 0 0 0 0 0 0 0 0 0 0 0 0 0 0 
-4983800503 1976789015 2040877138 -7931737049 8562298715 -9340170134 -1745628376 1851688349 -5461969255 -315752072 2742328045 -4986812323 0 0 0 0 0 0 0 0 0 0 0 0 0 0 0 0 0 0 0 0 0 0 0 0 0 0 0 0 
845714143 632084785 -1887685000 3358323181 4102471328 -11919407551 -3949894789 -6726465246 -3273726201 -6019872785 13868822560 2505589404 0 0 0 0 0 0 0 0 0 0 0 0 0 0 0 0 0 0 0 0 0 0 0 0 0 0 0 0 
-1799411229 -11665115313 216025890 6476971848 8934211254 8426650548 1255503755 -444960561 -3840732603 1448446094 576299507 5126683986 0 0 0 0 0 0 0 0 0 0 0 0 0 0 0 0 0 0 0 0 0 0 0 0 0 0 0 0 
-199382821 5511520150 3022175762 5576168181 1687866299 -12427488398 4814078072 -1617362067 1161851378 2930595694 2359945936 -7685611325 0 0 0 0 0 0 0 0 0 0 0 0 0 0 0 0 0 0 0 0 0 0 0 0 0 0 0 0 
-4862617267 -4733391044 4650382902 -839978397 4921189543 6964599043 7206250171 6441517665 1454823903 3364260232 -3982718785 -1554874538 0 0 0 0 0 0 0 0 0 0 0 0 0 0 0 0 0 0 0 0 0 0 0 0 0 0 0 0 
4826693088 -15182750132 866713280 -4633558994 -10607509106 3918136879 7621221016 2032736298 -654277721 3317170895 5180052853 11148794723 0 0 0 0 0 0 0 0 0 0 0 0 0 0 0 0 0 0 0 0 0 0 0 0 0 0 0 0 
7991455926 -1851282859 -2364826667 -2203577660 -7928853304 -10093107400 221755313 -2688638395 2135866344 2162974484 -4510835711 860109770 0 0 0 0 0 0 0 0 0 0 0 0 0 0 0 0 0 0 0 0 0 0 0 0 0 0 0 0 
822829958 1673436146 8513044193 -2987603968 -2634525706 8489222310 3975339835 1664897774 3874341852 5732397990 -2364109994 711857778 0 0 0 0 0 0 0 0 0 0 0 0 0 0 0 0 0 0 0 0 0 0 0 0 0 0 0 0 

After reduction, the matrix is:
-1188760011 -6190430045 9479120599 7045399572 5345176468 4404682407 -508728476 10351717687 2771131702 14314158 -3523694446 13731882788 0 0 0 0 0 0 0 0 0 0 0 0 0 0 0 0 0 0 0 0 0 0 0 0 0 0 0 0 
-358742523 -1762906482 -6347883005 1547825492 -2366172854 4442695963 6519207942 -8722874257 -6868756102 -3019763294 9840489057 -8730258642 0 0 0 0 0 0 0 0 0 0 0 0 0 0 0 0 0 0 0 0 0 0 0 0 0 0 0 0 
-8884037366 438691423 -11419014409 -13165044159 -8910701414 1992746750 -348750586 -405434909 -7746980929 -4160674361 3265174314 -2085581886 0 0 0 0 0 0 0 0 0 0 0 0 0 0 0 0 0 0 0 0 0 0 0 0 0 0 0 0 
240583834 -5584787728 1625668791 -9160640322 2993104956 2357582559 -10480192929 -3355833111 -1346669498 309116916 -825585930 -1867462130 0 0 0 0 0 0 0 0 0 0 0 0 0 0 0 0 0 0 0 0 0 0 0 0 0 0 0 0 
-4983800503 1976789015 2040877138 -7931737049 8562298715 -9340170134 -1745628376 1851688349 -5461969255 -315752072 2742328045 -4986812323 0 0 0 0 0 0 0 0 0 0 0 0 0 0 0 0 0 0 0 0 0 0 0 0 0 0 0 0 
1668544101 2305520931 6625359193 370719213 1467945622 -3430185241 25445046 -5061567472 600615651 -287474795 11504712566 3217447182 0 0 0 0 0 0 0 0 0 0 0 0 0 0 0 0 0 0 0 0 0 0 0 0 0 0 0 0 
3063206038 -6931724269 -4434357012 7316950245 4013021711 1462051505 -5950746416 -6886478226 -5295556506 -1915814138 4559018292 6681558524 0 0 0 0 0 0 0 0 0 0 0 0 0 0 0 0 0 0 0 0 0 0 0 0 0 0 0 0 
5025001516 -2050056593 2606967415 4347264908 -3881327460 -729735705 -3920486481 -6824883527 5277151135 3555464682 -1207968039 -4566261132 0 0 0 0 0 0 0 0 0 0 0 0 0 0 0 0 0 0 0 0 0 0 0 0 0 0 0 0 
-5685447225 -6406827190 -3862661291 2147625571 7555715249 -1524623267 3230910336 4776619891 -2419517949 -2368137758 -1618608791 -2266732316 0 0 0 0 0 0 0 0 0 0 0 0 0 0 0 0 0 0 0 0 0 0 0 0 0 0 0 0 
-3123561825 -13404734851 7879384500 -6014453475 2002315453 3941338440 1733350846 -251820485 -2974962185 4393909021 11225248570 735611498 0 0 0 0 0 0 0 0 0 0 0 0 0 0 0 0 0 0 0 0 0 0 0 0 0 0 0 0 
2966454410 198773734 -4971794082 -6550842568 -4047525844 -9363371695 4142241794 4136245132 -3141284791 -1392490198 -3302867672 5426370902 0 0 0 0 0 0 0 0 0 0 0 0 0 0 0 0 0 0 0 0 0 0 0 0 0 0 0 0 
822829958 1673436146 8513044193 -2987603968 -2634525706 8489222310 3975339835 1664897774 3874341852 5732397990 -2364109994 711857778 0 0 0 0 0 0 0 0 0 0 0 0 0 0 0 0 0 0 0 0 0 0 0 0 0 0 0 0 
Round6 done

4038339857039244286313 7765066543801563787074 ratio:0.479935
After LLL, the matrix is:
-1188760011 -6190430045 9479120599 7045399572 5345176468 4404682407 -508728476 10351717687 2771131702 14314158 -3523694446 13731882788 0 0 0 0 0 0 0 0 0 0 0 0 0 0 0 0 0 0 0 0 0 0 0 0 0 0 0 0 
-1547502534 -7953336527 3131237594 8593225064 2979003614 8847378370 6010479466 1628843430 -4097624400 -3005449136 6316794611 5001624146 0 0 0 0 0 0 0 0 0 0 0 0 0 0 0 0 0 0 0 0 0 0 0 0 0 0 0 0 
-10072797377 -5751738622 -1939893810 -6119644587 -3565524946 6397429157 -857479062 9946282778 -4975849227 -4146360203 -258520132 11646300902 0 0 0 0 0 0 0 0 0 0 0 0 0 0 0 0 0 0 0 0 0 0 0 0 0 0 0 0 
240583834 -5584787728 1625668791 -9160640322 2993104956 2357582559 -10480192929 -3355833111 -1346669498 309116916 -825585930 -1867462130 0 0 0 0 0 0 0 0 0 0 0 0 0 0 0 0 0 0 0 0 0 0 0 0 0 0 0 0 
-4983800503 1976789015 2040877138 -7931737049 8562298715 -9340170134 -1745628376 1851688349 -5461969255 -315752072 2742328045 -4986812323 0 0 0 0 0 0 0 0 0 0 0 0 0 0 0 0 0 0 0 0 0 0 0 0 0 0 0 0 
5025001516 -2050056593 2606967415 4347264908 -3881327460 -729735705 -3920486481 -6824883527 5277151135 3555464682 -1207968039 -4566261132 0 0 0 0 0 0 0 0 0 0 0 0 0 0 0 0 0 0 0 0 0 0 0 0 0 0 0 0 
1668544101 2305520931 6625359193 370719213 1467945622 -3430185241 25445046 -5061567472 600615651 -287474795 11504712566 3217447182 0 0 0 0 0 0 0 0 0 0 0 0 0 0 0 0 0 0 0 0 0 0 0 0 0 0 0 0 
2514399913 1875241253 -2409416830 1856856769 -2517641458 -4462016744 -1008495708 -3765479360 7740691357 665588655 826981119 935903043 0 0 0 0 0 0 0 0 0 0 0 0 0 0 0 0 0 0 0 0 0 0 0 0 0 0 0 0 
1855724825 4731158733 -6781846567 6027508734 558554599 -5280892680 -472537245 -1394009185 -7591953965 114929427 -1759171508 2611493465 0 0 0 0 0 0 0 0 0 0 0 0 0 0 0 0 0 0 0 0 0 0 0 0 0 0 0 0 
238464521 -646972013 -6681544214 -4995697664 -5099104817 -117026771 916448992 1698522078 -6284473630 4274574974 1614922445 7898554272 0 0 0 0 0 0 0 0 0 0 0 0 0 0 0 0 0 0 0 0 0 0 0 0 0 0 0 0 
3886035996 -5258288123 4078687181 4329346277 1378496005 9951273815 -1975406581 -5221580452 -1421214654 3816583852 2194908298 7393416302 0 0 0 0 0 0 0 0 0 0 0 0 0 0 0 0 0 0 0 0 0 0 0 0 0 0 0 0 
6614025885 -4412542376 5788437313 2774201373 2430074978 704928891 1250386221 -2783857398 1721974185 -1850481320 -2722881819 4921232932 0 0 0 0 0 0 0 0 0 0 0 0 0 0 0 0 0 0 0 0 0 0 0 0 0 0 0 0 

After reduction, the matrix is:
2508476002 3326878940 -1050967118 5395145122 1381521619 -2814702412 14813357 4887814385 -259466886 10285730655 1072629950 5062903226 0 0 0 0 0 0 0 0 0 0 0 0 0 0 0 0 0 0 0 0 0 0 0 0 0 0 0 0 
-3136526903 -5590850744 -50232304 10166288599 -3332398824 7412713774 839606764 -2412182699 -542447450 2400496866 7831708391 -4485869918 0 0 0 0 0 0 0 0 0 0 0 0 0 0 0 0 0 0 0 0 0 0 0 0 0 0 0 0 
-5047795861 -7801795215 667073605 -1772379679 -7446852406 5667693452 -4777965543 3121399251 301301908 -590895521 -1466488171 7080039770 0 0 0 0 0 0 0 0 0 0 0 0 0 0 0 0 0 0 0 0 0 0 0 0 0 0 0 0 
240583834 -5584787728 1625668791 -9160640322 2993104956 2357582559 -10480192929 -3355833111 -1346669498 309116916 -825585930 -1867462130 0 0 0 0 0 0 0 0 0 0 0 0 0 0 0 0 0 0 0 0 0 0 0 0 0 0 0 0 
1630225382 -2435753361 7829314451 -5157535676 10992373693 -8635241243 -495242155 -932169049 -3739995070 -2166233392 19446226 -65579391 0 0 0 0 0 0 0 0 0 0 0 0 0 0 0 0 0 0 0 0 0 0 0 0 0 0 0 0 
2510601603 -3925297846 5016384245 2490408139 -1363686002 3732281039 -2911990773 -3059404167 -2463540222 2889876027 -2034949158 -5502164175 0 0 0 0 0 0 0 0 0 0 0 0 0 0 0 0 0 0 0 0 0 0 0 0 0 0 0 0 
1668544101 2305520931 6625359193 370719213 1467945622 -3430185241 25445046 -5061567472 600615651 -287474795 11504712566 3217447182 0 0 0 0 0 0 0 0 0 0 0 0 0 0 0 0 0 0 0 0 0 0 0 0 0 0 0 0 
2514399913 1875241253 -2409416830 1856856769 -2517641458 -4462016744 -1008495708 -3765479360 7740691357 665588655 826981119 935903043 0 0 0 0 0 0 0 0 0 0 0 0 0 0 0 0 0 0 0 0 0 0 0 0 0 0 0 0 
1855724825 4731158733 -6781846567 6027508734 558554599 -5280892680 -472537245 -1394009185 -7591953965 114929427 -1759171508 2611493465 0 0 0 0 0 0 0 0 0 0 0 0 0 0 0 0 0 0 0 0 0 0 0 0 0 0 0 0 
238464521 -646972013 -6681544214 -4995697664 -5099104817 -117026771 916448992 1698522078 -6284473630 4274574974 1614922445 7898554272 0 0 0 0 0 0 0 0 0 0 0 0 0 0 0 0 0 0 0 0 0 0 0 0 0 0 0 0 
-5238591492 3079552099 -6726134377 -935263235 312107029 5514063885 -313802029 621681113 -679648617 2777189145 6952739275 7974347545 0 0 0 0 0 0 0 0 0 0 0 0 0 0 0 0 0 0 0 0 0 0 0 0 0 0 0 0 
6614025885 -4412542376 5788437313 2774201373 2430074978 704928891 1250386221 -2783857398 1721974185 -1850481320 -2722881819 4921232932 0 0 0 0 0 0 0 0 0 0 0 0 0 0 0 0 0 0 0 0 0 0 0 0 0 0 0 0 
Round7 done

2666251291773003557669 4038339857039244286313 ratio:0.339766
After LLL, the matrix is:
2508476002 3326878940 -1050967118 5395145122 1381521619 -2814702412 14813357 4887814385 -259466886 10285730655 1072629950 5062903226 0 0 0 0 0 0 0 0 0 0 0 0 0 0 0 0 0 0 0 0 0 0 0 0 0 0 0 0 
-3136526903 -5590850744 -50232304 10166288599 -3332398824 7412713774 839606764 -2412182699 -542447450 2400496866 7831708391 -4485869918 0 0 0 0 0 0 0 0 0 0 0 0 0 0 0 0 0 0 0 0 0 0 0 0 0 0 0 0 
-5047795861 -7801795215 667073605 -1772379679 -7446852406 5667693452 -4777965543 3121399251 301301908 -590895521 -1466488171 7080039770 0 0 0 0 0 0 0 0 0 0 0 0 0 0 0 0 0 0 0 0 0 0 0 0 0 0 0 0 
240583834 -5584787728 1625668791 -9160640322 2993104956 2357582559 -10480192929 -3355833111 -1346669498 309116916 -825585930 -1867462130 0 0 0 0 0 0 0 0 0 0 0 0 0 0 0 0 0 0 0 0 0 0 0 0 0 0 0 0 
1630225382 -2435753361 7829314451 -5157535676 10992373693 -8635241243 -495242155 -932169049 -3739995070 -2166233392 19446226 -65579391 0 0 0 0 0 0 0 0 0 0 0 0 0 0 0 0 0 0 0 0 0 0 0 0 0 0 0 0 
2510601603 -3925297846 5016384245 2490408139 -1363686002 3732281039 -2911990773 -3059404167 -2463540222 2889876027 -2034949158 -5502164175 0 0 0 0 0 0 0 0 0 0 0 0 0 0 0 0 0 0 0 0 0 0 0 0 0 0 0 0 
5685447225 6406827190 3862661291 -2147625571 -7555715249 1524623267 -3230910336 -4776619891 2419517949 2368137758 1618608791 2266732316 0 0 0 0 0 0 0 0 0 0 0 0 0 0 0 0 0 0 0 0 0 0 0 0 0 0 0 0 
2514399913 1875241253 -2409416830 1856856769 -2517641458 -4462016744 -1008495708 -3765479360 7740691357 665588655 826981119 935903043 0 0 0 0 0 0 0 0 0 0 0 0 0 0 0 0 0 0 0 0 0 0 0 0 0 0 0 0 
1855724825 4731158733 -6781846567 6027508734 558554599 -5280892680 -472537245 -1394009185 -7591953965 114929427 -1759171508 2611493465 0 0 0 0 0 0 0 0 0 0 0 0 0 0 0 0 0 0 0 0 0 0 0 0 0 0 0 0 
5263466037 -2697028606 -4074576799 -648432756 -8980432277 -846762476 -3004037489 -5126361449 -1007322495 7830039656 406954406 3332293140 0 0 0 0 0 0 0 0 0 0 0 0 0 0 0 0 0 0 0 0 0 0 0 0 0 0 0 0 
-3000968531 -1453869998 -3489913377 1649241984 1580581065 36392031 5710403861 -3605785265 1863028181 -6140952341 -5987539124 -3070381256 0 0 0 0 0 0 0 0 0 0 0 0 0 0 0 0 0 0 0 0 0 0 0 0 0 0 0 0 
4838641668 -2454829932 -2029731539 4807355193 3478166256 4926163796 4029287037 -1478496829 1137588103 -5606268479 2020460509 -6352481733 0 0 0 0 0 0 0 0 0 0 0 0 0 0 0 0 0 0 0 0 0 0 0 0 0 0 0 0 

After reduction, the matrix is:
-492492529 1873008942 -4540880495 7044387106 2962102684 -2778310381 5725217218 1282029120 1603561295 4144778314 -4914909174 1992521970 0 0 0 0 0 0 0 0 0 0 0 0 0 0 0 0 0 0 0 0 0 0 0 0 0 0 0 0 
-2927372710 4665774403 1312425630 7131313085 636287326 -3181143474 1588285270 -4055085121 -1981337461 8597660866 7277736053 -5213427955 0 0 0 0 0 0 0 0 0 0 0 0 0 0 0 0 0 0 0 0 0 0 0 0 0 0 0 0 
-5047795861 -7801795215 667073605 -1772379679 -7446852406 5667693452 -4777965543 3121399251 301301908 -590895521 -1466488171 7080039770 0 0 0 0 0 0 0 0 0 0 0 0 0 0 0 0 0 0 0 0 0 0 0 0 0 0 0 0 
-251908695 -3711778786 -2915211704 -2116253216 5955207640 -420727822 -4754975711 -2073803991 256891797 4453895230 -5740495104 125059840 0 0 0 0 0 0 0 0 0 0 0 0 0 0 0 0 0 0 0 0 0 0 0 0 0 0 0 0 
1630225382 -2435753361 7829314451 -5157535676 10992373693 -8635241243 -495242155 -932169049 -3739995070 -2166233392 19446226 -65579391 0 0 0 0 0 0 0 0 0 0 0 0 0 0 0 0 0 0 0 0 0 0 0 0 0 0 0 0 
2510601603 -3925297846 5016384245 2490408139 -1363686002 3732281039 -2911990773 -3059404167 -2463540222 2889876027 -2034949158 -5502164175 0 0 0 0 0 0 0 0 0 0 0 0 0 0 0 0 0 0 0 0 0 0 0 0 0 0 0 0 
170078781 3077715939 2782164744 -2355240356 -3457492726 6023032042 3487989233 -4616925796 -3458145227 -4438403238 -5195911452 -1739551983 0 0 0 0 0 0 0 0 0 0 0 0 0 0 0 0 0 0 0 0 0 0 0 0 0 0 0 0 
2514399913 1875241253 -2409416830 1856856769 -2517641458 -4462016744 -1008495708 -3765479360 7740691357 665588655 826981119 935903043 0 0 0 0 0 0 0 0 0 0 0 0 0 0 0 0 0 0 0 0 0 0 0 0 0 0 0 0 
2348217354 2858149791 -2240966072 -1016878372 -2403548085 -2502582299 -6197754463 -2676038305 -9195515260 -4029848887 3155737666 618971495 0 0 0 0 0 0 0 0 0 0 0 0 0 0 0 0 0 0 0 0 0 0 0 0 0 0 0 0 
-251902407 -6026139857 -5155073346 -856047541 -4882209754 3651646299 3714862080 -4966667354 -6884985671 1023498660 -6407565837 -673991159 0 0 0 0 0 0 0 0 0 0 0 0 0 0 0 0 0 0 0 0 0 0 0 0 0 0 0 0 
-3000968531 -1453869998 -3489913377 1649241984 1580581065 36392031 5710403861 -3605785265 1863028181 -6140952341 -5987539124 -3070381256 0 0 0 0 0 0 0 0 0 0 0 0 0 0 0 0 0 0 0 0 0 0 0 0 0 0 0 0 
7839610199 -1000959934 1460181838 3158113209 1897585191 4889771765 -1681116824 2127288436 -725440078 534683862 8007999633 -3282100477 0 0 0 0 0 0 0 0 0 0 0 0 0 0 0 0 0 0 0 0 0 0 0 0 0 0 0 0 
Round8 done

2347606691269061846225 2666251291773003557669 ratio:0.11951
After LLL, the matrix is:
-492492529 1873008942 -4540880495 7044387106 2962102684 -2778310381 5725217218 1282029120 1603561295 4144778314 -4914909174 1992521970 0 0 0 0 0 0 0 0 0 0 0 0 0 0 0 0 0 0 0 0 0 0 0 0 0 0 0 0 
-2927372710 4665774403 1312425630 7131313085 636287326 -3181143474 1588285270 -4055085121 -1981337461 8597660866 7277736053 -5213427955 0 0 0 0 0 0 0 0 0 0 0 0 0 0 0 0 0 0 0 0 0 0 0 0 0 0 0 0 
-5047795861 -7801795215 667073605 -1772379679 -7446852406 5667693452 -4777965543 3121399251 301301908 -590895521 -1466488171 7080039770 0 0 0 0 0 0 0 0 0 0 0 0 0 0 0 0 0 0 0 0 0 0 0 0 0 0 0 0 
-251908695 -3711778786 -2915211704 -2116253216 5955207640 -420727822 -4754975711 -2073803991 256891797 4453895230 -5740495104 125059840 0 0 0 0 0 0 0 0 0 0 0 0 0 0 0 0 0 0 0 0 0 0 0 0 0 0 0 0 
-3658154313 -4652760848 6870719265 2230724967 552416331 -5325130350 5206985231 5545063313 -2092023664 -3066245829 -621456015 8881922509 0 0 0 0 0 0 0 0 0 0 0 0 0 0 0 0 0 0 0 0 0 0 0 0 0 0 0 0 
2510601603 -3925297846 5016384245 2490408139 -1363686002 3732281039 -2911990773 -3059404167 -2463540222 2889876027 -2034949158 -5502164175 0 0 0 0 0 0 0 0 0 0 0 0 0 0 0 0 0 0 0 0 0 0 0 0 0 0 0 0 
-5027311698 6084000460 703874920 -6874975732 1535585558 1467190088 -2491927653 -8968439861 -4322611964 1578498517 3291187829 -3318277893 0 0 0 0 0 0 0 0 0 0 0 0 0 0 0 0 0 0 0 0 0 0 0 0 0 0 0 0 
2514399913 1875241253 -2409416830 1856856769 -2517641458 -4462016744 -1008495708 -3765479360 7740691357 665588655 826981119 935903043 0 0 0 0 0 0 0 0 0 0 0 0 0 0 0 0 0 0 0 0 0 0 0 0 0 0 0 0 
2348217354 2858149791 -2240966072 -1016878372 -2403548085 -2502582299 -6197754463 -2676038305 -9195515260 -4029848887 3155737666 618971495 0 0 0 0 0 0 0 0 0 0 0 0 0 0 0 0 0 0 0 0 0 0 0 0 0 0 0 0 
-421981188 -9103855796 -7937238090 1499192815 -1424717028 -2371385743 226872847 -349741558 -3426840444 5461901898 -1211654385 1065560824 0 0 0 0 0 0 0 0 0 0 0 0 0 0 0 0 0 0 0 0 0 0 0 0 0 0 0 0 
-3000968531 -1453869998 -3489913377 1649241984 1580581065 36392031 5710403861 -3605785265 1863028181 -6140952341 -5987539124 -3070381256 0 0 0 0 0 0 0 0 0 0 0 0 0 0 0 0 0 0 0 0 0 0 0 0 0 0 0 0 
5247178682 2290275065 -3689249367 -3803788502 5758986107 6759794946 -36112529 -1504037184 -1463153286 -2339700173 -893457765 605571555 0 0 0 0 0 0 0 0 0 0 0 0 0 0 0 0 0 0 0 0 0 0 0 0 0 0 0 0 

After reduction, the matrix is:
-492492529 1873008942 -4540880495 7044387106 2962102684 -2778310381 5725217218 1282029120 1603561295 4144778314 -4914909174 1992521970 0 0 0 0 0 0 0 0 0 0 0 0 0 0 0 0 0 0 0 0 0 0 0 0 0 0 0 0 
-2927372710 4665774403 1312425630 7131313085 636287326 -3181143474 1588285270 -4055085121 -1981337461 8597660866 7277736053 -5213427955 0 0 0 0 0 0 0 0 0 0 0 0 0 0 0 0 0 0 0 0 0 0 0 0 0 0 0 0 
-5047795861 -7801795215 667073605 -1772379679 -7446852406 5667693452 -4777965543 3121399251 301301908 -590895521 -1466488171 7080039770 0 0 0 0 0 0 0 0 0 0 0 0 0 0 0 0 0 0 0 0 0 0 0 0 0 0 0 0 
-251908695 -3711778786 -2915211704 -2116253216 5955207640 -420727822 -4754975711 -2073803991 256891797 4453895230 -5740495104 125059840 0 0 0 0 0 0 0 0 0 0 0 0 0 0 0 0 0 0 0 0 0 0 0 0 0 0 0 0 
4103424282 -487244530 772053068 283793234 3793760980 -3027352148 4162376994 275546769 4185514407 -4740357347 -687932661 10423397107 0 0 0 0 0 0 0 0 0 0 0 0 0 0 0 0 0 0 0 0 0 0 0 0 0 0 0 0 
2510601603 -3925297846 5016384245 2490408139 -1363686002 3732281039 -2911990773 -3059404167 -2463540222 2889876027 -2034949158 -5502164175 0 0 0 0 0 0 0 0 0 0 0 0 0 0 0 0 0 0 0 0 0 0 0 0 0 0 0 0 
-5027311698 6084000460 703874920 -6874975732 1535585558 1467190088 -2491927653 -8968439861 -4322611964 1578498517 3291187829 -3318277893 0 0 0 0 0 0 0 0 0 0 0 0 0 0 0 0 0 0 0 0 0 0 0 0 0 0 0 0 
2514399913 1875241253 -2409416830 1856856769 -2517641458 -4462016744 -1008495708 -3765479360 7740691357 665588655 826981119 935903043 0 0 0 0 0 0 0 0 0 0 0 0 0 0 0 0 0 0 0 0 0 0 0 0 0 0 0 0 
2348217354 2858149791 -2240966072 -1016878372 -2403548085 -2502582299 -6197754463 -2676038305 -9195515260 -4029848887 3155737666 618971495 0 0 0 0 0 0 0 0 0 0 0 0 0 0 0 0 0 0 0 0 0 0 0 0 0 0 0 0 
-170072493 -5392077010 -5022026386 3615446031 -7379924668 -1950657921 4981848558 1724062433 -3683732241 1008006668 4528840719 940500984 0 0 0 0 0 0 0 0 0 0 0 0 0 0 0 0 0 0 0 0 0 0 0 0 0 0 0 0 
-3000968531 -1453869998 -3489913377 1649241984 1580581065 36392031 5710403861 -3605785265 1863028181 -6140952341 -5987539124 -3070381256 0 0 0 0 0 0 0 0 0 0 0 0 0 0 0 0 0 0 0 0 0 0 0 0 0 0 0 0 
5247178682 2290275065 -3689249367 -3803788502 5758986107 6759794946 -36112529 -1504037184 -1463153286 -2339700173 -893457765 605571555 0 0 0 0 0 0 0 0 0 0 0 0 0 0 0 0 0 0 0 0 0 0 0 0 0 0 0 0 
Round9 done

2247549056929883502167 2347606691269061846225 ratio:0.0426211
After LLL, the matrix is:
-492492529 1873008942 -4540880495 7044387106 2962102684 -2778310381 5725217218 1282029120 1603561295 4144778314 -4914909174 1992521970 0 0 0 0 0 0 0 0 0 0 0 0 0 0 0 0 0 0 0 0 0 0 0 0 0 0 0 0 
-2927372710 4665774403 1312425630 7131313085 636287326 -3181143474 1588285270 -4055085121 -1981337461 8597660866 7277736053 -5213427955 0 0 0 0 0 0 0 0 0 0 0 0 0 0 0 0 0 0 0 0 0 0 0 0 0 0 0 0 
-5047795861 -7801795215 667073605 -1772379679 -7446852406 5667693452 -4777965543 3121399251 301301908 -590895521 -1466488171 7080039770 0 0 0 0 0 0 0 0 0 0 0 0 0 0 0 0 0 0 0 0 0 0 0 0 0 0 0 0 
-251908695 -3711778786 -2915211704 -2116253216 5955207640 -420727822 -4754975711 -2073803991 256891797 4453895230 -5740495104 125059840 0 0 0 0 0 0 0 0 0 0 0 0 0 0 0 0 0 0 0 0 0 0 0 0 0 0 0 0 
4103424282 -487244530 772053068 283793234 3793760980 -3027352148 4162376994 275546769 4185514407 -4740357347 -687932661 10423397107 0 0 0 0 0 0 0 0 0 0 0 0 0 0 0 0 0 0 0 0 0 0 0 0 0 0 0 0 
2510601603 -3925297846 5016384245 2490408139 -1363686002 3732281039 -2911990773 -3059404167 -2463540222 2889876027 -2034949158 -5502164175 0 0 0 0 0 0 0 0 0 0 0 0 0 0 0 0 0 0 0 0 0 0 0 0 0 0 0 0 
170078781 3077715939 2782164744 -2355240356 -3457492726 6023032042 3487989233 -4616925796 -3458145227 -4438403238 -5195911452 -1739551983 0 0 0 0 0 0 0 0 0 0 0 0 0 0 0 0 0 0 0 0 0 0 0 0 0 0 0 0 
2514399913 1875241253 -2409416830 1856856769 -2517641458 -4462016744 -1008495708 -3765479360 7740691357 665588655 826981119 935903043 0 0 0 0 0 0 0 0 0 0 0 0 0 0 0 0 0 0 0 0 0 0 0 0 0 0 0 0 
2348217354 2858149791 -2240966072 -1016878372 -2403548085 -2502582299 -6197754463 -2676038305 -9195515260 -4029848887 3155737666 618971495 0 0 0 0 0 0 0 0 0 0 0 0 0 0 0 0 0 0 0 0 0 0 0 0 0 0 0 0 
-421981188 -9103855796 -7937238090 1499192815 -1424717028 -2371385743 226872847 -349741558 -3426840444 5461901898 -1211654385 1065560824 0 0 0 0 0 0 0 0 0 0 0 0 0 0 0 0 0 0 0 0 0 0 0 0 0 0 0 0 
-3000968531 -1453869998 -3489913377 1649241984 1580581065 36392031 5710403861 -3605785265 1863028181 -6140952341 -5987539124 -3070381256 0 0 0 0 0 0 0 0 0 0 0 0 0 0 0 0 0 0 0 0 0 0 0 0 0 0 0 0 
5247178682 2290275065 -3689249367 -3803788502 5758986107 6759794946 -36112529 -1504037184 -1463153286 -2339700173 -893457765 605571555 0 0 0 0 0 0 0 0 0 0 0 0 0 0 0 0 0 0 0 0 0 0 0 0 0 0 0 0 

After reduction, the matrix is:
-492492529 1873008942 -4540880495 7044387106 2962102684 -2778310381 5725217218 1282029120 1603561295 4144778314 -4914909174 1992521970 0 0 0 0 0 0 0 0 0 0 0 0 0 0 0 0 0 0 0 0 0 0 0 0 0 0 0 0 
-2927372710 4665774403 1312425630 7131313085 636287326 -3181143474 1588285270 -4055085121 -1981337461 8597660866 7277736053 -5213427955 0 0 0 0 0 0 0 0 0 0 0 0 0 0 0 0 0 0 0 0 0 0 0 0 0 0 0 0 
-5047795861 -7801795215 667073605 -1772379679 -7446852406 5667693452 -4777965543 3121399251 301301908 -590895521 -1466488171 7080039770 0 0 0 0 0 0 0 0 0 0 0 0 0 0 0 0 0 0 0 0 0 0 0 0 0 0 0 0 
-251908695 -3711778786 -2915211704 -2116253216 5955207640 -420727822 -4754975711 -2073803991 256891797 4453895230 -5740495104 125059840 0 0 0 0 0 0 0 0 0 0 0 0 0 0 0 0 0 0 0 0 0 0 0 0 0 0 0 0 
6614025885 -4412542376 5788437313 2774201373 2430074978 704928891 1250386221 -2783857398 1721974185 -1850481320 -2722881819 4921232932 0 0 0 0 0 0 0 0 0 0 0 0 0 0 0 0 0 0 0 0 0 0 0 0 0 0 0 0 
2510601603 -3925297846 5016384245 2490408139 -1363686002 3732281039 -2911990773 -3059404167 -2463540222 2889876027 -2034949158 -5502164175 0 0 0 0 0 0 0 0 0 0 0 0 0 0 0 0 0 0 0 0 0 0 0 0 0 0 0 0 
170078781 3077715939 2782164744 -2355240356 -3457492726 6023032042 3487989233 -4616925796 -3458145227 -4438403238 -5195911452 -1739551983 0 0 0 0 0 0 0 0 0 0 0 0 0 0 0 0 0 0 0 0 0 0 0 0 0 0 0 0 
2514399913 1875241253 -2409416830 1856856769 -2517641458 -4462016744 -1008495708 -3765479360 7740691357 665588655 826981119 935903043 0 0 0 0 0 0 0 0 0 0 0 0 0 0 0 0 0 0 0 0 0 0 0 0 0 0 0 0 
2348217354 2858149791 -2240966072 -1016878372 -2403548085 -2502582299 -6197754463 -2676038305 -9195515260 -4029848887 3155737666 618971495 0 0 0 0 0 0 0 0 0 0 0 0 0 0 0 0 0 0 0 0 0 0 0 0 0 0 0 0 
-170072493 -5392077010 -5022026386 3615446031 -7379924668 -1950657921 4981848558 1724062433 -3683732241 1008006668 4528840719 940500984 0 0 0 0 0 0 0 0 0 0 0 0 0 0 0 0 0 0 0 0 0 0 0 0 0 0 0 0 
-3000968531 -1453869998 -3489913377 1649241984 1580581065 36392031 5710403861 -3605785265 1863028181 -6140952341 -5987539124 -3070381256 0 0 0 0 0 0 0 0 0 0 0 0 0 0 0 0 0 0 0 0 0 0 0 0 0 0 0 0 
5247178682 2290275065 -3689249367 -3803788502 5758986107 6759794946 -36112529 -1504037184 -1463153286 -2339700173 -893457765 605571555 0 0 0 0 0 0 0 0 0 0 0 0 0 0 0 0 0 0 0 0 0 0 0 0 0 0 0 0 
Round10 done

2119845238412804147877 2247549056929883502167 ratio:0.0568191
After LLL, the matrix is:
-492492529 1873008942 -4540880495 7044387106 2962102684 -2778310381 5725217218 1282029120 1603561295 4144778314 -4914909174 1992521970 0 0 0 0 0 0 0 0 0 0 0 0 0 0 0 0 0 0 0 0 0 0 0 0 0 0 0 0 
-2927372710 4665774403 1312425630 7131313085 636287326 -3181143474 1588285270 -4055085121 -1981337461 8597660866 7277736053 -5213427955 0 0 0 0 0 0 0 0 0 0 0 0 0 0 0 0 0 0 0 0 0 0 0 0 0 0 0 0 
-5047795861 -7801795215 667073605 -1772379679 -7446852406 5667693452 -4777965543 3121399251 301301908 -590895521 -1466488171 7080039770 0 0 0 0 0 0 0 0 0 0 0 0 0 0 0 0 0 0 0 0 0 0 0 0 0 0 0 0 
-251908695 -3711778786 -2915211704 -2116253216 5955207640 -420727822 -4754975711 -2073803991 256891797 4453895230 -5740495104 125059840 0 0 0 0 0 0 0 0 0 0 0 0 0 0 0 0 0 0 0 0 0 0 0 0 0 0 0 0 
6614025885 -4412542376 5788437313 2774201373 2430074978 704928891 1250386221 -2783857398 1721974185 -1850481320 -2722881819 4921232932 0 0 0 0 0 0 0 0 0 0 0 0 0 0 0 0 0 0 0 0 0 0 0 0 0 0 0 0 
2510601603 -3925297846 5016384245 2490408139 -1363686002 3732281039 -2911990773 -3059404167 -2463540222 2889876027 -2034949158 -5502164175 0 0 0 0 0 0 0 0 0 0 0 0 0 0 0 0 0 0 0 0 0 0 0 0 0 0 0 0 
-5027311698 6084000460 703874920 -6874975732 1535585558 1467190088 -2491927653 -8968439861 -4322611964 1578498517 3291187829 -3318277893 0 0 0 0 0 0 0 0 0 0 0 0 0 0 0 0 0 0 0 0 0 0 0 0 0 0 0 0 
2514399913 1875241253 -2409416830 1856856769 -2517641458 -4462016744 -1008495708 -3765479360 7740691357 665588655 826981119 935903043 0 0 0 0 0 0 0 0 0 0 0 0 0 0 0 0 0 0 0 0 0 0 0 0 0 0 0 0 
2348217354 2858149791 -2240966072 -1016878372 -2403548085 -2502582299 -6197754463 -2676038305 -9195515260 -4029848887 3155737666 618971495 0 0 0 0 0 0 0 0 0 0 0 0 0 0 0 0 0 0 0 0 0 0 0 0 0 0 0 0 
-421981188 -9103855796 -7937238090 1499192815 -1424717028 -2371385743 226872847 -349741558 -3426840444 5461901898 -1211654385 1065560824 0 0 0 0 0 0 0 0 0 0 0 0 0 0 0 0 0 0 0 0 0 0 0 0 0 0 0 0 
-3000968531 -1453869998 -3489913377 1649241984 1580581065 36392031 5710403861 -3605785265 1863028181 -6140952341 -5987539124 -3070381256 0 0 0 0 0 0 0 0 0 0 0 0 0 0 0 0 0 0 0 0 0 0 0 0 0 0 0 0 
5247178682 2290275065 -3689249367 -3803788502 5758986107 6759794946 -36112529 -1504037184 -1463153286 -2339700173 -893457765 605571555 0 0 0 0 0 0 0 0 0 0 0 0 0 0 0 0 0 0 0 0 0 0 0 0 0 0 0 0 

After reduction, the matrix is:
-492492529 1873008942 -4540880495 7044387106 2962102684 -2778310381 5725217218 1282029120 1603561295 4144778314 -4914909174 1992521970 0 0 0 0 0 0 0 0 0 0 0 0 0 0 0 0 0 0 0 0 0 0 0 0 0 0 0 0 
-2927372710 4665774403 1312425630 7131313085 636287326 -3181143474 1588285270 -4055085121 -1981337461 8597660866 7277736053 -5213427955 0 0 0 0 0 0 0 0 0 0 0 0 0 0 0 0 0 0 0 0 0 0 0 0 0 0 0 0 
-5047795861 -7801795215 667073605 -1772379679 -7446852406 5667693452 -4777965543 3121399251 301301908 -590895521 -1466488171 7080039770 0 0 0 0 0 0 0 0 0 0 0 0 0 0 0 0 0 0 0 0 0 0 0 0 0 0 0 0 
-251908695 -3711778786 -2915211704 -2116253216 5955207640 -420727822 -4754975711 -2073803991 256891797 4453895230 -5740495104 125059840 0 0 0 0 0 0 0 0 0 0 0 0 0 0 0 0 0 0 0 0 0 0 0 0 0 0 0 0 
6614025885 -4412542376 5788437313 2774201373 2430074978 704928891 1250386221 -2783857398 1721974185 -1850481320 -2722881819 4921232932 0 0 0 0 0 0 0 0 0 0 0 0 0 0 0 0 0 0 0 0 0 0 0 0 0 0 0 0 
2510601603 -3925297846 5016384245 2490408139 -1363686002 3732281039 -2911990773 -3059404167 -2463540222 2889876027 -2034949158 -5502164175 0 0 0 0 0 0 0 0 0 0 0 0 0 0 0 0 0 0 0 0 0 0 0 0 0 0 0 0 
1586714187 1671458084 6492312233 -4100774359 3965660536 2172118979 -1241541432 -11752297259 -2600637779 -271982803 568306010 1602955039 0 0 0 0 0 0 0 0 0 0 0 0 0 0 0 0 0 0 0 0 0 0 0 0 0 0 0 0 
2514399913 1875241253 -2409416830 1856856769 -2517641458 -4462016744 -1008495708 -3765479360 7740691357 665588655 826981119 935903043 0 0 0 0 0 0 0 0 0 0 0 0 0 0 0 0 0 0 0 0 0 0 0 0 0 0 0 0 
2348217354 2858149791 -2240966072 -1016878372 -2403548085 -2502582299 -6197754463 -2676038305 -9195515260 -4029848887 3155737666 618971495 0 0 0 0 0 0 0 0 0 0 0 0 0 0 0 0 0 0 0 0 0 0 0 0 0 0 0 0 
-170072493 -5392077010 -5022026386 3615446031 -7379924668 -1950657921 4981848558 1724062433 -3683732241 1008006668 4528840719 940500984 0 0 0 0 0 0 0 0 0 0 0 0 0 0 0 0 0 0 0 0 0 0 0 0 0 0 0 0 
-3000968531 -1453869998 -3489913377 1649241984 1580581065 36392031 5710403861 -3605785265 1863028181 -6140952341 -5987539124 -3070381256 0 0 0 0 0 0 0 0 0 0 0 0 0 0 0 0 0 0 0 0 0 0 0 0 0 0 0 0 
5247178682 2290275065 -3689249367 -3803788502 5758986107 6759794946 -36112529 -1504037184 -1463153286 -2339700173 -893457765 605571555 0 0 0 0 0 0 0 0 0 0 0 0 0 0 0 0 0 0 0 0 0 0 0 0 0 0 0 0 
Round11 done

2187771517095032012320 2119845238412804147877 ratio:-0.032043
