Time:231.845 rounds: 11
2042757095064
4304077996853
                                   
                                           
                                           
                                           
After LLL, the matrix is:
-144805098377753105095680057933651270795521048558086964397579370484560287034010028386752214129050034148079626424450320135 -3 1 0 0 0 0 0 0 0 0 0 0 0 0 0 0 0 0 0 0 0 0 0 0 0 0 0 0 0 0 0 0 0 0 0 0 0 0 0 
-62770732694727566701410088133206828916154901300680150911468289714864706232793784732118912615172793123028642781711027073 -8 3 0 0 0 0 0 0 0 0 0 0 0 0 0 0 0 0 0 0 0 0 0 0 0 0 0 0 0 0 0 0 0 0 0 0 0 0 0 
31340806118432334265592938204139730272713744874944866384974850823653149663932330825166480491281071629150388672567607800 -3 -1 0 0 0 0 0 0 0 0 0 0 0 0 0 0 0 0 0 0 0 0 0 0 0 0 0 0 0 0 0 0 0 0 0 0 0 0 0 
-44838940376454270638542839052402629111891161491954791850336389613079332347744345987325861327807202031175914978442998124 -4 2 1 0 0 0 0 0 0 0 0 0 0 0 0 0 0 0 0 0 0 0 0 0 0 0 0 0 0 0 0 0 0 0 0 0 0 0 0 
36326950296787886570785262165034398108661947471755048909216049801392385562395908779684066706709259890910443866827401961 3 -2 0 1 0 0 0 0 0 0 0 0 0 0 0 0 0 0 0 0 0 0 0 0 0 0 0 0 0 0 0 0 0 0 0 0 0 0 0 
-52677712402859595273688866237294133203220316813425203015430404220603828925047104164484430066944434150180094970223706765 -3 2 0 0 1 0 0 0 0 0 0 0 0 0 0 0 0 0 0 0 0 0 0 0 0 0 0 0 0 0 0 0 0 0 0 0 0 0 0 
-69316368546335544342606969561376521087276044390284547129058733605001731630038301142068113177702694810474091227714415549 -1 0 0 0 0 1 0 0 0 0 0 0 0 0 0 0 0 0 0 0 0 0 0 0 0 0 0 0 0 0 0 0 0 0 0 0 0 0 0 
72036846296036089757977007946632770535005227503576986316365418021638688215968867444277430141481800032078031023141895546 -1 0 0 0 0 0 1 0 0 0 0 0 0 0 0 0 0 0 0 0 0 0 0 0 0 0 0 0 0 0 0 0 0 0 0 0 0 0 0 
23635742863821739065175888112933731149563283529171499839306991143949212946823942223542464786857851455962938189916265042 -2 0 0 0 0 0 0 1 0 0 0 0 0 0 0 0 0 0 0 0 0 0 0 0 0 0 0 0 0 0 0 0 0 0 0 0 0 0 0 
69050138622474159771451155795030470029595169433683496783087464724789798887890229091267375640396962028755276218197855140 5 -1 0 0 0 0 0 0 1 0 0 0 0 0 0 0 0 0 0 0 0 0 0 0 0 0 0 0 0 0 0 0 0 0 0 0 0 0 0 
33692829244729950567080345471143641090817469743197076966280056729747810866977944898865670431755316435876471825849476115 -2 1 0 0 0 0 0 0 0 1 0 0 0 0 0 0 0 0 0 0 0 0 0 0 0 0 0 0 0 0 0 0 0 0 0 0 0 0 0 
-6013413784331788610767921004675821437001742348163418863003289540626345245789710197375477833610079478456864196181629816 -3 1 0 0 0 0 0 0 0 0 1 0 0 0 0 0 0 0 0 0 0 0 0 0 0 0 0 0 0 0 0 0 0 0 0 0 0 0 0 
7295165082375595793725883030818960912571939500481028771053420553950198812925375781676675900130524085999844238490035693 1 0 0 0 0 0 0 0 0 0 0 1 0 0 0 0 0 0 0 0 0 0 0 0 0 0 0 0 0 0 0 0 0 0 0 0 0 0 0 
-70099429728262169599920012031050699923474621332998575823687722278000455059473502939426477212318662566292679172995662667 0 0 0 0 0 0 0 0 0 0 0 0 1 0 0 0 0 0 0 0 0 0 0 0 0 0 0 0 0 0 0 0 0 0 0 0 0 0 0 
16896215626150422198859035918179149390151540135851715150158176743381665544836657594538274777747632338306009881977636787 -3 1 0 0 0 0 0 0 0 0 0 0 0 1 0 0 0 0 0 0 0 0 0 0 0 0 0 0 0 0 0 0 0 0 0 0 0 0 0 
-56688668951407308079482873207107923071047177838650856383189645907789693938431686431317278292501864657837394037587463993 0 0 0 0 0 0 0 0 0 0 0 0 0 0 1 0 0 0 0 0 0 0 0 0 0 0 0 0 0 0 0 0 0 0 0 0 0 0 0 
9780446780658109869689389394128056419092929393165407066388838140095578864786940818841201758475808028346180041520585798 2 -1 0 0 0 0 0 0 0 0 0 0 0 0 0 1 0 0 0 0 0 0 0 0 0 0 0 0 0 0 0 0 0 0 0 0 0 0 0 
68128807340137747827539174806261326628844061740774682380511771032267492414157559869125283145919188296601141483570890399 4 -2 0 0 0 0 0 0 0 0 0 0 0 0 0 0 1 0 0 0 0 0 0 0 0 0 0 0 0 0 0 0 0 0 0 0 0 0 0 
8902488414019404117024658827039490541956171485329378759731785034594516563135791648288027448165548755879169526718750573 -2 1 0 0 0 0 0 0 0 0 0 0 0 0 0 0 0 1 0 0 0 0 0 0 0 0 0 0 0 0 0 0 0 0 0 0 0 0 0 
71659193341840335482206061515458034055235989945289846139635847920253316834092009254835608805984945751399690824362738016 3 -1 0 0 0 0 0 0 0 0 0 0 0 0 0 0 0 0 1 0 0 0 0 0 0 0 0 0 0 0 0 0 0 0 0 0 0 0 0 

After reduction, the matrix is:
-1486711694072434131267934902735202685049068667507272118307674644053653365826009877080996517080142645280244775724844103 3 -1 0 0 0 0 0 0 0 0 0 0 0 0 0 0 0 0 2 0 0 0 0 0 0 0 0 0 0 0 0 0 0 0 0 0 0 0 0 
-328841543685333188156822218328316144094017265374721942545954664611264868101369894717058897806802021258362201267574747 -134 45 0 0 0 0 0 0 0 0 0 0 0 0 0 0 0 0 -84 0 0 0 0 0 0 0 0 0 0 0 0 0 0 0 0 0 0 0 0 
119860542911217508966305246700473886683302857292151900513683298526428981586123406465553632598076078265248382345881637 60 -22 0 0 0 0 0 0 0 0 0 0 0 0 0 0 0 0 42 0 0 0 0 0 0 0 0 0 0 0 0 0 0 0 0 0 0 0 0 
-28608553507131021314274998718706303008387058654058259073878925384895486448803186644460550194196729775457887775981924 -20 9 1 0 0 0 0 0 0 0 0 0 0 0 0 0 0 0 -18 0 0 0 0 0 0 0 0 0 0 0 0 0 0 0 0 0 0 0 0 
-11813448321198955958819937267098620703735079168925815260050985117824953631068059693967498827767638332155153104006005 -193 64 0 1 0 0 0 0 0 0 0 0 0 0 0 0 0 0 -120 0 0 0 0 0 0 0 0 0 0 0 0 0 0 0 0 0 0 0 0 
-1915128139666368352955266357014620619530899406367433383710289770501917751753804165927224892266614298106151990989585 333 -108 1 -1 1 0 0 0 0 0 0 0 0 0 0 0 0 0 200 0 0 0 0 0 0 0 0 0 0 0 0 0 0 0 0 0 0 0 0 
633169144146157577266083056209784981737530802083136242500115015801440846303962487811460897519233406422172510034346 489 -156 3 -3 2 1 0 0 0 0 0 0 0 0 0 0 0 0 282 0 0 0 0 0 0 0 0 0 0 0 0 0 0 0 0 0 0 0 0 
206788002653015447033117234801682157244952993348308691297837573726387299918428004986474654919924666254651142253189 48 -13 1 -1 0 0 1 0 0 0 0 0 0 0 0 0 0 0 30 0 0 0 0 0 0 0 0 0 0 0 0 0 0 0 0 0 0 0 0 
21942216328074298154364247487834727199033012007836496679527527285956299914429200577685254855934709518179912567779 -1029 325 -6 5 -4 -1 0 1 0 0 0 0 0 0 0 0 0 0 -590 0 0 0 0 0 0 0 0 0 0 0 0 0 0 0 0 0 0 0 0 
6370629531338361010960085335331159363219732117551779680917022793050287788058978239342947759260579261759829879811 4705 -1486 27 -23 18 4 1 -4 1 0 0 0 0 0 0 0 0 0 2714 0 0 0 0 0 0 0 0 0 0 0 0 0 0 0 0 0 0 0 0 
1208429179223274791473305267578354438623298130961610271174435530721531672985994376660671572756805501058344533117 -10406 3297 -57 50 -40 -9 0 9 -1 1 0 0 0 0 0 0 0 0 -6000 0 0 0 0 0 0 0 0 0 0 0 0 0 0 0 0 0 0 0 0 
-384800099470373678667987901083186156410855542204483117084417683784337873257756831359999682807413506761370738635 10334 -3266 60 -51 40 9 1 -9 2 -1 1 0 0 0 0 0 0 0 5952 0 0 0 0 0 0 0 0 0 0 0 0 0 0 0 0 0 0 0 0 
121522626700547847772055332739017837822177227998421602643657816756770395780021874437805850671033303975819389837 -7208 2285 -39 35 -27 -6 0 6 0 1 0 1 0 0 0 0 0 0 -4156 0 0 0 0 0 0 0 0 0 0 0 0 0 0 0 0 0 0 0 0 
11622583364668208596526444675193728171127093750361557380225056954800845585640980353572277038878621594986061528 -2951 943 -14 14 -10 -2 1 2 0 1 0 1 1 0 0 0 0 0 -1720 0 0 0 0 0 0 0 0 0 0 0 0 0 0 0 0 0 0 0 0 
-400491564510372311178489647511882388455088343996053321411705645533021730916726476476188678664180956568089350 -9657 3082 -47 46 -35 -8 3 7 -1 3 0 1 2 1 0 0 0 0 -5606 0 0 0 0 0 0 0 0 0 0 0 0 0 0 0 0 0 0 0 0 
-193389515342506707775352369709370335665708223224146367374633587161267447628579031909748175763331422436112295 93621 -29918 445 -445 333 75 -35 -66 9 -33 0 -13 -25 -10 1 0 0 0 54430 0 0 0 0 0 0 0 0 0 0 0 0 0 0 0 0 0 0 0 0 
-73806821479465370128953055465997188540686262521640737738286638347126565501952110541354520301413869094908449 -136974 43684 -675 655 -498 -113 39 101 -12 40 0 16 27 11 0 1 0 0 -79470 0 0 0 0 0 0 0 0 0 0 0 0 0 0 0 0 0 0 0 0 
-21543247594889097800622059573333610207430788313428715321757936532861110342025294584871652787106313622756508 320655 -102337 1561 -1530 1159 264 -102 -233 33 -101 1 -37 -71 -31 1 -1 1 0 186170 0 0 0 0 0 0 0 0 0 0 0 0 0 0 0 0 0 0 0 0 
2431627160254892335993290757510752198682338320353191056174324054024062663226047822004305051927125531299169 -142631 45512 -698 684 -515 -117 43 103 -14 45 -1 17 31 13 -1 1 0 1 -82802 0 0 0 0 0 0 0 0 0 0 0 0 0 0 0 0 0 0 0 0 
-223407189249571151004890707148223308286731325109835216474620481821492819257668481056157834797134558954104 -200853 64173 -957 950 -721 -164 75 143 -19 67 1 27 50 21 1 0 -1 -2 -116727 0 0 0 0 0 0 0 0 0 0 0 0 0 0 0 0 0 0 0 0 
Round1 done

2333777090690963237746051423229221957292040856394590089254374858989068043528605508121809336510532713106517432019902997681536526447298660588633074126407496898758036537282442772461200356281807162384399890917968914834468730996276986913972 36362779855108547511608998144707280600066457927522079707657377215449365556223449715746923816255516662372893650486574361969389123476197385663265544401744211898962361764342353874351314731801631799504786170482284694907407319488751349326855917669 ratio:1
After LLL, the matrix is:
-193150641 -13205465 -27054340 16575732 78524306 271526505 -70026825 -183611915 26904313 205823314 -4170256 -113873504 24137419 3033904 2511199 -4861 2142 0 0 -15872606 0 0 0 0 0 0 0 0 0 0 0 0 0 0 0 0 0 0 0 0 
-11654388 53148967 74913013 48116084 4009521 -135441607 6153247 121292998 11264319 -145177254 8870476 43616322 -19804652 6370586 2075088 -1507275 9644 0 0 12311846 0 0 0 0 0 0 0 0 0 0 0 0 0 0 0 0 0 0 0 0 
68445920 393490 -40139609 1201321 -63266045 -32847522 24048925 5232029 -4678110 -12858448 -7002370 16178796 2365171 -7614228 -7080937 -884799 3037 -4215 -15 -5351808 0 0 0 0 0 0 0 0 0 0 0 0 0 0 0 0 0 0 0 0 
14054704 58533138 -16367757 23774681 65603524 -43299424 -9919395 35474045 7901605 -39128034 -26904840 21544945 15157988 9439274 -1869596 -4889144 26511 5029 3 -24360080 0 0 0 0 0 0 0 0 0 0 0 0 0 0 0 0 0 0 0 0 
-20200079 23791891 5019080 31770355 38535301 40494065 -20308259 5630872 10473098 -4068863 -6803395 9626583 5606026 14604264 7262189 -815399 -1986 26918 66 9625372 0 0 0 0 0 0 0 0 0 0 0 0 0 0 0 0 0 0 0 0 
93966227 16937778 -16719557 -4920182 -37131017 -138125345 36330104 75561772 -16001929 -85693877 -11335968 48648630 -2439534 -6671127 -6516252 -1020337 18993 -60127 -452 -9101812 0 0 0 0 0 0 0 0 0 0 0 0 0 0 0 0 0 0 0 0 
-56900764 4486962 46134234 13600014 22478756 12145222 -15899132 9438596 9521643 -13322988 14958289 -8476777 -10868919 4280973 2665752 1173210 40942 -179024 -1305 11118210 0 0 0 0 0 0 0 0 0 0 0 0 0 0 0 0 0 0 0 0 
-71839681 -24627040 -10245059 7924605 -13197680 113938558 -17734971 -77463044 7572982 86094192 7906011 -46179410 2191547 -3611271 1617984 4212009 -51520 231395 1789 5486482 0 0 0 0 0 0 0 0 0 0 0 0 0 0 0 0 0 0 0 0 
-24681543 -30267854 -5988330 -8053539 -11468527 70789610 -7300000 -45060055 -3292929 53131185 7589639 -19041901 385409 -370068 3028564 1652817 58303 -130147 15049 12502011 0 0 0 0 0 0 0 0 0 0 0 0 0 0 0 0 0 0 0 0 
1439611 1447179 -57061936 -5462385 6977953 69896428 -8823614 -66222414 2993631 72264290 -16327584 -24696701 17661521 -2551411 -5971593 -2428100 -86673 -34110 -32365 -21561160 0 0 0 0 0 0 0 0 0 0 0 0 0 0 0 0 0 0 0 0 
137142578 9273697 -26063411 -32355407 -16898333 -132445816 37382675 70848625 -18702779 -75274190 -14807101 56967739 2135398 -2574552 -5092567 -2920474 301557 -66181 79684 -12737939 0 0 0 0 0 0 0 0 0 0 0 0 0 0 0 0 0 0 0 0 
145793858 -3229472 -26229182 -25544116 -34296918 -112052010 39267443 71966174 -21913630 -73451713 -10686813 66223712 -182025 1200255 186645 -816215 161819 -165937 12216 4482019 0 0 0 0 0 0 0 0 0 0 0 0 0 0 0 0 0 0 0 0 
-17902809 19597167 23058046 25014484 9225014 -4582814 -7999078 24018464 9130265 -30080576 2365659 8161673 -3729523 6659303 3343087 -1076029 55633 280837 16856 8719255 0 0 0 0 0 0 0 0 0 0 0 0 0 0 0 0 0 0 0 0 
126091074 -644661 -33721841 -27721373 -28875616 -90797440 33120955 46924525 -16607721 -49319415 -11492445 47462017 2644055 -1754230 -4303429 -2139613 16722 -155898 -1117 -6778690 0 0 0 0 0 0 0 0 0 0 0 0 0 0 0 0 0 0 0 0 
-51543693 -44074122 -23412638 -16145751 -6084413 131514736 -15828543 -95376722 -416424 111768049 6584431 -47316812 6340153 -3422389 2801419 3659183 -154932 -35701 -13505 5631069 0 0 0 0 0 0 0 0 0 0 0 0 0 0 0 0 0 0 0 0 
50113542 -12226698 -37610546 -19500138 -6552325 1490365 10726946 -12288409 -11289601 20522168 -10835398 8832752 8944803 -1426486 -537300 470837 67042 12586 -51085 -5740131 0 0 0 0 0 0 0 0 0 0 0 0 0 0 0 0 0 0 0 0 
-81708682 30059330 -22104244 23380791 50219842 86503164 -31663741 -64994259 21109117 66981659 -14558676 -46762810 17167728 1071017 -3930158 -3183450 -58019 142671 22800 -26933223 0 0 0 0 0 0 0 0 0 0 0 0 0 0 0 0 0 0 0 0 
-70812378 -20023904 -28217299 10363869 -846813 152846636 -26895207 -101170149 10921104 111296543 913557 -51399921 10608155 303144 1193222 662951 137719 -34205 33807 2660828 0 0 0 0 0 0 0 0 0 0 0 0 0 0 0 0 0 0 0 0 
33222091 22959565 32583102 24155655 -12664528 -80605385 10627552 77612207 1184991 -90082277 4858428 42590137 -11935978 6302450 2486413 -111150 100153 -101323 24864 15968563 0 0 0 0 0 0 0 0 0 0 0 0 0 0 0 0 0 0 0 0 
10909825 10438123 -17635035 7186140 -9362062 -7742904 3957119 -1541619 1688747 -1135171 -7637734 974567 5103062 -2132773 -2745639 -1264537 -50438 19223 -16747 -7991266 0 0 0 0 0 0 0 0 0 0 0 0 0 0 0 0 0 0 0 0 

After reduction, the matrix is:
-14451767 63094902 -81218462 54075338 -64348676 -19120157 10704172 -38022866 20595248 13217613 -34003797 -31694625 24801084 -20236664 -22074454 -10463413 -125558 -296560 -70556 -51478741 0 0 0 0 0 0 0 0 0 0 0 0 0 0 0 0 0 0 0 0 
-42945279 -30303449 16862511 25421865 -67960152 54728032 1927622 -19470279 2756886 19379673 19553984 -14166346 -12566625 -3015971 6816018 6681298 -166948 151471 -13699 31946315 0 0 0 0 0 0 0 0 0 0 0 0 0 0 0 0 0 0 0 0 
15516366 -7128988 17784576 11413256 3355442 30875255 -8130691 15487758 728747 -13521798 9107437 22881678 -7337989 13388355 8418169 2093413 152365 -34966 50292 28247362 0 0 0 0 0 0 0 0 0 0 0 0 0 0 0 0 0 0 0 0 
-8690496 4437798 -4524326 17426191 -40891929 -29065457 12316486 10372894 185393 -15679498 -547461 -2247984 -3014663 -8180961 -2315767 2607553 -138451 129582 -13762 -2039137 0 0 0 0 0 0 0 0 0 0 0 0 0 0 0 0 0 0 0 0 
-35716445 30920879 -12765496 20357099 35179859 9618810 -12177568 -9856886 9744351 9452935 -15910832 -13255095 12944015 1215909 -1155980 -2908812 -154351 61884 -50226 -18621990 0 0 0 0 0 0 0 0 0 0 0 0 0 0 0 0 0 0 0 0 
21775670 -1758511 14061145 -1179740 21234610 -7904685 -2509933 27030438 -5560225 -24367102 1039840 24748590 -1135880 10023506 6520959 -1198420 25034 -125159 -20106 16292053 0 0 0 0 0 0 0 0 0 0 0 0 0 0 0 0 0 0 0 0 
-17178305 5766041 -12193882 2957810 -5470382 1242228 14184 -17663106 3768872 14487246 -2682838 -14689316 3066728 -6643876 -6168613 -279835 -115567 -421415 -51655 -13583577 0 0 0 0 0 0 0 0 0 0 0 0 0 0 0 0 0 0 0 0 
-8983358 5664506 -4310501 27588638 -2431334 24050182 -5670245 5271219 355404 -2533377 -2595618 11121236 254977 6454639 5109560 3640810 15925 178963 18150 14001308 0 0 0 0 0 0 0 0 0 0 0 0 0 0 0 0 0 0 0 0 
17768187 4371858 -19491786 8581615 18638744 9804075 -2595565 7717443 -9277890 1051391 -12424586 18687013 7125620 7563457 5174952 1499717 218292 448342 84791 6101444 0 0 0 0 0 0 0 0 0 0 0 0 0 0 0 0 0 0 0 0 
3353513 6558281 17119792 11041553 -16306320 25364470 -6881020 -2301522 16400297 -9902698 10658095 -960993 -4937131 5320696 -289657 -5142110 -226309 -411121 -102026 9555621 0 0 0 0 0 0 0 0 0 0 0 0 0 0 0 0 0 0 0 0 
16424806 -6371433 5837431 -8428202 -837394 19925636 -2022109 -7159371 6932444 6834919 6357835 753332 -2295711 2987757 1358293 240956 80197 -275433 13495 4263737 0 0 0 0 0 0 0 0 0 0 0 0 0 0 0 0 0 0 0 0 
10313219 -11140222 -5756465 -7559775 -15283645 -11723677 10001275 3292897 -7708470 857029 -2304311 1063611 1953838 -2969672 3029656 290681 -176536 356625 -66105 2556173 0 0 0 0 0 0 0 0 0 0 0 0 0 0 0 0 0 0 0 0 
20676177 7925556 11846929 -4198811 13693470 7759172 -4450758 9937985 8220768 -9781033 537524 6421508 -1085439 7376248 4414426 -1497911 428730 821357 168753 2374652 0 0 0 0 0 0 0 0 0 0 0 0 0 0 0 0 0 0 0 0 
-718041 6600873 -8870048 -2738297 2683410 411103 -2627706 -9207358 435555 5173787 -3098146 -6780018 2631887 -1141299 -5285397 -4376288 -139292 90766 -11433 -9269658 0 0 0 0 0 0 0 0 0 0 0 0 0 0 0 0 0 0 0 0 
-5723996 -8536300 -4378497 -5344082 20550896 8963116 -3445032 -4839846 -7648935 12808122 -2276958 3825673 1858592 1312096 2080883 3291825 132219 -439054 48749 2594335 0 0 0 0 0 0 0 0 0 0 0 0 0 0 0 0 0 0 0 0 
6390324 4065038 6971737 4109911 11554168 23036589 -8734777 611445 5651740 599590 3115304 4896973 -3772468 6955632 2169424 1846919 440182 464149 120384 5705741 0 0 0 0 0 0 0 0 0 0 0 0 0 0 0 0 0 0 0 0 
-1377550 9910489 -526046 6335407 -685356 15562501 -9377881 -7198639 5059401 -1284269 2377326 -1772503 -2985767 3387599 -5825805 -4613411 220515 4383 178851 -1577095 0 0 0 0 0 0 0 0 0 0 0 0 0 0 0 0 0 0 0 0 
-13344438 -11674857 -7908022 11376619 -11079985 -2853856 3286226 -544955 -10434676 5613332 1967420 8504222 -4309676 -4606371 -1095466 9050225 389718 -1079156 57095 8552546 0 0 0 0 0 0 0 0 0 0 0 0 0 0 0 0 0 0 0 0 
-11206536 -6269739 -1187244 3999533 -1423364 3935668 2717436 586668 -5499167 6054739 -2540001 -1031011 2743866 -728901 4710197 2196889 -108807 485834 -96990 5862618 0 0 0 0 0 0 0 0 0 0 0 0 0 0 0 0 0 0 0 0 
5903870 -4699050 -13143484 4580355 8505424 809109 3139793 2825893 -6395743 6499164 -6816546 11580258 4329767 320622 4620641 6403576 221073 -510597 43435 3872727 0 0 0 0 0 0 0 0 0 0 0 0 0 0 0 0 0 0 0 0 
Round2 done

73377278017210164 2333777090690963237746051423229221957292040856394590089254374858989068043528605508121809336510532713106517432019902997681536526447298660588633074126407496898758036537282442772461200356281807162384399890917968914834468730996276986913972 ratio:1
After LLL, the matrix is:
15516366 -7128988 17784576 11413256 3355442 30875255 -8130691 15487758 728747 -13521798 9107437 22881678 -7337989 13388355 8418169 2093413 152365 -34966 50292 28247362 0 0 0 0 0 0 0 0 0 0 0 0 0 0 0 0 0 0 0 0 
-17178305 5766041 -12193882 2957810 -5470382 1242228 14184 -17663106 3768872 14487246 -2682838 -14689316 3066728 -6643876 -6168613 -279835 -115567 -421415 -51655 -13583577 0 0 0 0 0 0 0 0 0 0 0 0 0 0 0 0 0 0 0 0 
-12580940 9773571 -10326619 4735880 10293846 -5420229 -2481565 -8295774 1977519 4607390 -4325836 -4630042 4997576 -3264246 -5816267 -1758090 -206100 -967989 -123416 -10875101 0 0 0 0 0 0 0 0 0 0 0 0 0 0 0 0 0 0 0 0 
-13489991 8729154 429785 -5263797 942879 -4995758 3397818 -457322 3083047 9152563 -12040761 -22246647 5289276 -2379708 7874652 272045 311584 3000817 269730 -14244049 0 0 0 0 0 0 0 0 0 0 0 0 0 0 0 0 0 0 0 0 
5259521 -2746118 425424 8481692 -10610240 -2647072 4927827 15742341 -6119734 -8106215 -4694381 7558916 -471338 2974406 8676271 3585322 185227 1603333 142929 10212624 0 0 0 0 0 0 0 0 0 0 0 0 0 0 0 0 0 0 0 0 
-7117450 5263002 -14235527 7834563 -320916 -10500134 1905630 -6148281 -3312713 4753744 -2954357 -2299849 2855958 -5774024 -6298248 2055867 -502893 91084 -256226 -6972200 0 0 0 0 0 0 0 0 0 0 0 0 0 0 0 0 0 0 0 0 
6278470 -4072726 9869191 947663 471833 5963637 256010 11431181 -2108292 -4887455 -337966 4908649 -1523104 4544978 8007100 2008849 621259 951281 236669 10970202 0 0 0 0 0 0 0 0 0 0 0 0 0 0 0 0 0 0 0 0 
6029328 -1371308 10000378 -4840060 5944192 2255372 -1943207 8936605 -1675628 -7804500 194666 2934240 -977771 5117781 4962047 -2417738 -808293 2129381 -170540 5431896 0 0 0 0 0 0 0 0 0 0 0 0 0 0 0 0 0 0 0 0 
-41182 2082737 11995523 6313696 8470330 23394695 -7182420 4846612 3710651 -2846752 1970343 3831440 -1746425 7862461 6517956 143242 -652541 2371177 -140485 10583907 0 0 0 0 0 0 0 0 0 0 0 0 0 0 0 0 0 0 0 0 
-197847 -3565623 4981015 1774956 -4772108 14193294 -1934596 -1127707 781621 1799489 2849175 498163 -2573323 2350464 2747533 543002 -206846 960917 -94328 6541258 0 0 0 0 0 0 0 0 0 0 0 0 0 0 0 0 0 0 0 0 
14200218 -7093677 6589409 -6526872 2077320 1294837 -2292410 1208458 -236346 -6529113 8253890 10491244 -3610409 2099977 -3042155 -1487365 123851 -1382684 -146304 7469724 0 0 0 0 0 0 0 0 0 0 0 0 0 0 0 0 0 0 0 0 
7160501 -2538867 -1218237 -804615 2596542 -6363583 225947 3618061 -2980639 -6934089 2503138 10040882 -909576 1199497 -4050680 -2189116 -825120 -507968 36520 2869724 0 0 0 0 0 0 0 0 0 0 0 0 0 0 0 0 0 0 0 0 
17476 -2617306 834819 1989620 -1535589 11685960 -3106410 -6048286 2103767 2809457 5486176 1154490 -3021883 1043594 -3108891 -604053 -441145 -795636 29813 3174060 0 0 0 0 0 0 0 0 0 0 0 0 0 0 0 0 0 0 0 0 
-7382702 2949518 -11528915 -2148598 -1658210 -13761614 2569825 -7571890 -1357481 3404063 -2534948 -5464099 3592382 -4803063 -6441895 -2365563 -876863 -459342 -226708 -11573667 0 0 0 0 0 0 0 0 0 0 0 0 0 0 0 0 0 0 0 0 
1794757 2134601 7948239 9822637 4495952 17188033 -4670972 10278090 1771191 -6152587 -455358 7898379 -1729146 8033405 6993623 861728 403911 371217 227864 11606083 0 0 0 0 0 0 0 0 0 0 0 0 0 0 0 0 0 0 0 0 
-3097266 849954 -7619649 1985689 2623776 -2569836 -1761112 -8840424 -1027864 2401498 2986535 1721635 43605 -3178184 -8479441 -1457994 -878835 -768172 -274707 -3565934 0 0 0 0 0 0 0 0 0 0 0 0 0 0 0 0 0 0 0 0 
-7423973 3324223 -9214937 -5971053 -1527412 -17232488 4460881 -6394538 -672786 4904225 -5334400 -9574021 4457363 -6701357 -3408444 -1443981 227174 -580150 -115478 -13702893 0 0 0 0 0 0 0 0 0 0 0 0 0 0 0 0 0 0 0 0 
1158353 1019599 2782133 608557 7347188 3802346 -2851318 19100 1673211 -1411853 2185560 2915925 -151674 1701207 -621236 -225312 -182788 -398403 16644 1712732 0 0 0 0 0 0 0 0 0 0 0 0 0 0 0 0 0 0 0 0 
-303309 1426596 -6204559 11623728 1451932 3269295 -2139930 -589598 -1365746 -1602965 1761771 9743144 53726 469039 -4041313 1656214 -246762 -900231 -85665 5077660 0 0 0 0 0 0 0 0 0 0 0 0 0 0 0 0 0 0 0 0 
8754721 -3727781 8866066 -3062232 6298176 3062558 -2137950 7181914 -1629719 -6919409 3992707 6838351 -2245719 4332291 1991631 -818127 -340430 488945 -122320 8066017 0 0 0 0 0 0 0 0 0 0 0 0 0 0 0 0 0 0 0 0 

After reduction, the matrix is:
2054583 1114900 -1410110 4059169 -7515469 4019361 38206 2642266 3411273 -3566624 -1116663 4593417 -750072 2313506 2730103 392520 752261 -1836164 319559 1271781 0 0 0 0 0 0 0 0 0 0 0 0 0 0 0 0 0 0 0 0 
1425214 1971403 -3635008 -1490998 -2964579 -6608935 562404 451595 1465875 -3305832 -848822 166715 550215 282541 -1581545 -1841259 345468 -1842203 100948 -4433752 0 0 0 0 0 0 0 0 0 0 0 0 0 0 0 0 0 0 0 0 
-5513556 3150089 -4799921 6006701 -2653244 665933 558923 1038611 -1053224 250895 -4972090 803161 1754918 -303404 1729484 108186 225839 323801 -60413 -529015 0 0 0 0 0 0 0 0 0 0 0 0 0 0 0 0 0 0 0 0 
4234804 -1005539 -1727230 -6097740 2376401 -7548316 880173 -5922695 -1798184 3759449 2756703 -4787650 -570820 -4266486 -4750161 915331 -922981 1510631 -267447 -4724626 0 0 0 0 0 0 0 0 0 0 0 0 0 0 0 0 0 0 0 0 
-2113026 -2334316 -270509 5858373 -991524 5365570 -152303 560287 -4967883 735500 1794983 1470938 -923159 167593 65365 1501643 -1577927 3050730 -490983 6224631 0 0 0 0 0 0 0 0 0 0 0 0 0 0 0 0 0 0 0 0 
2417253 1446176 -413048 1610695 -950195 979042 -464284 -672424 7505200 -503787 2170296 3837243 -460186 962642 -760772 1656300 1953130 -5111840 841641 -1708642 0 0 0 0 0 0 0 0 0 0 0 0 0 0 0 0 0 0 0 0 
-544468 2229996 -5188325 5000581 4043060 -5589520 -886265 766273 1370422 -2478057 114616 6843986 1115520 -4933 -3815277 81562 1514600 -4610969 524579 -538922 0 0 0 0 0 0 0 0 0 0 0 0 0 0 0 0 0 0 0 0 
-680484 4395372 372899 1851586 -1835491 1472249 -784241 773918 2456795 65814 -1407402 -5616235 282773 761170 3715098 2111579 40356 568468 -83314 -2609232 0 0 0 0 0 0 0 0 0 0 0 0 0 0 0 0 0 0 0 0 
-403690 3891044 3353484 -1336026 2709453 2355118 -3244500 3088436 1557917 -4479939 -796198 -3344472 255751 4412830 1245999 -3706484 -531078 921338 -274792 -1268110 0 0 0 0 0 0 0 0 0 0 0 0 0 0 0 0 0 0 0 0 
-827216 -2709120 2756117 -3775211 -221218 3564998 -1410398 -3318378 -1163777 2060281 3117016 -3928539 -1273036 319499 -1564115 -1690777 -613639 954878 -312939 835725 0 0 0 0 0 0 0 0 0 0 0 0 0 0 0 0 0 0 0 0 
6727426 2596334 -4364764 1240376 -2688258 -3449364 -1078632 -1863097 -1684183 -2202060 -340989 1693681 -388620 -2012147 -618250 1755917 -307096 1344017 -617891 -922164 0 0 0 0 0 0 0 0 0 0 0 0 0 0 0 0 0 0 0 0 
-1579691 -87558 3059491 -18816 2315203 309104 3693693 3471502 -3363589 3067737 -3161472 -4335685 553216 -1194183 4222928 2640537 -2421239 6049209 -69351 65964 0 0 0 0 0 0 0 0 0 0 0 0 0 0 0 0 0 0 0 0 
-147347 617041 -5143258 2663138 -3328755 532985 -669324 -1605889 -2771781 -2052869 -649958 1412501 -738446 43994 -2365549 -2410835 -1435168 1519123 -397941 -386775 0 0 0 0 0 0 0 0 0 0 0 0 0 0 0 0 0 0 0 0 
-2241465 3571687 -271721 1325051 2339394 1599804 -909802 -464611 2896960 -342012 -895091 -1423206 1515749 1342096 531928 -414418 -958816 1031559 -10485 -3009202 0 0 0 0 0 0 0 0 0 0 0 0 0 0 0 0 0 0 0 0 
3554027 603053 -2691539 1933548 119952 -6034290 -5182 3157506 -7147610 -3290825 1329787 -2594245 -1220949 484881 -2963130 -571024 -1975534 3482739 -664873 1254071 0 0 0 0 0 0 0 0 0 0 0 0 0 0 0 0 0 0 0 0 
-5247485 -1445095 206117 -3373828 3178455 -3498921 -445572 -735092 -1892176 805217 -2190398 1211809 1220467 -1428023 -1200252 -2706015 2062927 -2768375 50508 38680 0 0 0 0 0 0 0 0 0 0 0 0 0 0 0 0 0 0 0 0 
-1774621 124416 -1837264 1874992 -1350253 3565317 730990 -2873004 1414127 1329035 -2366710 4557165 2267119 -1814264 1704006 837460 -320627 1240768 -215017 367899 0 0 0 0 0 0 0 0 0 0 0 0 0 0 0 0 0 0 0 0 
1158353 1019599 2782133 608557 7347188 3802346 -2851318 19100 1673211 -1411853 2185560 2915925 -151674 1701207 -621236 -225312 -182788 -398403 16644 1712732 0 0 0 0 0 0 0 0 0 0 0 0 0 0 0 0 0 0 0 0 
1126818 3125136 -2091732 480816 6137083 -4091114 270830 -1240046 -15781 1645935 -2148181 763342 1884473 -2326626 -1457389 1371266 -322057 1541294 -125881 -2715555 0 0 0 0 0 0 0 0 0 0 0 0 0 0 0 0 0 0 0 0 
-2394374 -22690 1333797 3700306 1567744 3423740 736628 3073723 -2428030 -1882488 -709642 1738764 1503947 1171588 3492128 1058896 -2243206 3997123 -520655 3284086 0 0 0 0 0 0 0 0 0 0 0 0 0 0 0 0 0 0 0 0 
Round3 done

2594611619992815 73377278017210164 ratio:0.96464
After LLL, the matrix is:
2054583 1114900 -1410110 4059169 -7515469 4019361 38206 2642266 3411273 -3566624 -1116663 4593417 -750072 2313506 2730103 392520 752261 -1836164 319559 1271781 0 0 0 0 0 0 0 0 0 0 0 0 0 0 0 0 0 0 0 0 
1425214 1971403 -3635008 -1490998 -2964579 -6608935 562404 451595 1465875 -3305832 -848822 166715 550215 282541 -1581545 -1841259 345468 -1842203 100948 -4433752 0 0 0 0 0 0 0 0 0 0 0 0 0 0 0 0 0 0 0 0 
-5513556 3150089 -4799921 6006701 -2653244 665933 558923 1038611 -1053224 250895 -4972090 803161 1754918 -303404 1729484 108186 225839 323801 -60413 -529015 0 0 0 0 0 0 0 0 0 0 0 0 0 0 0 0 0 0 0 0 
4864173 -1862042 497668 -547573 -2174489 3079980 355975 -3732024 147214 3498657 2488862 -360948 -1871107 -2235521 -438513 3149110 -516188 1516670 -48836 980907 0 0 0 0 0 0 0 0 0 0 0 0 0 0 0 0 0 0 0 0 
-687812 -362913 -3905517 4367375 -3956103 -1243365 410101 1011882 -3502008 -2570332 946161 1637653 -372944 450134 -1516180 -339616 -1232459 1208527 -390035 1790879 0 0 0 0 0 0 0 0 0 0 0 0 0 0 0 0 0 0 0 0 
-325142 -31637 -2908455 1918901 2609171 -4283684 -92389 -2302808 591919 492505 4233120 881479 -83058 -900730 -5007055 924164 -31590 -2067149 132047 -1189544 0 0 0 0 0 0 0 0 0 0 0 0 0 0 0 0 0 0 0 0 
4644847 399591 -1782202 2534107 -740600 1774144 -437901 -662943 925717 528095 -1629642 5601559 -672529 -1339724 753265 2306508 1030002 -1027150 343696 1631529 0 0 0 0 0 0 0 0 0 0 0 0 0 0 0 0 0 0 0 0 
3925934 3144003 -1012567 3293940 -1704461 -1742885 -1726939 3816270 786514 -5725975 392345 1180764 -646511 2410505 1661212 821175 128248 -1090626 -20404 361284 0 0 0 0 0 0 0 0 0 0 0 0 0 0 0 0 0 0 0 0 
827057 2660387 1016375 -1088914 1842692 582962 -1819870 1100330 761163 -1986767 -1705499 -338384 228023 1526628 1345967 -1320512 59895 130652 -30111 -1223677 0 0 0 0 0 0 0 0 0 0 0 0 0 0 0 0 0 0 0 0 
2587043 -1030139 -461468 3375909 -1716531 2963338 -42661 224833 961308 21690 985158 2933855 -872824 19850 -692670 1241048 379134 -367116 129126 2810773 0 0 0 0 0 0 0 0 0 0 0 0 0 0 0 0 0 0 0 0 
-758642 1662597 -3159766 2845285 -2059995 -2186844 -715220 -567298 971072 -1364912 1297441 -338003 250567 394968 -1348112 783655 140273 -1454947 45819 -1555955 0 0 0 0 0 0 0 0 0 0 0 0 0 0 0 0 0 0 0 0 
-4636796 -1402107 -200201 -533234 2024077 -968250 622168 -956872 -4503183 1772607 895850 -2982600 -104020 -810544 -1137547 -1325098 -1010717 1267262 -452362 1003264 0 0 0 0 0 0 0 0 0 0 0 0 0 0 0 0 0 0 0 0 
-2291470 904808 2033810 1525548 -2210648 2985211 -111135 2610329 1929129 -1932505 -708712 -419497 999650 1617301 3548859 194206 758447 -478643 -273994 1603731 0 0 0 0 0 0 0 0 0 0 0 0 0 0 0 0 0 0 0 0 
-4366085 -1870967 484453 1296915 1098102 1251874 474126 275667 -1540377 427707 1485841 858801 767335 484387 -1185898 -1041086 -222579 51772 -263562 2542976 0 0 0 0 0 0 0 0 0 0 0 0 0 0 0 0 0 0 0 0 
1286238 -1516817 1127011 -2807280 1849237 -1841631 -523389 -2677597 -310027 803963 4586999 -3081600 -678328 -315798 -3569451 11183 -1224989 1155438 -173139 -1271891 0 0 0 0 0 0 0 0 0 0 0 0 0 0 0 0 0 0 0 0 
-188795 1007131 -4241075 3938371 -1489575 -1514079 647599 549584 -1043930 -1160827 -1368684 3334835 408265 -727971 -685296 213584 253965 -535672 -148615 779739 0 0 0 0 0 0 0 0 0 0 0 0 0 0 0 0 0 0 0 0 
-5252168 -514383 -1032637 4391697 1118439 2505238 -270621 -725092 -2026806 994999 1759155 648942 373787 231489 -1144116 271214 -748817 484939 -349536 2360600 0 0 0 0 0 0 0 0 0 0 0 0 0 0 0 0 0 0 0 0 
923442 584727 2757229 406555 2150225 3864217 -1125631 840807 1338648 320318 -230760 1618546 -475961 725280 2454675 1374318 528933 -597889 260953 1759398 0 0 0 0 0 0 0 0 0 0 0 0 0 0 0 0 0 0 0 0 
-65640 1901508 -2370772 1702977 -1493174 -978326 865939 -861615 2629805 978942 -1755014 204827 984673 -1371657 132670 1158612 854501 -786017 -20629 -1944921 0 0 0 0 0 0 0 0 0 0 0 0 0 0 0 0 0 0 0 0 
3915490 -649694 -590366 473276 686661 -2523677 -451626 -594848 580790 -1021902 3442489 1380231 -984094 -335685 -1997865 1668097 42747 -1223708 65195 332667 0 0 0 0 0 0 0 0 0 0 0 0 0 0 0 0 0 0 0 0 

After reduction, the matrix is:
-1657747 391119 287845 169674 360825 -122337 1336436 1107401 4564481 -827797 1133813 1908522 370041 1179427 -851221 -1220279 1036820 -3165415 303511 -1004477 0 0 0 0 0 0 0 0 0 0 0 0 0 0 0 0 0 0 0 0 
991905 362795 -750454 615924 60013 458888 1597439 266046 921381 1152637 -2251029 2279346 -168484 -1549498 523695 -176034 957046 -871016 -27783 750717 0 0 0 0 0 0 0 0 0 0 0 0 0 0 0 0 0 0 0 0 
-1836519 599005 1636456 -206299 3422681 -94941 -2766182 27450 -521612 -332254 1530281 -1938434 327579 1831932 591434 1133321 -310502 -451401 443229 -793023 0 0 0 0 0 0 0 0 0 0 0 0 0 0 0 0 0 0 0 0 
-709064 -821229 1375879 -851175 -2500325 5481320 2144037 -2029775 4130905 3692762 180186 167343 -516972 -720409 708131 260734 477885 -425037 189480 -356237 0 0 0 0 0 0 0 0 0 0 0 0 0 0 0 0 0 0 0 0 
-114868 1170442 -1910617 695439 1019593 1740765 -1920779 -2500442 -1060681 735914 1659841 -52325 -1333964 1470984 -2419507 -460279 -1763628 941384 486557 -2185789 0 0 0 0 0 0 0 0 0 0 0 0 0 0 0 0 0 0 0 0 
-4125764 -552385 -407472 750186 902917 -3500772 2280016 792482 1071810 778493 -869210 -446427 2235000 -2036029 -589683 -283654 1689291 -1784825 -419705 663578 0 0 0 0 0 0 0 0 0 0 0 0 0 0 0 0 0 0 0 0 
-284027 -1522720 2801855 -1270002 1591879 -671437 -402923 -686091 2120076 1314778 1120861 -459049 1322690 -1098284 325183 1985304 1508282 -1405287 100389 764651 0 0 0 0 0 0 0 0 0 0 0 0 0 0 0 0 0 0 0 0 
1870507 -328156 397142 -3008031 1894749 -2780828 3671511 -696593 126222 3387597 -1475399 -2182221 -1050055 -3653133 -372736 -463618 608566 -151408 -211254 -918863 0 0 0 0 0 0 0 0 0 0 0 0 0 0 0 0 0 0 0 0 
827057 2660387 1016375 -1088914 1842692 582962 -1819870 1100330 761163 -1986767 -1705499 -338384 228023 1526628 1345967 -1320512 59895 130652 -30111 -1223677 0 0 0 0 0 0 0 0 0 0 0 0 0 0 0 0 0 0 0 0 
-139023 969838 -183816 1662932 1565825 580132 1551606 -223424 2016740 1676532 -213884 -802468 225636 -1444427 -1296362 -249522 722471 -251101 -368647 515571 0 0 0 0 0 0 0 0 0 0 0 0 0 0 0 0 0 0 0 0 
-569847 655466 1081309 -1093086 -570420 -672765 -1362819 -1116882 2015002 -204085 2666125 -3672838 -157698 1122939 -662816 570071 -113692 -919275 194434 -2335694 0 0 0 0 0 0 0 0 0 0 0 0 0 0 0 0 0 0 0 0 
415233 1414581 -2913955 1035481 -312001 2013084 805530 -2344923 -2023807 3125693 -2240983 -52000 -1522831 -1695670 108501 -58866 -888461 1395054 -81069 -854518 0 0 0 0 0 0 0 0 0 0 0 0 0 0 0 0 0 0 0 0 
-396808 777256 704151 -2449976 -862131 1365016 87991 -363282 -1022070 514474 -310386 -1851575 -1610005 879579 2052978 -480169 -1119086 562434 369956 -2016492 0 0 0 0 0 0 0 0 0 0 0 0 0 0 0 0 0 0 0 0 
886083 -1356584 1517090 -3094782 -20337 -1253364 744747 1000759 486429 -567292 -273314 209859 393548 252898 -41782 -1312300 526238 -433167 85974 182376 0 0 0 0 0 0 0 0 0 0 0 0 0 0 0 0 0 0 0 0 
407636 -825866 -20585 816675 14501 1398085 -2597461 -1714958 485132 -1430997 3811369 1379967 203243 1787837 -2673020 298767 -876509 435830 10332 397689 0 0 0 0 0 0 0 0 0 0 0 0 0 0 0 0 0 0 0 0 
-1861535 -101128 15385 -397531 -819840 -1279388 -1264772 -765835 -867305 -484212 1692820 -1255135 289434 602822 1169170 1894753 -313885 -507509 349513 -1222819 0 0 0 0 0 0 0 0 0 0 0 0 0 0 0 0 0 0 0 0 
-3604668 2690928 -869944 1910978 1447620 856510 -479805 514382 1850591 -580118 -1974672 725244 1980031 639358 292739 -1202986 691817 -603593 -314302 -625622 0 0 0 0 0 0 0 0 0 0 0 0 0 0 0 0 0 0 0 0 
923442 584727 2757229 406555 2150225 3864217 -1125631 840807 1338648 320318 -230760 1618546 -475961 725280 2454675 1374318 528933 -597889 260953 1759398 0 0 0 0 0 0 0 0 0 0 0 0 0 0 0 0 0 0 0 0 
398385 -473337 -1184537 -914643 -1003104 -2017813 1376066 989980 179851 -536902 -2443424 1808178 1704403 -692200 230009 -547725 537385 571107 -101306 -177568 0 0 0 0 0 0 0 0 0 0 0 0 0 0 0 0 0 0 0 0 
-85986 2818490 -756159 -65722 1272150 -302151 -843440 -443748 1409311 -1087546 1157431 253900 -614068 1183252 347852 -15058 -384522 -1264867 120849 -2309447 0 0 0 0 0 0 0 0 0 0 0 0 0 0 0 0 0 0 0 0 
Round4 done

795474286435256 2594611619992815 ratio:0.693413
After LLL, the matrix is:
-1657747 391119 287845 169674 360825 -122337 1336436 1107401 4564481 -827797 1133813 1908522 370041 1179427 -851221 -1220279 1036820 -3165415 303511 -1004477 0 0 0 0 0 0 0 0 0 0 0 0 0 0 0 0 0 0 0 0 
991905 362795 -750454 615924 60013 458888 1597439 266046 921381 1152637 -2251029 2279346 -168484 -1549498 523695 -176034 957046 -871016 -27783 750717 0 0 0 0 0 0 0 0 0 0 0 0 0 0 0 0 0 0 0 0 
-844614 961800 886002 409625 3482694 363947 -1168743 293496 399769 820383 -720748 340912 159095 282434 1115129 957287 646544 -1322417 415446 -42306 0 0 0 0 0 0 0 0 0 0 0 0 0 0 0 0 0 0 0 0 
-709064 -821229 1375879 -851175 -2500325 5481320 2144037 -2029775 4130905 3692762 180186 167343 -516972 -720409 708131 260734 477885 -425037 189480 -356237 0 0 0 0 0 0 0 0 0 0 0 0 0 0 0 0 0 0 0 0 
877037 1533237 -2661071 1311363 1079606 2199653 -323340 -2234396 -139300 1888551 -591188 2227021 -1502448 -78514 -1895812 -636313 -806582 70368 458774 -1435072 0 0 0 0 0 0 0 0 0 0 0 0 0 0 0 0 0 0 0 0 
-4125764 -552385 -407472 750186 902917 -3500772 2280016 792482 1071810 778493 -869210 -446427 2235000 -2036029 -589683 -283654 1689291 -1784825 -419705 663578 0 0 0 0 0 0 0 0 0 0 0 0 0 0 0 0 0 0 0 0 
560587 -2484520 1915853 -1679627 -1890815 -1035384 765820 -979587 1720307 494395 1841609 -799961 1163595 -1380718 -789946 1028017 861738 -82870 -315057 806957 0 0 0 0 0 0 0 0 0 0 0 0 0 0 0 0 0 0 0 0 
-461804 -118656 -252884 -275882 -1391607 -186569 1128870 -110527 -1884507 1237142 -1649795 -2279021 -20383 -1617156 2004313 577447 -81879 1324686 -539843 580554 0 0 0 0 0 0 0 0 0 0 0 0 0 0 0 0 0 0 0 0 
582988 345963 -508126 -982456 2969842 -488731 1996525 82967 -1847587 2105296 -1853946 -409297 -994797 -1359441 -2204210 -2155329 -615699 1413291 326922 -480766 0 0 0 0 0 0 0 0 0 0 0 0 0 0 0 0 0 0 0 0 
-334542 873739 -312060 -642145 293697 -2972851 -836417 602442 -1246770 -2438002 -1337979 -755224 1954270 -354106 -1511937 -1918621 147701 1508973 -628930 -93870 0 0 0 0 0 0 0 0 0 0 0 0 0 0 0 0 0 0 0 0 
-766678 -910796 1088556 -407096 -2717736 856267 454324 -1161390 798374 1397788 228363 -2699550 872288 -1130741 -756228 307790 398948 1016224 -150073 240631 0 0 0 0 0 0 0 0 0 0 0 0 0 0 0 0 0 0 0 0 
2160392 422845 2648875 -1100393 2106490 699858 -33800 1027389 1259884 -191395 -18334 47802 -379680 19053 18718 -204027 493951 -114008 290927 528237 0 0 0 0 0 0 0 0 0 0 0 0 0 0 0 0 0 0 0 0 
780490 -245338 379487 93468 -91145 -372056 -741890 -759720 131440 -222303 1199876 222112 -402956 -277618 -1258700 559576 -133935 -198286 300021 -180212 0 0 0 0 0 0 0 0 0 0 0 0 0 0 0 0 0 0 0 0 
233839 273906 -1343851 154492 -1516499 2202653 870827 -457236 2758753 -420486 83600 2168314 -975475 781412 -363111 -1238387 -541321 -754580 9195 -1354146 0 0 0 0 0 0 0 0 0 0 0 0 0 0 0 0 0 0 0 0 
-1451155 -540812 -1202969 464990 -708540 1824689 1276634 -1360062 563545 2343560 918981 -953412 -1128956 -36305 -1807019 -554343 -961355 162358 337996 -959975 0 0 0 0 0 0 0 0 0 0 0 0 0 0 0 0 0 0 0 0 
2525669 1223774 500934 -551403 1120623 459684 -97447 222642 2088753 -835524 -199714 2659476 -427016 291254 -1219797 -1163338 659327 -1025508 250000 -412855 0 0 0 0 0 0 0 0 0 0 0 0 0 0 0 0 0 0 0 0 
-1236808 -815224 31066 -245142 -1448326 -127586 1054479 443233 95838 -868057 1094607 -771702 18306 383635 -806946 -1059501 -620901 740976 -184859 16737 0 0 0 0 0 0 0 0 0 0 0 0 0 0 0 0 0 0 0 0 
-1001646 -728294 -51170 372994 440358 -933223 -498556 -838963 -2522767 809109 975599 -2051980 -164730 -652753 -708033 860175 -718287 1219476 -34569 323822 0 0 0 0 0 0 0 0 0 0 0 0 0 0 0 0 0 0 0 0 
223566 1808744 -133545 -812210 2915023 -505618 -1310274 835703 -1296247 -1273402 -181383 -257764 -304407 1847365 -377602 -1539659 -858246 511675 201500 -1199408 0 0 0 0 0 0 0 0 0 0 0 0 0 0 0 0 0 0 0 0 
-1276610 724297 -658515 971659 -260417 -855560 286233 -782957 2458906 195269 -292785 826122 1500963 -847706 -996728 -215818 1353843 -1660761 -111592 -309452 0 0 0 0 0 0 0 0 0 0 0 0 0 0 0 0 0 0 0 0 

After reduction, the matrix is:
-62451 -697172 1072963 -984399 -861510 174598 1437183 1020111 352508 -8227 976679 -974509 -1554261 132359 891120 132562 -532837 -378254 175281 -294683 0 0 0 0 0 0 0 0 0 0 0 0 0 0 0 0 0 0 0 0 
-529708 702427 -1005446 448585 1763268 -878470 -357278 119387 -2332179 492456 -1032822 -415782 -448831 -271005 107190 7221 -694462 467881 223738 -216048 0 0 0 0 0 0 0 0 0 0 0 0 0 0 0 0 0 0 0 0 
-2081422 146576 917068 164483 2034368 236361 -114264 736729 495607 -47674 373859 -430790 177401 666069 308183 -102214 25643 -581441 230587 -25569 0 0 0 0 0 0 0 0 0 0 0 0 0 0 0 0 0 0 0 0 
-2593200 -1564505 2160255 -80678 876812 1481945 -954510 -1424539 947258 1876861 1387267 -1273910 1946559 -80856 -892333 1054434 486434 245520 284437 900738 0 0 0 0 0 0 0 0 0 0 0 0 0 0 0 0 0 0 0 0 
256478 -98940 -1766623 497029 -2403230 -92982 1587700 -1447546 262685 715724 -771105 755052 -798032 -2147626 -2139027 -882713 -333472 689412 -196375 -624217 0 0 0 0 0 0 0 0 0 0 0 0 0 0 0 0 0 0 0 0 
-9881 -1295750 136234 -635025 -75448 -957994 649284 1069300 744805 -727615 1104297 793615 -23763 797028 616078 238280 -31979 -1184901 -33109 88458 0 0 0 0 0 0 0 0 0 0 0 0 0 0 0 0 0 0 0 0 
-453321 -565677 -1885894 -185619 -691391 486257 584076 -1577827 1662933 796895 -1284168 1704968 1696506 -725052 -678287 -895287 292727 206971 -557426 -288342 0 0 0 0 0 0 0 0 0 0 0 0 0 0 0 0 0 0 0 0 
308805 -1659744 262837 -817439 -1558200 -1516619 1036264 199053 -1008262 287224 654378 -1263294 -447102 -1097746 1361691 1375303 -247793 -58501 -272931 488800 0 0 0 0 0 0 0 0 0 0 0 0 0 0 0 0 0 0 0 0 
1112696 -356464 497320 -1431041 1206574 389739 2353803 -36420 484592 1612840 -821124 6485 -545966 -1088436 -2311400 -2162550 78763 945410 103184 -264718 0 0 0 0 0 0 0 0 0 0 0 0 0 0 0 0 0 0 0 0 
839815 991791 729837 -1381402 880513 -2670667 -453713 1179320 -990100 -1578172 -1455907 -958031 381703 -605382 186129 -726558 235765 389743 -268790 -405290 0 0 0 0 0 0 0 0 0 0 0 0 0 0 0 0 0 0 0 0 
-1615072 155625 -43493 223903 528284 536422 -289934 -171756 219262 875405 -354540 -1058423 846796 493028 -1394651 -822012 -79700 357705 313487 -375759 0 0 0 0 0 0 0 0 0 0 0 0 0 0 0 0 0 0 0 0 
636369 -72635 2199111 -921984 545509 1173397 562203 1643710 1693898 -164980 -794219 -559694 212066 380552 1946548 99136 552911 -307976 75496 617270 0 0 0 0 0 0 0 0 0 0 0 0 0 0 0 0 0 0 0 0 
780490 -245338 379487 93468 -91145 -372056 -741890 -759720 131440 -222303 1199876 222112 -402956 -277618 -1258700 559576 -133935 -198286 300021 -180212 0 0 0 0 0 0 0 0 0 0 0 0 0 0 0 0 0 0 0 0 
12936 -683411 -2086460 -214362 -1311431 -192436 1549813 -138796 -581688 359194 -294844 489238 -1871408 -587339 1105770 144137 -1483576 -345200 -39998 -1081394 0 0 0 0 0 0 0 0 0 0 0 0 0 0 0 0 0 0 0 0 
-92561 -597497 607147 -255942 1166406 1381249 -21132 259240 81598 752431 2044626 -650041 -1177720 1618293 1726659 1150382 -548183 -884759 220884 40001 0 0 0 0 0 0 0 0 0 0 0 0 0 0 0 0 0 0 0 0 
1219402 -280345 720278 -1144939 90707 -520513 648883 249939 1299753 327105 100124 337759 -27322 -313464 -1252757 -610047 331834 -726304 290556 -299814 0 0 0 0 0 0 0 0 0 0 0 0 0 0 0 0 0 0 0 0 
-1236808 -815224 31066 -245142 -1448326 -127586 1054479 443233 95838 -868057 1094607 -771702 18306 383635 -806946 -1059501 -620901 740976 -184859 16737 0 0 0 0 0 0 0 0 0 0 0 0 0 0 0 0 0 0 0 0 
-15620 -370159 543723 76083 216561 444889 -453867 -641863 -417866 1407013 -286062 -1086608 668751 -487765 1250423 1352879 731011 208905 -373469 703345 0 0 0 0 0 0 0 0 0 0 0 0 0 0 0 0 0 0 0 0 
683815 417422 1060179 -1609189 1570165 -479759 -1261145 300380 151094 264828 56670 -1391997 525812 1130017 289194 65912 129624 -397978 203177 -887056 0 0 0 0 0 0 0 0 0 0 0 0 0 0 0 0 0 0 0 0 
-823289 1289974 1227379 1157278 430974 -1341817 -297843 794870 795973 -601626 991383 -878846 -195543 -122654 -318441 679469 1061116 -1867732 445834 -21110 0 0 0 0 0 0 0 0 0 0 0 0 0 0 0 0 0 0 0 0 
Round5 done

328498720178203 795474286435256 ratio:0.58704
After LLL, the matrix is:
-62451 -697172 1072963 -984399 -861510 174598 1437183 1020111 352508 -8227 976679 -974509 -1554261 132359 891120 132562 -532837 -378254 175281 -294683 0 0 0 0 0 0 0 0 0 0 0 0 0 0 0 0 0 0 0 0 
-529708 702427 -1005446 448585 1763268 -878470 -357278 119387 -2332179 492456 -1032822 -415782 -448831 -271005 107190 7221 -694462 467881 223738 -216048 0 0 0 0 0 0 0 0 0 0 0 0 0 0 0 0 0 0 0 0 
-2081422 146576 917068 164483 2034368 236361 -114264 736729 495607 -47674 373859 -430790 177401 666069 308183 -102214 25643 -581441 230587 -25569 0 0 0 0 0 0 0 0 0 0 0 0 0 0 0 0 0 0 0 0 
-1103937 -1705826 1310704 -780975 -255798 541712 239659 -1021770 -1528020 2408764 957265 -2233411 -233934 -885571 -202206 1296431 -766508 916588 452869 415576 0 0 0 0 0 0 0 0 0 0 0 0 0 0 0 0 0 0 0 0 
-1824944 47636 -849555 661512 -368862 143379 1473436 -710817 758292 668050 -397246 324262 -620631 -1481557 -1830844 -984927 -307829 107971 34212 -649786 0 0 0 0 0 0 0 0 0 0 0 0 0 0 0 0 0 0 0 0 
-9881 -1295750 136234 -635025 -75448 -957994 649284 1069300 744805 -727615 1104297 793615 -23763 797028 616078 238280 -31979 -1184901 -33109 88458 0 0 0 0 0 0 0 0 0 0 0 0 0 0 0 0 0 0 0 0 
779464 -608058 -968822 -1382945 579229 -360994 190545 272488 -1075030 613074 -943065 -9585 314045 617859 2150867 229423 -626743 188627 -192619 -149287 0 0 0 0 0 0 0 0 0 0 0 0 0 0 0 0 0 0 0 0 
-658799 1488408 -267033 763044 807414 -863976 33057 888252 270560 -1441599 -1033325 -254288 -12004 -343134 1256002 -261622 576337 -371629 -462104 -40803 0 0 0 0 0 0 0 0 0 0 0 0 0 0 0 0 0 0 0 0 
-597470 -1172460 604262 -1099598 2544252 -1065117 1838620 -120749 -380571 1860617 -769566 -713090 738594 -1652472 -1532646 -1022023 389450 683722 -114441 493196 0 0 0 0 0 0 0 0 0 0 0 0 0 0 0 0 0 0 0 0 
-1030818 261997 -508701 -1601798 -226418 -722828 -775673 710217 -701220 -763740 -619468 -106766 -474072 1192595 1090979 -300631 -1638951 -207193 379935 -1682325 0 0 0 0 0 0 0 0 0 0 0 0 0 0 0 0 0 0 0 0 
-1615072 155625 -43493 223903 528284 536422 -289934 -171756 219262 875405 -354540 -1058423 846796 493028 -1394651 -822012 -79700 357705 313487 -375759 0 0 0 0 0 0 0 0 0 0 0 0 0 0 0 0 0 0 0 0 
1398738 -204476 1381653 110038 -380268 -538434 777928 1823180 685947 -965539 -153538 258514 -751974 -377353 210766 217428 427570 -632182 228157 664536 0 0 0 0 0 0 0 0 0 0 0 0 0 0 0 0 0 0 0 0 
-184209 88210 105585 -751115 60514 -182134 -450944 109877 1878411 -667879 -98232 -684402 1194712 761140 646328 -301856 430421 -491464 -264953 -530013 0 0 0 0 0 0 0 0 0 0 0 0 0 0 0 0 0 0 0 0 
1058416 -122989 -268083 507071 -1521798 25179 -114168 299533 -264950 -921930 1045467 174561 -1564822 276359 785747 899641 -549004 -641798 118409 -282321 0 0 0 0 0 0 0 0 0 0 0 0 0 0 0 0 0 0 0 0 
-91450 456454 1120389 -126512 1612931 133010 -1393740 17429 -587980 233314 388554 -591802 859159 883445 -1126501 -236115 404760 264526 131515 299696 0 0 0 0 0 0 0 0 0 0 0 0 0 0 0 0 0 0 0 0 
-624250 108540 -1039449 112537 -959160 -659621 -255031 -384464 -1066596 212529 -619254 366576 -71493 -281976 -1179886 -479544 -677966 44070 603224 -807897 0 0 0 0 0 0 0 0 0 0 0 0 0 0 0 0 0 0 0 0 
1085904 730308 575416 -561413 -254523 -288042 1069170 821438 1477986 -1100711 -212131 664792 -289575 -445662 -1072377 -1590574 297857 -531135 -10431 -128585 0 0 0 0 0 0 0 0 0 0 0 0 0 0 0 0 0 0 0 0 
743533 740818 70277 -271877 1652126 -101483 145887 143399 -565454 195888 -423991 385384 -188790 -83881 -669130 -862739 74975 392254 -84590 91179 0 0 0 0 0 0 0 0 0 0 0 0 0 0 0 0 0 0 0 0 
295875 826739 -526913 1563689 -1164519 1209424 -562489 -1468447 177813 192877 469770 416138 -151605 -637238 -790381 477065 320249 159982 9444 215172 0 0 0 0 0 0 0 0 0 0 0 0 0 0 0 0 0 0 0 0 
-723639 -801700 835073 -381870 203764 117251 1003806 -246678 -896505 1482268 635286 -1479317 -669011 -312755 -1185100 -337867 -425096 540937 270236 -89220 0 0 0 0 0 0 0 0 0 0 0 0 0 0 0 0 0 0 0 0 

After reduction, the matrix is:
-52570 598578 936729 -349374 -786062 1132592 787899 -49189 -392297 719388 -127618 -1768124 -1530498 -664669 275042 -105718 -500858 806647 208390 -383141 0 0 0 0 0 0 0 0 0 0 0 0 0 0 0 0 0 0 0 0 
-418042 1617376 -1426774 1261159 659263 148820 -1370711 -1239183 -275955 17454 -661284 -684046 594276 -147103 -36863 182430 56208 136399 -31771 -530889 0 0 0 0 0 0 0 0 0 0 0 0 0 0 0 0 0 0 0 0 
-1090600 99491 -78888 53117 546924 -959682 -79361 524021 -790251 -710550 109145 994209 -740888 -108935 522948 240254 -572623 -895076 520324 -457707 0 0 0 0 0 0 0 0 0 0 0 0 0 0 0 0 0 0 0 0 
758176 -772396 114318 -611144 71977 -996173 -482876 95535 1238768 -893603 237466 1678822 1676000 -353809 -364525 149442 457303 -962131 -36188 759352 0 0 0 0 0 0 0 0 0 0 0 0 0 0 0 0 0 0 0 0 
-1880463 -844786 -768265 -576068 171172 16878 124354 -564299 -339264 1318550 -527766 -662509 741363 103628 -137348 -128880 -604787 168870 57698 -590556 0 0 0 0 0 0 0 0 0 0 0 0 0 0 0 0 0 0 0 0 
-427923 321626 -1290540 626134 583815 -809174 -721427 -169883 468850 -710161 443013 109569 570513 649925 579215 420710 24229 -1048502 -64880 -442431 0 0 0 0 0 0 0 0 0 0 0 0 0 0 0 0 0 0 0 0 
1075339 218681 -1495735 180744 -585290 848430 -371944 -1195959 -897217 805951 -473295 406553 162440 -19379 1360486 706488 -306494 348609 -183175 65885 0 0 0 0 0 0 0 0 0 0 0 0 0 0 0 0 0 0 0 0 
-230876 1166782 1023507 136910 223599 -54802 754484 1058135 -198290 -731438 -1476338 -363857 -582517 -993059 676787 -682332 552108 676873 -397224 401628 0 0 0 0 0 0 0 0 0 0 0 0 0 0 0 0 0 0 0 0 
1186876 -528185 -1484025 555225 719479 -941256 475008 -1065691 95780 441969 151909 80157 918974 -1041673 1213533 1096794 636997 -577295 -335604 616027 0 0 0 0 0 0 0 0 0 0 0 0 0 0 0 0 0 0 0 0 
59782 162506 -429813 -1654915 -773342 236854 -696312 186196 89031 -53190 -728613 -1100975 266816 1301530 568031 -540885 -1066328 687883 -140389 -1224618 0 0 0 0 0 0 0 0 0 0 0 0 0 0 0 0 0 0 0 0 
265391 1000411 724772 799971 357112 519544 -414288 392543 558526 -443145 173226 -395914 105433 389400 -1257303 -693132 525087 188835 255789 214797 0 0 0 0 0 0 0 0 0 0 0 0 0 0 0 0 0 0 0 0 
-899767 568114 -813386 795129 450167 -372736 -468429 19698 70728 370465 -1342588 -1088041 583665 -420828 36555 270978 -121009 -326913 254084 -456909 0 0 0 0 0 0 0 0 0 0 0 0 0 0 0 0 0 0 0 0 
-184209 88210 105585 -751115 60514 -182134 -450944 109877 1878411 -667879 -98232 -684402 1194712 761140 646328 -301856 430421 -491464 -264953 -530013 0 0 0 0 0 0 0 0 0 0 0 0 0 0 0 0 0 0 0 0 
-556656 32636 -311576 730974 -993514 561601 -404102 127777 -45688 -46525 690927 -883862 -718026 769387 -608904 77629 -628704 -284093 431896 -658080 0 0 0 0 0 0 0 0 0 0 0 0 0 0 0 0 0 0 0 0 
-356841 -543957 395617 -926483 1255819 -386534 -979452 -375114 -1146506 676459 215328 -195888 753726 494045 130802 457017 -120327 75691 -124274 84899 0 0 0 0 0 0 0 0 0 0 0 0 0 0 0 0 0 0 0 0 
-624250 108540 -1039449 112537 -959160 -659621 -255031 -384464 -1066596 212529 -619254 366576 -71493 -281976 -1179886 -479544 -677966 44070 603224 -807897 0 0 0 0 0 0 0 0 0 0 0 0 0 0 0 0 0 0 0 0 
-794559 -114478 -192849 -1137481 -83351 -271164 1193524 257139 1138722 217839 -739897 2283 451788 -342034 -1209725 -1719454 -306930 -362265 47267 -719141 0 0 0 0 0 0 0 0 0 0 0 0 0 0 0 0 0 0 0 0 
743533 740818 70277 -271877 1652126 -101483 145887 143399 -565454 195888 -423991 385384 -188790 -83881 -669130 -862739 74975 392254 -84590 91179 0 0 0 0 0 0 0 0 0 0 0 0 0 0 0 0 0 0 0 0 
295875 826739 -526913 1563689 -1164519 1209424 -562489 -1468447 177813 192877 469770 416138 -151605 -637238 -790381 477065 320249 159982 9444 215172 0 0 0 0 0 0 0 0 0 0 0 0 0 0 0 0 0 0 0 0 
-314228 -856321 -497273 893987 -265993 -628807 1195359 177625 642298 86421 547576 484695 107761 -142131 -1590944 -689166 196089 -341401 186120 209022 0 0 0 0 0 0 0 0 0 0 0 0 0 0 0 0 0 0 0 0 
Round6 done

185223188934248 328498720178203 ratio:0.436152
After LLL, the matrix is:
-52570 598578 936729 -349374 -786062 1132592 787899 -49189 -392297 719388 -127618 -1768124 -1530498 -664669 275042 -105718 -500858 806647 208390 -383141 0 0 0 0 0 0 0 0 0 0 0 0 0 0 0 0 0 0 0 0 
-418042 1617376 -1426774 1261159 659263 148820 -1370711 -1239183 -275955 17454 -661284 -684046 594276 -147103 -36863 182430 56208 136399 -31771 -530889 0 0 0 0 0 0 0 0 0 0 0 0 0 0 0 0 0 0 0 0 
-1090600 99491 -78888 53117 546924 -959682 -79361 524021 -790251 -710550 109145 994209 -740888 -108935 522948 240254 -572623 -895076 520324 -457707 0 0 0 0 0 0 0 0 0 0 0 0 0 0 0 0 0 0 0 0 
705606 -173818 1051047 -960518 -714085 136419 305023 46346 846471 -174215 109848 -89302 145502 -1018478 -89483 43724 -43555 -155484 172202 376211 0 0 0 0 0 0 0 0 0 0 0 0 0 0 0 0 0 0 0 0 
-1174857 -1018604 282782 -1536586 -542913 153297 429377 -517953 507207 1144335 -417918 -751811 886865 -914850 -226831 -85156 -648342 13386 229900 -214345 0 0 0 0 0 0 0 0 0 0 0 0 0 0 0 0 0 0 0 0 
-480493 920204 -353811 276760 -202247 323418 66472 -219072 76553 9227 315395 -1658555 -959985 -14744 854257 314992 -476629 -241855 143510 -825572 0 0 0 0 0 0 0 0 0 0 0 0 0 0 0 0 0 0 0 0 
1758772 -398284 655811 -280444 -887441 1219154 584479 435767 -62736 345352 361215 694685 -326403 517124 140046 -169074 162385 401045 104385 811571 0 0 0 0 0 0 0 0 0 0 0 0 0 0 0 0 0 0 0 0 
669217 -4640 -293937 337808 -57497 -123139 201220 -664495 -681596 374169 -668681 -650738 -495520 -532664 241925 286398 509264 1340312 -1045518 88115 0 0 0 0 0 0 0 0 0 0 0 0 0 0 0 0 0 0 0 0 
-780490 245338 -379487 -93468 91145 372056 741890 759720 -131440 222303 -1199876 -222112 402956 277618 1258700 -559576 133935 198286 -300021 180212 0 0 0 0 0 0 0 0 0 0 0 0 0 0 0 0 0 0 0 0 
309097 1170295 98588 1058939 837453 -248802 769258 -198316 -528242 7662 306662 -1089672 -1246979 -1425877 754220 538198 88603 -476889 648899 -10024 0 0 0 0 0 0 0 0 0 0 0 0 0 0 0 0 0 0 0 0 
849372 412597 22586 -872736 266358 -335366 6474 206952 -515764 -54755 -737346 -532092 -20178 -109603 467994 -317679 -501096 452849 365000 -409070 0 0 0 0 0 0 0 0 0 0 0 0 0 0 0 0 0 0 0 0 
-481725 -1049262 613388 -466030 -209096 -521556 902282 1258881 346683 353011 -681304 -403995 -10611 -273725 73418 88548 -177217 -463312 285855 73980 0 0 0 0 0 0 0 0 0 0 0 0 0 0 0 0 0 0 0 0 
-846886 -133925 1317237 -1324132 23623 -332642 191122 803781 619310 -668268 -432100 200238 -116689 2280 590061 -482312 -166431 -338038 320251 -545289 0 0 0 0 0 0 0 0 0 0 0 0 0 0 0 0 0 0 0 0 
211257 -951100 812176 -664067 -834227 96877 983455 35750 200552 437337 -32277 -713036 -486254 -919931 615475 271401 -182367 -150924 481423 -144911 0 0 0 0 0 0 0 0 0 0 0 0 0 0 0 0 0 0 0 0 
298303 -977927 733450 -161397 -88790 -485528 -389375 643904 -100642 -440000 997050 1281413 -91457 994023 -424094 210564 579248 -282123 -126815 412369 0 0 0 0 0 0 0 0 0 0 0 0 0 0 0 0 0 0 0 0 
-423838 313788 -444936 -12517 157513 -389790 660964 459410 -46815 -92530 554916 608515 242093 -98968 1040211 230295 122985 -968486 311875 407683 0 0 0 0 0 0 0 0 0 0 0 0 0 0 0 0 0 0 0 0 
-1079732 1230952 -116591 580319 -117084 748108 54537 -723981 304580 136195 -201812 -1012167 738548 -790032 -43580 -144880 -151723 -204597 236474 -103411 0 0 0 0 0 0 0 0 0 0 0 0 0 0 0 0 0 0 0 0 
-821622 -297790 -423926 427573 -208955 -114106 -617232 -141771 -731870 -325384 289372 427622 -672334 253027 -357403 275681 -582414 36354 -78268 -693777 0 0 0 0 0 0 0 0 0 0 0 0 0 0 0 0 0 0 0 0 
337867 -25731 -142890 -40325 -745991 -459786 -411624 -145180 -161046 -332604 264363 -484587 -689569 107749 -365968 434503 -673086 28565 -207596 -912258 0 0 0 0 0 0 0 0 0 0 0 0 0 0 0 0 0 0 0 0 
327695 -606771 1218008 -371929 -650985 167401 409172 9046 97688 -82881 779105 270268 -789132 -608765 -888011 90926 533108 195741 -104531 634087 0 0 0 0 0 0 0 0 0 0 0 0 0 0 0 0 0 0 0 0 

After reduction, the matrix is:
-1330849 76658 634729 -345690 303626 -409980 136948 -265884 -406114 364809 -804228 -804254 -244110 -1167049 -719261 -251636 -186614 647457 -39505 -369140 0 0 0 0 0 0 0 0 0 0 0 0 0 0 0 0 0 0 0 0 
-572072 -38657 404622 423200 -200818 -205335 -59257 28744 168416 287584 -563483 -817773 -205467 -1029593 -851456 361904 412099 -131172 149553 177178 0 0 0 0 0 0 0 0 0 0 0 0 0 0 0 0 0 0 0 0 
154860 83493 789974 -361939 598366 -455786 -123093 206382 -11566 -292636 -735143 -41928 -310647 -262994 -159860 -265722 -113194 37056 286717 -171613 0 0 0 0 0 0 0 0 0 0 0 0 0 0 0 0 0 0 0 0 
-471461 20356 -189547 284147 -329458 304384 -110623 -169652 1264547 -36579 68089 172522 954812 -300110 330534 270477 -75567 -804074 -88267 151194 0 0 0 0 0 0 0 0 0 0 0 0 0 0 0 0 0 0 0 0 
792577 37493 -175361 -1086805 -39077 629047 -732946 -1304568 555072 133879 332471 414510 830939 262930 259152 -187790 -397705 -133703 270267 -90798 0 0 0 0 0 0 0 0 0 0 0 0 0 0 0 0 0 0 0 0 
-520057 -31992 522529 155688 454954 297676 88721 570012 136957 -98169 1048082 107445 -361873 871530 796131 91053 775705 -552543 224291 499055 0 0 0 0 0 0 0 0 0 0 0 0 0 0 0 0 0 0 0 0 
409257 60163 262472 123410 -353433 574101 -540258 -768535 829449 534160 45847 14797 770475 -618888 -619370 318417 -766839 -149599 381165 -220674 0 0 0 0 0 0 0 0 0 0 0 0 0 0 0 0 0 0 0 0 
197756 15716 -483484 621955 -386955 181245 90597 -834147 582951 337590 -600592 -478216 459292 -832774 572459 556875 433697 536238 -1133785 239309 0 0 0 0 0 0 0 0 0 0 0 0 0 0 0 0 0 0 0 0 
-442623 219607 -522377 -133793 -654846 -87730 330266 614540 -292486 -110301 -935513 -706699 -286613 385367 892732 -125073 -539151 226851 -507617 -732046 0 0 0 0 0 0 0 0 0 0 0 0 0 0 0 0 0 0 0 0 
1305007 895164 138902 648256 880758 346323 167551 -686470 -649843 -187392 315229 -880414 -1283605 -297316 565465 -54001 -446481 622769 187471 -594885 0 0 0 0 0 0 0 0 0 0 0 0 0 0 0 0 0 0 0 0 
694512 329104 -767388 -510797 -332008 120420 129567 570 -504198 237881 -2203 -490164 290469 153391 627854 -51957 -387902 415793 78283 -237457 0 0 0 0 0 0 0 0 0 0 0 0 0 0 0 0 0 0 0 0 
-847842 -181655 -988762 559976 26765 -162647 41920 1016749 157697 208310 86116 350969 786290 909200 -382197 82869 118344 -349444 -482285 390504 0 0 0 0 0 0 0 0 0 0 0 0 0 0 0 0 0 0 0 0 
-1001746 -217418 527263 -962193 -574743 123144 314215 597399 630876 -375632 303043 242166 193958 265274 749921 -216590 -53237 -375094 33534 -373676 0 0 0 0 0 0 0 0 0 0 0 0 0 0 0 0 0 0 0 0 
365161 -915337 -703849 858102 -232719 -188914 711160 455100 -272627 1021279 -249204 -604233 106078 -276005 -516643 570860 -10786 -125274 -34396 619269 0 0 0 0 0 0 0 0 0 0 0 0 0 0 0 0 0 0 0 0 
-261372 285017 94330 263234 -660828 -35096 -423559 -650089 66981 -205636 -252844 161801 1008964 -667539 -1263805 -25369 -348180 65823 -114632 -190097 0 0 0 0 0 0 0 0 0 0 0 0 0 0 0 0 0 0 0 0 
-423838 313788 -444936 -12517 157513 -389790 660964 459410 -46815 -92530 554916 608515 242093 -98968 1040211 230295 122985 -968486 311875 407683 0 0 0 0 0 0 0 0 0 0 0 0 0 0 0 0 0 0 0 0 
12361 437765 -435088 653282 449381 308743 701861 -91243 -148029 577254 -622676 -840555 739446 -299438 131373 -201646 -687802 -161643 339242 167067 0 0 0 0 0 0 0 0 0 0 0 0 0 0 0 0 0 0 0 0 
-1159489 -272059 -281036 467898 537036 345680 -205608 3409 -570824 7220 25009 912209 17235 145278 8565 -158822 90672 7789 129328 218481 0 0 0 0 0 0 0 0 0 0 0 0 0 0 0 0 0 0 0 0 
337867 -25731 -142890 -40325 -745991 -459786 -411624 -145180 -161046 -332604 264363 -484587 -689569 107749 -365968 434503 -673086 28565 -207596 -912258 0 0 0 0 0 0 0 0 0 0 0 0 0 0 0 0 0 0 0 0 
-114928 -387164 695631 -505722 -1305831 79671 739438 623586 -194798 -193182 -156408 -436431 -1075745 -223398 4721 -34147 -6043 422592 -612148 -97959 0 0 0 0 0 0 0 0 0 0 0 0 0 0 0 0 0 0 0 0 
Round7 done

98277401841295 185223188934248 ratio:0.469411
After LLL, the matrix is:
-1330849 76658 634729 -345690 303626 -409980 136948 -265884 -406114 364809 -804228 -804254 -244110 -1167049 -719261 -251636 -186614 647457 -39505 -369140 0 0 0 0 0 0 0 0 0 0 0 0 0 0 0 0 0 0 0 0 
758777 -115315 -230107 768890 -504444 204645 -196205 294628 574530 -77225 240745 -13519 38643 137456 -132195 613540 598713 -778629 189058 546318 0 0 0 0 0 0 0 0 0 0 0 0 0 0 0 0 0 0 0 0 
154860 83493 789974 -361939 598366 -455786 -123093 206382 -11566 -292636 -735143 -41928 -310647 -262994 -159860 -265722 -113194 37056 286717 -171613 0 0 0 0 0 0 0 0 0 0 0 0 0 0 0 0 0 0 0 0 
-471461 20356 -189547 284147 -329458 304384 -110623 -169652 1264547 -36579 68089 172522 954812 -300110 330534 270477 -75567 -804074 -88267 151194 0 0 0 0 0 0 0 0 0 0 0 0 0 0 0 0 0 0 0 0 
691966 -21520 418808 -947752 89563 119328 -681580 -1106172 -541059 458042 -299101 -575785 -329340 -466553 -922838 -96363 89961 539199 508087 -64814 0 0 0 0 0 0 0 0 0 0 0 0 0 0 0 0 0 0 0 0 
-520057 -31992 522529 155688 454954 297676 88721 570012 136957 -98169 1048082 107445 -361873 871530 796131 91053 775705 -552543 224291 499055 0 0 0 0 0 0 0 0 0 0 0 0 0 0 0 0 0 0 0 0 
188752 61327 33211 787015 -113538 150389 251945 507289 105961 112697 276859 418060 145003 147775 -27066 144303 -781233 115276 -38655 -307054 0 0 0 0 0 0 0 0 0 0 0 0 0 0 0 0 0 0 0 0 
558417 23531 491064 616906 44024 748638 -250317 -863018 284810 810160 425248 -528496 -86918 -280022 418686 695868 518130 638170 -440062 366496 0 0 0 0 0 0 0 0 0 0 0 0 0 0 0 0 0 0 0 0 
-442623 219607 -522377 -133793 -654846 -87730 330266 614540 -292486 -110301 -935513 -706699 -286613 385367 892732 -125073 -539151 226851 -507617 -732046 0 0 0 0 0 0 0 0 0 0 0 0 0 0 0 0 0 0 0 0 
694512 329104 -767388 -510797 -332008 120420 129567 570 -504198 237881 -2203 -490164 290469 153391 627854 -51957 -387902 415793 78283 -237457 0 0 0 0 0 0 0 0 0 0 0 0 0 0 0 0 0 0 0 0 
-102782 459036 -374748 904086 570376 -66949 411394 -30404 -418889 -942797 627327 180174 -1176509 92309 -321215 -432190 -463515 -468250 262533 -552311 0 0 0 0 0 0 0 0 0 0 0 0 0 0 0 0 0 0 0 0 
-155876 -203175 -569954 -387776 116328 -43319 -639660 -89423 -383362 666352 -212985 -224816 456950 442647 -1305035 -13494 208305 189755 25802 325690 0 0 0 0 0 0 0 0 0 0 0 0 0 0 0 0 0 0 0 0 
906162 359256 -133896 67177 -82101 630793 -354099 116134 172201 26103 646032 -876583 -594054 548061 -121844 329455 307300 -341199 435865 -96553 0 0 0 0 0 0 0 0 0 0 0 0 0 0 0 0 0 0 0 0 
877287 -557373 -230658 -310941 264706 -82597 781950 -740586 -198730 -81738 -390187 -460049 -851701 -451150 253280 -245034 -529173 275047 -226863 -481014 0 0 0 0 0 0 0 0 0 0 0 0 0 0 0 0 0 0 0 0 
95858 -304348 386201 107981 58832 179983 447112 -820663 5208 -385543 405051 -190803 -204610 -247159 -214394 -179350 -101648 -211673 -117204 -172056 0 0 0 0 0 0 0 0 0 0 0 0 0 0 0 0 0 0 0 0 
398611 255217 -582495 775700 226425 250700 593722 130208 467874 -263733 -35689 -184533 -177588 958157 900805 367342 -487136 -700803 -964838 -446361 0 0 0 0 0 0 0 0 0 0 0 0 0 0 0 0 0 0 0 0 
549924 147940 -113394 413254 311674 -39810 920914 479733 -190676 -714736 162778 1085166 -692742 94785 -161671 -534132 -233350 238420 73344 -184031 0 0 0 0 0 0 0 0 0 0 0 0 0 0 0 0 0 0 0 0 
242024 -15730 154290 101981 199990 -158376 -42016 -126710 263265 213566 372197 471725 154536 278915 302515 297141 -288259 532341 -483353 -66371 0 0 0 0 0 0 0 0 0 0 0 0 0 0 0 0 0 0 0 0 
242932 -143395 -135365 -331980 -123996 293179 148012 -601425 -248924 -356812 169499 378760 -712836 115691 -363232 -6672 -375155 -84328 620299 -362230 0 0 0 0 0 0 0 0 0 0 0 0 0 0 0 0 0 0 0 0 
893649 -452241 10650 -908073 -694831 241936 5386 129079 -72962 85099 -732994 -373297 301465 14423 -69301 159987 -576019 263799 -226784 87157 0 0 0 0 0 0 0 0 0 0 0 0 0 0 0 0 0 0 0 0 

After reduction, the matrix is:
364464 274717 -208476 14384 -332836 -243291 28294 -97396 -72517 739031 -193489 -836212 239538 -597287 78913 607088 -264062 816962 -255517 -126650 0 0 0 0 0 0 0 0 0 0 0 0 0 0 0 0 0 0 0 0 
-147385 -474571 -96211 701713 -422343 -426148 157894 178494 402329 -103328 -405287 863064 632697 -410605 -10351 284085 291413 -437430 -246807 642871 0 0 0 0 0 0 0 0 0 0 0 0 0 0 0 0 0 0 0 0 
154860 83493 789974 -361939 598366 -455786 -123093 206382 -11566 -292636 -735143 -41928 -310647 -262994 -159860 -265722 -113194 37056 286717 -171613 0 0 0 0 0 0 0 0 0 0 0 0 0 0 0 0 0 0 0 0 
-324076 494927 -93336 -417566 92885 730532 -268517 -348146 862218 66749 473376 -690542 322115 110495 340885 -13608 -366980 -366644 158540 -491677 0 0 0 0 0 0 0 0 0 0 0 0 0 0 0 0 0 0 0 0 
-229347 -247149 355960 562871 -646210 53515 147246 764163 -188298 258941 -314960 106085 -200126 527514 728608 298005 -163305 -108647 -60701 38012 0 0 0 0 0 0 0 0 0 0 0 0 0 0 0 0 0 0 0 0 
87339 99330 178688 -161908 -1878 347564 265027 -128809 -184484 284050 1024092 -350007 -835171 389934 511812 691469 136488 180091 589073 10175 0 0 0 0 0 0 0 0 0 0 0 0 0 0 0 0 0 0 0 0 
-53272 77057 -121079 685034 -313528 308765 293961 633999 -157304 -100869 -95338 -53665 -9533 -131140 -329581 -152838 -492974 -417065 444698 -240683 0 0 0 0 0 0 0 0 0 0 0 0 0 0 0 0 0 0 0 0 
-647281 -286796 759658 -306971 -504411 653499 -542067 -281290 -403033 224561 -281087 -214450 -435481 -255525 331700 -403635 730177 748862 272676 207461 0 0 0 0 0 0 0 0 0 0 0 0 0 0 0 0 0 0 0 0 
-907788 137652 -110949 -185867 323372 -261665 53453 -150193 400010 -607123 -618350 -322620 -376956 -295538 -463730 -371121 12056 -80295 -525199 -532601 0 0 0 0 0 0 0 0 0 0 0 0 0 0 0 0 0 0 0 0 
694512 329104 -767388 -510797 -332008 120420 129567 570 -504198 237881 -2203 -490164 290469 153391 627854 -51957 -387902 415793 78283 -237457 0 0 0 0 0 0 0 0 0 0 0 0 0 0 0 0 0 0 0 0 
-562333 1214069 -231487 544377 286362 -536408 -636223 -21213 -135372 -21159 919363 -142324 -75737 77312 -166001 572770 294570 490730 -210819 42736 0 0 0 0 0 0 0 0 0 0 0 0 0 0 0 0 0 0 0 0 
-155876 -203175 -569954 -387776 116328 -43319 -639660 -89423 -383362 666352 -212985 -224816 456950 442647 -1305035 -13494 208305 189755 25802 325690 0 0 0 0 0 0 0 0 0 0 0 0 0 0 0 0 0 0 0 0 
758777 -115315 -230107 768890 -504444 204645 -196205 294628 574530 -77225 240745 -13519 38643 137456 -132195 613540 598713 -778629 189058 546318 0 0 0 0 0 0 0 0 0 0 0 0 0 0 0 0 0 0 0 0 
781429 -253025 -616859 -418922 205874 -262580 334838 80077 -203938 303805 -795238 -269246 -647091 -203991 467674 -65684 -427525 486720 -109659 -308958 0 0 0 0 0 0 0 0 0 0 0 0 0 0 0 0 0 0 0 0 
95858 -304348 386201 107981 58832 179983 447112 -820663 5208 -385543 405051 -190803 -204610 -247159 -214394 -179350 -101648 -211673 -117204 -172056 0 0 0 0 0 0 0 0 0 0 0 0 0 0 0 0 0 0 0 0 
-115181 519918 -564998 -202123 309392 670701 -542703 -94582 247931 87430 -406867 -314265 -208333 422277 718291 -154948 507994 368379 -514257 -104856 0 0 0 0 0 0 0 0 0 0 0 0 0 0 0 0 0 0 0 0 
306992 291335 21971 745234 435670 -332989 772902 1081158 58248 -357924 -6721 706406 20094 -20906 201561 -527460 141805 322748 -546955 178199 0 0 0 0 0 0 0 0 0 0 0 0 0 0 0 0 0 0 0 0 
242024 -15730 154290 101981 199990 -158376 -42016 -126710 263265 213566 372197 471725 154536 278915 302515 297141 -288259 532341 -483353 -66371 0 0 0 0 0 0 0 0 0 0 0 0 0 0 0 0 0 0 0 0 
147074 160953 -521566 -439961 -182828 113196 -299100 219238 -254132 28731 -235552 569563 -508226 362850 -148838 172678 -273507 127345 737503 -190174 0 0 0 0 0 0 0 0 0 0 0 0 0 0 0 0 0 0 0 0 
199137 -781345 778038 -397276 -362823 121516 -124181 128509 431236 -152782 -730791 116867 10996 -138968 -697155 211944 -188117 -151994 -305067 324614 0 0 0 0 0 0 0 0 0 0 0 0 0 0 0 0 0 0 0 0 
Round8 done

63824990242658 98277401841295 ratio:0.350563
After LLL, the matrix is:
364464 274717 -208476 14384 -332836 -243291 28294 -97396 -72517 739031 -193489 -836212 239538 -597287 78913 607088 -264062 816962 -255517 -126650 0 0 0 0 0 0 0 0 0 0 0 0 0 0 0 0 0 0 0 0 
-147385 -474571 -96211 701713 -422343 -426148 157894 178494 402329 -103328 -405287 863064 632697 -410605 -10351 284085 291413 -437430 -246807 642871 0 0 0 0 0 0 0 0 0 0 0 0 0 0 0 0 0 0 0 0 
154860 83493 789974 -361939 598366 -455786 -123093 206382 -11566 -292636 -735143 -41928 -310647 -262994 -159860 -265722 -113194 37056 286717 -171613 0 0 0 0 0 0 0 0 0 0 0 0 0 0 0 0 0 0 0 0 
-324076 494927 -93336 -417566 92885 730532 -268517 -348146 862218 66749 473376 -690542 322115 110495 340885 -13608 -366980 -366644 158540 -491677 0 0 0 0 0 0 0 0 0 0 0 0 0 0 0 0 0 0 0 0 
-229347 -247149 355960 562871 -646210 53515 147246 764163 -188298 258941 -314960 106085 -200126 527514 728608 298005 -163305 -108647 -60701 38012 0 0 0 0 0 0 0 0 0 0 0 0 0 0 0 0 0 0 0 0 
87339 99330 178688 -161908 -1878 347564 265027 -128809 -184484 284050 1024092 -350007 -835171 389934 511812 691469 136488 180091 589073 10175 0 0 0 0 0 0 0 0 0 0 0 0 0 0 0 0 0 0 0 0 
-53272 77057 -121079 685034 -313528 308765 293961 633999 -157304 -100869 -95338 -53665 -9533 -131140 -329581 -152838 -492974 -417065 444698 -240683 0 0 0 0 0 0 0 0 0 0 0 0 0 0 0 0 0 0 0 0 
-471206 37410 282619 -184808 -171729 908749 -395352 -411454 -372039 -135249 -61465 -374200 -244888 -914179 -726489 -854478 400508 440444 778075 -71234 0 0 0 0 0 0 0 0 0 0 0 0 0 0 0 0 0 0 0 0 
-907788 137652 -110949 -185867 323372 -261665 53453 -150193 400010 -607123 -618350 -322620 -376956 -295538 -463730 -371121 12056 -80295 -525199 -532601 0 0 0 0 0 0 0 0 0 0 0 0 0 0 0 0 0 0 0 0 
694512 329104 -767388 -510797 -332008 120420 129567 570 -504198 237881 -2203 -490164 290469 153391 627854 -51957 -387902 415793 78283 -237457 0 0 0 0 0 0 0 0 0 0 0 0 0 0 0 0 0 0 0 0 
139654 1152095 -305112 373354 130377 -1297922 -471855 364233 -248807 -179242 -223270 188648 536782 -442896 291642 539176 84887 506149 -92626 276537 0 0 0 0 0 0 0 0 0 0 0 0 0 0 0 0 0 0 0 0 
-429198 -111660 -1365814 -544635 -316529 -263148 -33719 -189361 -269705 477832 -214733 -524543 167989 279829 -639450 538982 260360 267914 -78848 208678 0 0 0 0 0 0 0 0 0 0 0 0 0 0 0 0 0 0 0 0 
758777 -115315 -230107 768890 -504444 204645 -196205 294628 574530 -77225 240745 -13519 38643 137456 -132195 613540 598713 -778629 189058 546318 0 0 0 0 0 0 0 0 0 0 0 0 0 0 0 0 0 0 0 0 
-67943 -665622 -639445 453814 -60484 72786 328364 -126875 311826 358560 -57892 262846 -626913 -94388 -320 251995 73571 33871 -474659 100112 0 0 0 0 0 0 0 0 0 0 0 0 0 0 0 0 0 0 0 0 
-56822 364608 -634624 -194442 290922 -396500 -479130 47637 -84462 -7969 -474537 -244462 24482 783897 230467 -42043 -502204 -321302 59669 -205802 0 0 0 0 0 0 0 0 0 0 0 0 0 0 0 0 0 0 0 0 
617677 -237800 -130143 64627 -277761 1098680 467235 -161669 -500984 401306 45857 -558122 -212660 -427546 -391731 199288 550686 446208 486636 257873 0 0 0 0 0 0 0 0 0 0 0 0 0 0 0 0 0 0 0 0 
-606006 344156 618667 28378 5674 -16159 25891 593941 185040 -162013 117898 -128783 139543 195684 386322 -831798 -505196 15285 458187 -206963 0 0 0 0 0 0 0 0 0 0 0 0 0 0 0 0 0 0 0 0 
242024 -15730 154290 101981 199990 -158376 -42016 -126710 263265 213566 372197 471725 154536 278915 302515 297141 -288259 532341 -483353 -66371 0 0 0 0 0 0 0 0 0 0 0 0 0 0 0 0 0 0 0 0 
-35190 -372986 -372421 207846 -708132 61073 541338 -440527 328941 414769 -362375 -306118 408819 -227385 -515979 304291 151606 5467 -383888 339213 0 0 0 0 0 0 0 0 0 0 0 0 0 0 0 0 0 0 0 0 
-510705 -81269 135387 -687062 113873 85599 -379715 97392 191185 -174964 -339680 578445 187219 -89303 149549 -157141 -455087 -468997 361199 388890 0 0 0 0 0 0 0 0 0 0 0 0 0 0 0 0 0 0 0 0 

After reduction, the matrix is:
-146241 193448 -73089 -672678 -218963 -157692 -351421 -4 118668 564067 -533169 -257767 426757 -686590 228462 449947 -719149 347965 105682 262240 0 0 0 0 0 0 0 0 0 0 0 0 0 0 0 0 0 0 0 0 
-273322 91515 -795860 -156859 -432857 -219829 605941 -99938 113657 -188520 -1748 -299727 -288961 -162818 665585 552476 52055 78159 -104650 -117012 0 0 0 0 0 0 0 0 0 0 0 0 0 0 0 0 0 0 0 0 
154860 83493 789974 -361939 598366 -455786 -123093 206382 -11566 -292636 -735143 -41928 -310647 -262994 -159860 -265722 -113194 37056 286717 -171613 0 0 0 0 0 0 0 0 0 0 0 0 0 0 0 0 0 0 0 0 
-324076 494927 -93336 -417566 92885 730532 -268517 -348146 862218 66749 473376 -690542 322115 110495 340885 -13608 -366980 -366644 158540 -491677 0 0 0 0 0 0 0 0 0 0 0 0 0 0 0 0 0 0 0 0 
-229347 -247149 355960 562871 -646210 53515 147246 764163 -188298 258941 -314960 106085 -200126 527514 728608 298005 -163305 -108647 -60701 38012 0 0 0 0 0 0 0 0 0 0 0 0 0 0 0 0 0 0 0 0 
87339 99330 178688 -161908 -1878 347564 265027 -128809 -184484 284050 1024092 -350007 -835171 389934 511812 691469 136488 180091 589073 10175 0 0 0 0 0 0 0 0 0 0 0 0 0 0 0 0 0 0 0 0 
-53272 77057 -121079 685034 -313528 308765 293961 633999 -157304 -100869 -95338 -53665 -9533 -131140 -329581 -152838 -492974 -417065 444698 -240683 0 0 0 0 0 0 0 0 0 0 0 0 0 0 0 0 0 0 0 0 
-647281 -286796 759658 -306971 -504411 653499 -542067 -281290 -403033 224561 -281087 -214450 -435481 -255525 331700 -403635 730177 748862 272676 207461 0 0 0 0 0 0 0 0 0 0 0 0 0 0 0 0 0 0 0 0 
-907788 137652 -110949 -185867 323372 -261665 53453 -150193 400010 -607123 -618350 -322620 -376956 -295538 -463730 -371121 12056 -80295 -525199 -532601 0 0 0 0 0 0 0 0 0 0 0 0 0 0 0 0 0 0 0 0 
694512 329104 -767388 -510797 -332008 120420 129567 570 -504198 237881 -2203 -490164 290469 153391 627854 -51957 -387902 415793 78283 -237457 0 0 0 0 0 0 0 0 0 0 0 0 0 0 0 0 0 0 0 0 
139654 1152095 -305112 373354 130377 -1297922 -471855 364233 -248807 -179242 -223270 188648 536782 -442896 291642 539176 84887 506149 -92626 276537 0 0 0 0 0 0 0 0 0 0 0 0 0 0 0 0 0 0 0 0 
-155876 -203175 -569954 -387776 116328 -43319 -639660 -89423 -383362 666352 -212985 -224816 456950 442647 -1305035 -13494 208305 189755 25802 325690 0 0 0 0 0 0 0 0 0 0 0 0 0 0 0 0 0 0 0 0 
758777 -115315 -230107 768890 -504444 204645 -196205 294628 574530 -77225 240745 -13519 38643 137456 -132195 613540 598713 -778629 189058 546318 0 0 0 0 0 0 0 0 0 0 0 0 0 0 0 0 0 0 0 0 
-67943 -665622 -639445 453814 -60484 72786 328364 -126875 311826 358560 -57892 262846 -626913 -94388 -320 251995 73571 33871 -474659 100112 0 0 0 0 0 0 0 0 0 0 0 0 0 0 0 0 0 0 0 0 
-56822 364608 -634624 -194442 290922 -396500 -479130 47637 -84462 -7969 -474537 -244462 24482 783897 230467 -42043 -502204 -321302 59669 -205802 0 0 0 0 0 0 0 0 0 0 0 0 0 0 0 0 0 0 0 0 
802879 111078 -610477 -27834 213151 543804 -53911 -240742 -322181 606903 -56483 -330859 -33642 635266 141251 454386 -239777 657247 62952 -14300 0 0 0 0 0 0 0 0 0 0 0 0 0 0 0 0 0 0 0 0 
-673949 -321466 -20778 482192 -54810 56627 354255 467066 496866 196547 60006 134063 -487370 101296 386002 -579803 -431625 49156 -16472 -106851 0 0 0 0 0 0 0 0 0 0 0 0 0 0 0 0 0 0 0 0 
242024 -15730 154290 101981 199990 -158376 -42016 -126710 263265 213566 372197 471725 154536 278915 302515 297141 -288259 532341 -483353 -66371 0 0 0 0 0 0 0 0 0 0 0 0 0 0 0 0 0 0 0 0 
32753 292636 267024 -245968 -647648 -11713 212974 -313652 17115 56209 -304483 -568964 1035732 -132997 -515659 52296 78035 -28404 90771 239101 0 0 0 0 0 0 0 0 0 0 0 0 0 0 0 0 0 0 0 0 
-510705 -81269 135387 -687062 113873 85599 -379715 97392 191185 -174964 -339680 578445 187219 -89303 149549 -157141 -455087 -468997 361199 388890 0 0 0 0 0 0 0 0 0 0 0 0 0 0 0 0 0 0 0 0 
Round9 done

59572319947599 63824990242658 ratio:0.0666302
After LLL, the matrix is:
-146241 193448 -73089 -672678 -218963 -157692 -351421 -4 118668 564067 -533169 -257767 426757 -686590 228462 449947 -719149 347965 105682 262240 0 0 0 0 0 0 0 0 0 0 0 0 0 0 0 0 0 0 0 0 
-273322 91515 -795860 -156859 -432857 -219829 605941 -99938 113657 -188520 -1748 -299727 -288961 -162818 665585 552476 52055 78159 -104650 -117012 0 0 0 0 0 0 0 0 0 0 0 0 0 0 0 0 0 0 0 0 
154860 83493 789974 -361939 598366 -455786 -123093 206382 -11566 -292636 -735143 -41928 -310647 -262994 -159860 -265722 -113194 37056 286717 -171613 0 0 0 0 0 0 0 0 0 0 0 0 0 0 0 0 0 0 0 0 
-324076 494927 -93336 -417566 92885 730532 -268517 -348146 862218 66749 473376 -690542 322115 110495 340885 -13608 -366980 -366644 158540 -491677 0 0 0 0 0 0 0 0 0 0 0 0 0 0 0 0 0 0 0 0 
-229347 -247149 355960 562871 -646210 53515 147246 764163 -188298 258941 -314960 106085 -200126 527514 728608 298005 -163305 -108647 -60701 38012 0 0 0 0 0 0 0 0 0 0 0 0 0 0 0 0 0 0 0 0 
87339 99330 178688 -161908 -1878 347564 265027 -128809 -184484 284050 1024092 -350007 -835171 389934 511812 691469 136488 180091 589073 10175 0 0 0 0 0 0 0 0 0 0 0 0 0 0 0 0 0 0 0 0 
-53272 77057 -121079 685034 -313528 308765 293961 633999 -157304 -100869 -95338 -53665 -9533 -131140 -329581 -152838 -492974 -417065 444698 -240683 0 0 0 0 0 0 0 0 0 0 0 0 0 0 0 0 0 0 0 0 
-647281 -286796 759658 -306971 -504411 653499 -542067 -281290 -403033 224561 -281087 -214450 -435481 -255525 331700 -403635 730177 748862 272676 207461 0 0 0 0 0 0 0 0 0 0 0 0 0 0 0 0 0 0 0 0 
-547127 145467 863599 -190916 754351 305728 -287461 -179064 101869 -134553 407490 -372900 -923166 257214 -617503 -232128 96489 21637 168524 -405414 0 0 0 0 0 0 0 0 0 0 0 0 0 0 0 0 0 0 0 0 
60046 375241 -82477 -539805 424221 78584 -422921 -49685 -217845 -180722 -618805 -513057 202474 20671 -501461 -975554 -427901 257339 -342266 -653046 0 0 0 0 0 0 0 0 0 0 0 0 0 0 0 0 0 0 0 0 
139654 1152095 -305112 373354 130377 -1297922 -471855 364233 -248807 -179242 -223270 188648 536782 -442896 291642 539176 84887 506149 -92626 276537 0 0 0 0 0 0 0 0 0 0 0 0 0 0 0 0 0 0 0 0 
368276 36330 -663826 -303687 272191 83391 -392388 -52119 246753 10951 -349073 -326619 964827 719524 -734969 -510643 350791 -509435 196853 -194426 0 0 0 0 0 0 0 0 0 0 0 0 0 0 0 0 0 0 0 0 
818823 259926 -312584 229085 -80223 283229 -619126 244943 356685 -257947 -378060 -526576 241117 158127 -633656 -362014 170812 -521290 -153208 -106728 0 0 0 0 0 0 0 0 0 0 0 0 0 0 0 0 0 0 0 0 
-67943 -665622 -639445 453814 -60484 72786 328364 -126875 311826 358560 -57892 262846 -626913 -94388 -320 251995 73571 33871 -474659 100112 0 0 0 0 0 0 0 0 0 0 0 0 0 0 0 0 0 0 0 0 
156454 -102148 243713 502222 299558 -255255 -662150 197260 19726 361273 146016 568322 110969 926044 66343 381035 -126358 -656800 506585 564256 0 0 0 0 0 0 0 0 0 0 0 0 0 0 0 0 0 0 0 0 
-97012 539111 496 -127710 172786 130769 94099 -214375 -16152 -178058 1864 -403268 13841 413445 179302 806824 126609 285742 354678 6033 0 0 0 0 0 0 0 0 0 0 0 0 0 0 0 0 0 0 0 0 
331403 -220465 -132789 -211150 -396606 217668 653402 101446 355980 236535 419068 -177838 -246805 343202 420613 870229 -1119631 128779 -501519 568983 0 0 0 0 0 0 0 0 0 0 0 0 0 0 0 0 0 0 0 0 
242024 -15730 154290 101981 199990 -158376 -42016 -126710 263265 213566 372197 471725 154536 278915 302515 297141 -288259 532341 -483353 -66371 0 0 0 0 0 0 0 0 0 0 0 0 0 0 0 0 0 0 0 0 
337186 103282 358769 558039 -100681 -72279 95927 -203529 514184 -71032 -622179 -26037 265312 276683 353938 -276734 -610958 -583749 -245371 -75267 0 0 0 0 0 0 0 0 0 0 0 0 0 0 0 0 0 0 0 0 
-252269 -173132 -67734 -508251 47047 730512 355150 -521625 -871 -220934 236401 -332970 -463416 780507 -584541 -586882 124255 -374065 118436 -177008 0 0 0 0 0 0 0 0 0 0 0 0 0 0 0 0 0 0 0 0 

After reduction, the matrix is:
-146241 193448 -73089 -672678 -218963 -157692 -351421 -4 118668 564067 -533169 -257767 426757 -686590 228462 449947 -719149 347965 105682 262240 0 0 0 0 0 0 0 0 0 0 0 0 0 0 0 0 0 0 0 0 
-273322 91515 -795860 -156859 -432857 -219829 605941 -99938 113657 -188520 -1748 -299727 -288961 -162818 665585 552476 52055 78159 -104650 -117012 0 0 0 0 0 0 0 0 0 0 0 0 0 0 0 0 0 0 0 0 
154860 83493 789974 -361939 598366 -455786 -123093 206382 -11566 -292636 -735143 -41928 -310647 -262994 -159860 -265722 -113194 37056 286717 -171613 0 0 0 0 0 0 0 0 0 0 0 0 0 0 0 0 0 0 0 0 
-324076 494927 -93336 -417566 92885 730532 -268517 -348146 862218 66749 473376 -690542 322115 110495 340885 -13608 -366980 -366644 158540 -491677 0 0 0 0 0 0 0 0 0 0 0 0 0 0 0 0 0 0 0 0 
-229347 -247149 355960 562871 -646210 53515 147246 764163 -188298 258941 -314960 106085 -200126 527514 728608 298005 -163305 -108647 -60701 38012 0 0 0 0 0 0 0 0 0 0 0 0 0 0 0 0 0 0 0 0 
184351 -439781 178192 -34198 -174664 216795 170928 85566 -168332 462108 1022228 53261 -849012 -23511 332510 -115355 9879 -105651 234395 4142 0 0 0 0 0 0 0 0 0 0 0 0 0 0 0 0 0 0 0 0 
-53272 77057 -121079 685034 -313528 308765 293961 633999 -157304 -100869 -95338 -53665 -9533 -131140 -329581 -152838 -492974 -417065 444698 -240683 0 0 0 0 0 0 0 0 0 0 0 0 0 0 0 0 0 0 0 0 
-647281 -286796 759658 -306971 -504411 653499 -542067 -281290 -403033 224561 -281087 -214450 -435481 -255525 331700 -403635 730177 748862 272676 207461 0 0 0 0 0 0 0 0 0 0 0 0 0 0 0 0 0 0 0 0 
-789326 -37356 -105063 332931 157863 413950 -429395 -256637 297919 -125967 118541 19035 222652 130274 -969455 -657875 73195 -195510 -707266 -243976 0 0 0 0 0 0 0 0 0 0 0 0 0 0 0 0 0 0 0 0 
694512 329104 -767388 -510797 -332008 120420 129567 570 -504198 237881 -2203 -490164 290469 153391 627854 -51957 -387902 415793 78283 -237457 0 0 0 0 0 0 0 0 0 0 0 0 0 0 0 0 0 0 0 0 
-465321 674958 -231983 672087 113576 -667177 -730322 193162 -119220 156899 917499 260944 -89578 -336133 -345303 -234054 167961 204988 -565497 36703 0 0 0 0 0 0 0 0 0 0 0 0 0 0 0 0 0 0 0 0 
804896 -230319 -417900 170366 50480 -430326 -576610 555072 79292 693993 436754 59612 579231 -84494 182082 -39116 236415 -241021 312812 -13276 0 0 0 0 0 0 0 0 0 0 0 0 0 0 0 0 0 0 0 0 
818823 259926 -312584 229085 -80223 283229 -619126 244943 356685 -257947 -378060 -526576 241117 158127 -633656 -362014 170812 -521290 -153208 -106728 0 0 0 0 0 0 0 0 0 0 0 0 0 0 0 0 0 0 0 0 
-67943 -665622 -639445 453814 -60484 72786 328364 -126875 311826 358560 -57892 262846 -626913 -94388 -320 251995 73571 33871 -474659 100112 0 0 0 0 0 0 0 0 0 0 0 0 0 0 0 0 0 0 0 0 
156454 -102148 243713 502222 299558 -255255 -662150 197260 19726 361273 146016 568322 110969 926044 66343 381035 -126358 -656800 506585 564256 0 0 0 0 0 0 0 0 0 0 0 0 0 0 0 0 0 0 0 0 
-97012 539111 496 -127710 172786 130769 94099 -214375 -16152 -178058 1864 -403268 13841 413445 179302 806824 126609 285742 354678 6033 0 0 0 0 0 0 0 0 0 0 0 0 0 0 0 0 0 0 0 0 
362701 -296250 508781 -156272 -163739 595873 89477 328094 -20942 211489 48619 -349836 -112380 227105 -547487 20612 -883427 -481721 86484 752366 0 0 0 0 0 0 0 0 0 0 0 0 0 0 0 0 0 0 0 0 
242024 -15730 154290 101981 199990 -158376 -42016 -126710 263265 213566 372197 471725 154536 278915 302515 297141 -288259 532341 -483353 -66371 0 0 0 0 0 0 0 0 0 0 0 0 0 0 0 0 0 0 0 0 
337186 103282 358769 558039 -100681 -72279 95927 -203529 514184 -71032 -622179 -26037 265312 276683 353938 -276734 -610958 -583749 -245371 -75267 0 0 0 0 0 0 0 0 0 0 0 0 0 0 0 0 0 0 0 0 
-10245 -188862 86556 -406270 247037 572136 313134 -648335 262394 -7368 608598 138755 -308880 1059422 -282026 -289741 -164004 158276 -364917 -243379 0 0 0 0 0 0 0 0 0 0 0 0 0 0 0 0 0 0 0 0 
Round10 done

56886984819924 59572319947599 ratio:0.0450769
After LLL, the matrix is:
-146241 193448 -73089 -672678 -218963 -157692 -351421 -4 118668 564067 -533169 -257767 426757 -686590 228462 449947 -719149 347965 105682 262240 0 0 0 0 0 0 0 0 0 0 0 0 0 0 0 0 0 0 0 0 
-273322 91515 -795860 -156859 -432857 -219829 605941 -99938 113657 -188520 -1748 -299727 -288961 -162818 665585 552476 52055 78159 -104650 -117012 0 0 0 0 0 0 0 0 0 0 0 0 0 0 0 0 0 0 0 0 
154860 83493 789974 -361939 598366 -455786 -123093 206382 -11566 -292636 -735143 -41928 -310647 -262994 -159860 -265722 -113194 37056 286717 -171613 0 0 0 0 0 0 0 0 0 0 0 0 0 0 0 0 0 0 0 0 
-324076 494927 -93336 -417566 92885 730532 -268517 -348146 862218 66749 473376 -690542 322115 110495 340885 -13608 -366980 -366644 158540 -491677 0 0 0 0 0 0 0 0 0 0 0 0 0 0 0 0 0 0 0 0 
-229347 -247149 355960 562871 -646210 53515 147246 764163 -188298 258941 -314960 106085 -200126 527514 728608 298005 -163305 -108647 -60701 38012 0 0 0 0 0 0 0 0 0 0 0 0 0 0 0 0 0 0 0 0 
184351 -439781 178192 -34198 -174664 216795 170928 85566 -168332 462108 1022228 53261 -849012 -23511 332510 -115355 9879 -105651 234395 4142 0 0 0 0 0 0 0 0 0 0 0 0 0 0 0 0 0 0 0 0 
-53272 77057 -121079 685034 -313528 308765 293961 633999 -157304 -100869 -95338 -53665 -9533 -131140 -329581 -152838 -492974 -417065 444698 -240683 0 0 0 0 0 0 0 0 0 0 0 0 0 0 0 0 0 0 0 0 
-471206 37410 282619 -184808 -171729 908749 -395352 -411454 -372039 -135249 -61465 -374200 -244888 -914179 -726489 -854478 400508 440444 778075 -71234 0 0 0 0 0 0 0 0 0 0 0 0 0 0 0 0 0 0 0 0 
-789326 -37356 -105063 332931 157863 413950 -429395 -256637 297919 -125967 118541 19035 222652 130274 -969455 -657875 73195 -195510 -707266 -243976 0 0 0 0 0 0 0 0 0 0 0 0 0 0 0 0 0 0 0 0 
60046 375241 -82477 -539805 424221 78584 -422921 -49685 -217845 -180722 -618805 -513057 202474 20671 -501461 -975554 -427901 257339 -342266 -653046 0 0 0 0 0 0 0 0 0 0 0 0 0 0 0 0 0 0 0 0 
324005 712314 -126920 339156 -44287 -1081127 -300927 449799 -417139 282866 798958 241909 -312230 -466407 624152 423821 94766 400498 141769 280679 0 0 0 0 0 0 0 0 0 0 0 0 0 0 0 0 0 0 0 0 
804896 -230319 -417900 170366 50480 -430326 -576610 555072 79292 693993 436754 59612 579231 -84494 182082 -39116 236415 -241021 312812 -13276 0 0 0 0 0 0 0 0 0 0 0 0 0 0 0 0 0 0 0 0 
52037 243912 210419 -648157 -524330 772658 -223009 -224567 227729 74235 -325755 -790694 -760369 -467480 -254766 11694 -774873 -37955 -125943 172930 0 0 0 0 0 0 0 0 0 0 0 0 0 0 0 0 0 0 0 0 
486278 214927 -10050 -105626 482059 392402 -287627 -204012 930800 277688 -723537 -200265 610523 72162 311925 459141 -428538 -109771 261402 -34719 0 0 0 0 0 0 0 0 0 0 0 0 0 0 0 0 0 0 0 0 
156454 -102148 243713 502222 299558 -255255 -662150 197260 19726 361273 146016 568322 110969 926044 66343 381035 -126358 -656800 506585 564256 0 0 0 0 0 0 0 0 0 0 0 0 0 0 0 0 0 0 0 0 
-547127 145467 863599 -190916 754351 305728 -287461 -179064 101869 -134553 407490 -372900 -923166 257214 -617503 -232128 96489 21637 168524 -405414 0 0 0 0 0 0 0 0 0 0 0 0 0 0 0 0 0 0 0 0 
310664 -540162 298362 491885 360591 -176785 312486 552661 -248671 137254 374374 440858 647989 694585 -292721 8918 -108554 -443766 212427 579436 0 0 0 0 0 0 0 0 0 0 0 0 0 0 0 0 0 0 0 0 
309967 649892 793735 -351833 260474 -231162 -370380 165 -48561 -144994 430089 208879 781449 373303 302835 45146 -361830 498470 -8694 -166483 0 0 0 0 0 0 0 0 0 0 0 0 0 0 0 0 0 0 0 0 
977948 -45166 274833 250826 450766 -508762 482225 -748355 -344220 -112672 243497 208413 -691848 28608 -203743 130338 55815 71633 245863 388573 0 0 0 0 0 0 0 0 0 0 0 0 0 0 0 0 0 0 0 0 
-112615 978963 -372846 -134897 177424 -567410 -116705 -157392 -249678 -400176 13131 -144322 73366 337611 -292899 -47706 209142 132084 25810 99529 0 0 0 0 0 0 0 0 0 0 0 0 0 0 0 0 0 0 0 0 

After reduction, the matrix is:
-146241 193448 -73089 -672678 -218963 -157692 -351421 -4 118668 564067 -533169 -257767 426757 -686590 228462 449947 -719149 347965 105682 262240 0 0 0 0 0 0 0 0 0 0 0 0 0 0 0 0 0 0 0 0 
-273322 91515 -795860 -156859 -432857 -219829 605941 -99938 113657 -188520 -1748 -299727 -288961 -162818 665585 552476 52055 78159 -104650 -117012 0 0 0 0 0 0 0 0 0 0 0 0 0 0 0 0 0 0 0 0 
154860 83493 789974 -361939 598366 -455786 -123093 206382 -11566 -292636 -735143 -41928 -310647 -262994 -159860 -265722 -113194 37056 286717 -171613 0 0 0 0 0 0 0 0 0 0 0 0 0 0 0 0 0 0 0 0 
-810354 280000 -83286 -311940 -389174 338130 19110 -144134 -68582 -210939 1196913 -490277 -288408 38333 28960 -472749 61558 -256873 -102862 -456958 0 0 0 0 0 0 0 0 0 0 0 0 0 0 0 0 0 0 0 0 
-229347 -247149 355960 562871 -646210 53515 147246 764163 -188298 258941 -314960 106085 -200126 527514 728608 298005 -163305 -108647 -60701 38012 0 0 0 0 0 0 0 0 0 0 0 0 0 0 0 0 0 0 0 0 
184351 -439781 178192 -34198 -174664 216795 170928 85566 -168332 462108 1022228 53261 -849012 -23511 332510 -115355 9879 -105651 234395 4142 0 0 0 0 0 0 0 0 0 0 0 0 0 0 0 0 0 0 0 0 
-53272 77057 -121079 685034 -313528 308765 293961 633999 -157304 -100869 -95338 -53665 -9533 -131140 -329581 -152838 -492974 -417065 444698 -240683 0 0 0 0 0 0 0 0 0 0 0 0 0 0 0 0 0 0 0 0 
-647281 -286796 759658 -306971 -504411 653499 -542067 -281290 -403033 224561 -281087 -214450 -435481 -255525 331700 -403635 730177 748862 272676 207461 0 0 0 0 0 0 0 0 0 0 0 0 0 0 0 0 0 0 0 0 
-789326 -37356 -105063 332931 157863 413950 -429395 -256637 297919 -125967 118541 19035 222652 130274 -969455 -657875 73195 -195510 -707266 -243976 0 0 0 0 0 0 0 0 0 0 0 0 0 0 0 0 0 0 0 0 
694512 329104 -767388 -510797 -332008 120420 129567 570 -504198 237881 -2203 -490164 290469 153391 627854 -51957 -387902 415793 78283 -237457 0 0 0 0 0 0 0 0 0 0 0 0 0 0 0 0 0 0 0 0 
-352706 -304005 140863 806984 -63848 -99767 -613617 350554 130458 557075 904368 405266 -162944 -673744 -52404 -186348 -41181 72904 -591307 -62826 0 0 0 0 0 0 0 0 0 0 0 0 0 0 0 0 0 0 0 0 
804896 -230319 -417900 170366 50480 -430326 -576610 555072 79292 693993 436754 59612 579231 -84494 182082 -39116 236415 -241021 312812 -13276 0 0 0 0 0 0 0 0 0 0 0 0 0 0 0 0 0 0 0 0 
362701 -296250 508781 -156272 -163739 595873 89477 328094 -20942 211489 48619 -349836 -112380 227105 -547487 20612 -883427 -481721 86484 752366 0 0 0 0 0 0 0 0 0 0 0 0 0 0 0 0 0 0 0 0 
486278 214927 -10050 -105626 482059 392402 -287627 -204012 930800 277688 -723537 -200265 610523 72162 311925 459141 -428538 -109771 261402 -34719 0 0 0 0 0 0 0 0 0 0 0 0 0 0 0 0 0 0 0 0 
-154210 438014 -54649 10337 -61033 -78470 -974636 -355401 268397 224019 -228358 127464 -537020 231459 359064 372117 -17804 -213034 294158 -15180 0 0 0 0 0 0 0 0 0 0 0 0 0 0 0 0 0 0 0 0 
108367 -218026 156911 482963 545159 423384 -183478 -241312 182017 369022 -54280 159305 -324111 481875 -486603 506343 148125 241454 -15331 223157 0 0 0 0 0 0 0 0 0 0 0 0 0 0 0 0 0 0 0 0 
37342 -448647 -497498 335026 -72266 -396614 918427 452723 -135014 -51266 372626 141131 359028 531767 372864 561394 -56499 -365607 107777 462424 0 0 0 0 0 0 0 0 0 0 0 0 0 0 0 0 0 0 0 0 
309967 649892 793735 -351833 260474 -231162 -370380 165 -48561 -144994 430089 208879 781449 373303 302835 45146 -361830 498470 -8694 -166483 0 0 0 0 0 0 0 0 0 0 0 0 0 0 0 0 0 0 0 0 
977948 -45166 274833 250826 450766 -508762 482225 -748355 -344220 -112672 243497 208413 -691848 28608 -203743 130338 55815 71633 245863 388573 0 0 0 0 0 0 0 0 0 0 0 0 0 0 0 0 0 0 0 0 
-112615 978963 -372846 -134897 177424 -567410 -116705 -157392 -249678 -400176 13131 -144322 73366 337611 -292899 -47706 209142 132084 25810 99529 0 0 0 0 0 0 0 0 0 0 0 0 0 0 0 0 0 0 0 0 
Round11 done

58216014105344 56886984819924 ratio:-0.0233626
