[[1059300916319560387050490842988879027979270301821018899988552168383 0 0 0 0 0 0 0 0 0 0 0 0 0 0 0 0 0 0 0 0 0]
[35299555125037139152153621708592861917032941830017294058537211973 1 0 0 0 0 0 0 0 0 0 0 0 0 0 0 0 0 0 0 0 0]
[984144809126968315104804212278952460269546228343426922680550384200 0 1 0 0 0 0 0 0 0 0 0 0 0 0 0 0 0 0 0 0 0]
[284238489715681794153163734756429120303949430128249745740989918558 0 0 1 0 0 0 0 0 0 0 0 0 0 0 0 0 0 0 0 0 0]
[724003739424725010586155317043522279982878730508681964566796991356 0 0 0 1 0 0 0 0 0 0 0 0 0 0 0 0 0 0 0 0 0]
[425015304987829380312113662791080615661877809621154317159637742267 0 0 0 0 1 0 0 0 0 0 0 0 0 0 0 0 0 0 0 0 0]
[976372680759237441960162417603195498802271375663118369552675011271 0 0 0 0 0 1 0 0 0 0 0 0 0 0 0 0 0 0 0 0 0]
[941244865026751746684502891244729109261816278703464035195834151295 0 0 0 0 0 0 1 0 0 0 0 0 0 0 0 0 0 0 0 0 0]
[730849896666803299603837925514610611359935956675981711828065150543 0 0 0 0 0 0 0 1 0 0 0 0 0 0 0 0 0 0 0 0 0]
[304354591814847975355977238357308967376963635683476110743562098990 0 0 0 0 0 0 0 0 1 0 0 0 0 0 0 0 0 0 0 0 0]
[330124476092734279256552781971172785492848914917032833428023183423 0 0 0 0 0 0 0 0 0 1 0 0 0 0 0 0 0 0 0 0 0]
[842313265900258324255808068351265428778871479311940092299524236147 0 0 0 0 0 0 0 0 0 0 1 0 0 0 0 0 0 0 0 0 0]
[12314276067067204192909669366043821812437826750716622046304318825 0 0 0 0 0 0 0 0 0 0 0 1 0 0 0 0 0 0 0 0 0]
[999801129597522638141356095211959252931704791748443319251857867619 0 0 0 0 0 0 0 0 0 0 0 0 1 0 0 0 0 0 0 0 0]
[870954166858117931350107034258247174970471780553592010744617536618 0 0 0 0 0 0 0 0 0 0 0 0 0 1 0 0 0 0 0 0 0]
[370641032978263117986885721375866192842424259285121601286490974752 0 0 0 0 0 0 0 0 0 0 0 0 0 0 1 0 0 0 0 0 0]
[936582993911645729267745125028570424900970666608363508081560520607 0 0 0 0 0 0 0 0 0 0 0 0 0 0 0 1 0 0 0 0 0]
[812642061519751451137298872672199405585168610942409473833744050674 0 0 0 0 0 0 0 0 0 0 0 0 0 0 0 0 1 0 0 0 0]
[718544851382517330118999060534281959178683577584274527995897074256 0 0 0 0 0 0 0 0 0 0 0 0 0 0 0 0 0 1 0 0 0]
[553093227920390681267083152315649297541800015972379369742589910925 0 0 0 0 0 0 0 0 0 0 0 0 0 0 0 0 0 0 1 0 0]
[868363584605478028446023611637302065816510352405440167050988937527 0 0 0 0 0 0 0 0 0 0 0 0 0 0 0 0 0 0 0 1 0]
[836756291481414381308660783554914234166941084421744847294311622034 0 0 0 0 0 0 0 0 0 0 0 0 0 0 0 0 0 0 0 0 1]
]
