[[1335128987909802641829876330939137924852779636690119396316017831109 0 0 0 0 0 0 0 0 0 0 0 0 0 0 0 0 0 0 0 0 0]
[755729054813543302910490875935434889984917877554282881199969966262 1 0 0 0 0 0 0 0 0 0 0 0 0 0 0 0 0 0 0 0 0]
[295827725370737339670184318707385970695973535390299558754166432385 0 1 0 0 0 0 0 0 0 0 0 0 0 0 0 0 0 0 0 0 0]
[823602606566610218039371748112082218044577845716819481768926211123 0 0 1 0 0 0 0 0 0 0 0 0 0 0 0 0 0 0 0 0 0]
[408365101019120953295411559299658955915566348280295399139334546215 0 0 0 1 0 0 0 0 0 0 0 0 0 0 0 0 0 0 0 0 0]
[696345741261110886043824211715221489959381531949223197367454149333 0 0 0 0 1 0 0 0 0 0 0 0 0 0 0 0 0 0 0 0 0]
[1137720006481356356626705845026804833744390030225531445989825369684 0 0 0 0 0 1 0 0 0 0 0 0 0 0 0 0 0 0 0 0 0]
[681958926500208216999654187076087137595185540495361694639639916332 0 0 0 0 0 0 1 0 0 0 0 0 0 0 0 0 0 0 0 0 0]
[359974368630322484693510875264069267758345096911856504922342908682 0 0 0 0 0 0 0 1 0 0 0 0 0 0 0 0 0 0 0 0 0]
[959432870725093005545917166235363724546187160729942930095784797253 0 0 0 0 0 0 0 0 1 0 0 0 0 0 0 0 0 0 0 0 0]
[268560623927693222145931129947472921715676510231423790766571289617 0 0 0 0 0 0 0 0 0 1 0 0 0 0 0 0 0 0 0 0 0]
[1328851597690788038343703615563292928798881405104890610539268910596 0 0 0 0 0 0 0 0 0 0 1 0 0 0 0 0 0 0 0 0 0]
[74243838176012882411845177819049879737342044331149390747906342313 0 0 0 0 0 0 0 0 0 0 0 1 0 0 0 0 0 0 0 0 0]
[1001764362990503401492764433261208945320585928432786618748172063914 0 0 0 0 0 0 0 0 0 0 0 0 1 0 0 0 0 0 0 0 0]
[330006595962763967579854721692128540228929283842683200262330673181 0 0 0 0 0 0 0 0 0 0 0 0 0 1 0 0 0 0 0 0 0]
[888328655356240007218854674888393885171857993799773244195682375839 0 0 0 0 0 0 0 0 0 0 0 0 0 0 1 0 0 0 0 0 0]
[319361553389368231551752605931368294203166017196519197329156347786 0 0 0 0 0 0 0 0 0 0 0 0 0 0 0 1 0 0 0 0 0]
[1317901523062925642450894192428308718081861212226727531213751714321 0 0 0 0 0 0 0 0 0 0 0 0 0 0 0 0 1 0 0 0 0]
[409291726275053526895517623627813894710269578660930955225632699564 0 0 0 0 0 0 0 0 0 0 0 0 0 0 0 0 0 1 0 0 0]
[661542195502266348812812492902592596077555531781524629781346684202 0 0 0 0 0 0 0 0 0 0 0 0 0 0 0 0 0 0 1 0 0]
[821519921488813707577203672245832490012197424974164523551712289586 0 0 0 0 0 0 0 0 0 0 0 0 0 0 0 0 0 0 0 1 0]
[985609505570214552676134377591348618085654020250940049839334830437 0 0 0 0 0 0 0 0 0 0 0 0 0 0 0 0 0 0 0 0 1]
]
