[[945934009990480640713562892392417182785461077348787578649619147451 0 0 0 0 0 0 0 0 0 0 0 0 0 0 0 0 0 0 0 0 0]
[887305903596083610124330409966951083975007767062793321115249465446 1 0 0 0 0 0 0 0 0 0 0 0 0 0 0 0 0 0 0 0 0]
[398345870929158463618494497441696231763005873856232941852373286269 0 1 0 0 0 0 0 0 0 0 0 0 0 0 0 0 0 0 0 0 0]
[664985559332767419735153069015492981369833364128558972881556665487 0 0 1 0 0 0 0 0 0 0 0 0 0 0 0 0 0 0 0 0 0]
[539879411628446764654920289698448081245523498644311898741643129990 0 0 0 1 0 0 0 0 0 0 0 0 0 0 0 0 0 0 0 0 0]
[470698758739438900723742809738215353003194890706696231246554822919 0 0 0 0 1 0 0 0 0 0 0 0 0 0 0 0 0 0 0 0 0]
[195736034198674210692203960348856168346975957265262881465849583259 0 0 0 0 0 1 0 0 0 0 0 0 0 0 0 0 0 0 0 0 0]
[705982170852209749649998910128920870830356052296133546792020469208 0 0 0 0 0 0 1 0 0 0 0 0 0 0 0 0 0 0 0 0 0]
[971198007224916709038913367032499878321687225859234945307385874 0 0 0 0 0 0 0 1 0 0 0 0 0 0 0 0 0 0 0 0 0]
[303083816222822902502983190842469592256736003083372695395125843001 0 0 0 0 0 0 0 0 1 0 0 0 0 0 0 0 0 0 0 0 0]
[363465081525338120845379733406495257078806078742208320856229245225 0 0 0 0 0 0 0 0 0 1 0 0 0 0 0 0 0 0 0 0 0]
[268753947527618508531674081178453934998512496693808616467517560647 0 0 0 0 0 0 0 0 0 0 1 0 0 0 0 0 0 0 0 0 0]
[57197831332428036285258743335503130869181678853451373216822227396 0 0 0 0 0 0 0 0 0 0 0 1 0 0 0 0 0 0 0 0 0]
[470875880369448023003172144714204061351862754907842743408373846649 0 0 0 0 0 0 0 0 0 0 0 0 1 0 0 0 0 0 0 0 0]
[447435050820453596926349582886187623770746837039455566222131801711 0 0 0 0 0 0 0 0 0 0 0 0 0 1 0 0 0 0 0 0 0]
[423606070071366035986727729719417402569283678176572027632675344469 0 0 0 0 0 0 0 0 0 0 0 0 0 0 1 0 0 0 0 0 0]
[326252793694139680475177161917700742213200632003440283155047694909 0 0 0 0 0 0 0 0 0 0 0 0 0 0 0 1 0 0 0 0 0]
[516654320296620963731805726741104365013418377548772756873415054023 0 0 0 0 0 0 0 0 0 0 0 0 0 0 0 0 1 0 0 0 0]
[243060057515080871057415827560388845264497822993745430109030469268 0 0 0 0 0 0 0 0 0 0 0 0 0 0 0 0 0 1 0 0 0]
[125617259420677353741583060804219835613095019764845071024804754328 0 0 0 0 0 0 0 0 0 0 0 0 0 0 0 0 0 0 1 0 0]
[335299105282799947495549150300490987129331595024601216701022068990 0 0 0 0 0 0 0 0 0 0 0 0 0 0 0 0 0 0 0 1 0]
[722524721989828364599037990926826128403041275229569009609053626769 0 0 0 0 0 0 0 0 0 0 0 0 0 0 0 0 0 0 0 0 1]
]
