[[1492617420850353350774705202622770946603843470117549732875447230259 0 0 0 0 0 0 0 0 0 0 0 0 0 0 0 0 0 0 0 0 0]
[1469347913997140600268225333715750582471048305141221593748370329114 1 0 0 0 0 0 0 0 0 0 0 0 0 0 0 0 0 0 0 0 0]
[85289468663830375540426788915551378610581852096275346203370273442 0 1 0 0 0 0 0 0 0 0 0 0 0 0 0 0 0 0 0 0 0]
[315994315408171528716322488206278300504168402585690740203562491544 0 0 1 0 0 0 0 0 0 0 0 0 0 0 0 0 0 0 0 0 0]
[543418517052334424117994528476689419727935028775238770815813413365 0 0 0 1 0 0 0 0 0 0 0 0 0 0 0 0 0 0 0 0 0]
[621570338529066910293454699690966752089449636223662016060285018064 0 0 0 0 1 0 0 0 0 0 0 0 0 0 0 0 0 0 0 0 0]
[622546012404807053163570340163449943034303014561296708676332715652 0 0 0 0 0 1 0 0 0 0 0 0 0 0 0 0 0 0 0 0 0]
[278974369841833060613891631819467327642918124403138023174833827243 0 0 0 0 0 0 1 0 0 0 0 0 0 0 0 0 0 0 0 0 0]
[478958772604984311895490997919048934427609133900967899231536628043 0 0 0 0 0 0 0 1 0 0 0 0 0 0 0 0 0 0 0 0 0]
[768217676598184097012909503596080400953807096096701337824069963451 0 0 0 0 0 0 0 0 1 0 0 0 0 0 0 0 0 0 0 0 0]
[235430588994781084859349052588428631450969496344700082934310215865 0 0 0 0 0 0 0 0 0 1 0 0 0 0 0 0 0 0 0 0 0]
[472122483691418394955760529848622329154826653272779369828280749707 0 0 0 0 0 0 0 0 0 0 1 0 0 0 0 0 0 0 0 0 0]
[753048629057734254715442585350078612617494728816629252034976164373 0 0 0 0 0 0 0 0 0 0 0 1 0 0 0 0 0 0 0 0 0]
[295968492080970236692696042098009224143186927792220764047241871158 0 0 0 0 0 0 0 0 0 0 0 0 1 0 0 0 0 0 0 0 0]
[1106328349293283100841900484746767301191095922602367364332372077099 0 0 0 0 0 0 0 0 0 0 0 0 0 1 0 0 0 0 0 0 0]
[451016208917375946865770960708265958868578452411355307298914595971 0 0 0 0 0 0 0 0 0 0 0 0 0 0 1 0 0 0 0 0 0]
[176128650927158540136978083415851018739448210996585685669589229168 0 0 0 0 0 0 0 0 0 0 0 0 0 0 0 1 0 0 0 0 0]
[189136264917324762126547205190769423525297909837956288688876188551 0 0 0 0 0 0 0 0 0 0 0 0 0 0 0 0 1 0 0 0 0]
[983630021902089311382615518243773929301720987663224480740480184510 0 0 0 0 0 0 0 0 0 0 0 0 0 0 0 0 0 1 0 0 0]
[444871084243542669984198423400971843605379939569689524321558224143 0 0 0 0 0 0 0 0 0 0 0 0 0 0 0 0 0 0 1 0 0]
[1104915576858644726558694224150181312201118719920423839490653733452 0 0 0 0 0 0 0 0 0 0 0 0 0 0 0 0 0 0 0 1 0]
[274535074640782419277318537454031232045119507284673185176280281501 0 0 0 0 0 0 0 0 0 0 0 0 0 0 0 0 0 0 0 0 1]
]
