[[1161557400003860974845951455660137109117969667146807237483793063451 0 0 0 0 0 0 0 0 0 0 0 0 0 0 0 0 0 0 0 0 0]
[551104849986518332486446221462701559893096330935429263501478535618 1 0 0 0 0 0 0 0 0 0 0 0 0 0 0 0 0 0 0 0 0]
[738176650149630667162146069961070525744571722350176810339492108113 0 1 0 0 0 0 0 0 0 0 0 0 0 0 0 0 0 0 0 0 0]
[308590915499101571255328902381917852787460302194565458224921887228 0 0 1 0 0 0 0 0 0 0 0 0 0 0 0 0 0 0 0 0 0]
[106131551649058401610561175405795793074291034504308433099845169368 0 0 0 1 0 0 0 0 0 0 0 0 0 0 0 0 0 0 0 0 0]
[997267483232268172294689678846868065515171167138159251987356610870 0 0 0 0 1 0 0 0 0 0 0 0 0 0 0 0 0 0 0 0 0]
[740187003073211976553430497354581451716962449736053139899759038935 0 0 0 0 0 1 0 0 0 0 0 0 0 0 0 0 0 0 0 0 0]
[1049070621759610144266322705302072766565014940137078043011260354476 0 0 0 0 0 0 1 0 0 0 0 0 0 0 0 0 0 0 0 0 0]
[998242286557138816665282967228377031535330279706018179652050452626 0 0 0 0 0 0 0 1 0 0 0 0 0 0 0 0 0 0 0 0 0]
[169878224831781172441559969849893395503464731849588424274432061219 0 0 0 0 0 0 0 0 1 0 0 0 0 0 0 0 0 0 0 0 0]
[367960306483567113887030569983656930958036431869041576392315455802 0 0 0 0 0 0 0 0 0 1 0 0 0 0 0 0 0 0 0 0 0]
[716127781993537228715045983225895670088472525413615570810930083505 0 0 0 0 0 0 0 0 0 0 1 0 0 0 0 0 0 0 0 0 0]
[407216629567834116315710817724295572251800839981388894751941660428 0 0 0 0 0 0 0 0 0 0 0 1 0 0 0 0 0 0 0 0 0]
[753712210576224843319898499470740699687345158853503740132449236668 0 0 0 0 0 0 0 0 0 0 0 0 1 0 0 0 0 0 0 0 0]
[408707365190493907881085629285830940732603791548422785499008374888 0 0 0 0 0 0 0 0 0 0 0 0 0 1 0 0 0 0 0 0 0]
[678878909044725532682410239448914827079918106007354061172041581049 0 0 0 0 0 0 0 0 0 0 0 0 0 0 1 0 0 0 0 0 0]
[758303015187400399376701672184470818220042568636902143341704545452 0 0 0 0 0 0 0 0 0 0 0 0 0 0 0 1 0 0 0 0 0]
[1010452541759495063536857099409148124898040967138278493779891020605 0 0 0 0 0 0 0 0 0 0 0 0 0 0 0 0 1 0 0 0 0]
[282088843521903434366057110656294384801298804052053079672514714335 0 0 0 0 0 0 0 0 0 0 0 0 0 0 0 0 0 1 0 0 0]
[561511539665291705986328956995562398401807190570492925196483797429 0 0 0 0 0 0 0 0 0 0 0 0 0 0 0 0 0 0 1 0 0]
[514679369522981175048382420655327542444539364712122954377671748370 0 0 0 0 0 0 0 0 0 0 0 0 0 0 0 0 0 0 0 1 0]
[636285163083801394507813285478723589139628310365105547209441238693 0 0 0 0 0 0 0 0 0 0 0 0 0 0 0 0 0 0 0 0 1]
]
