[[1416976055760632320022531572847204716751825071276761523167728452367 0 0 0 0 0 0 0 0 0 0 0 0 0 0 0 0 0 0 0 0 0]
[954249256154724649303506895567571583679337445564743644861053064688 1 0 0 0 0 0 0 0 0 0 0 0 0 0 0 0 0 0 0 0 0]
[1320404586324369942925079811821463705852022802818507556520651109516 0 1 0 0 0 0 0 0 0 0 0 0 0 0 0 0 0 0 0 0 0]
[1284199051267636884500607312266097962827046128418710380678849193050 0 0 1 0 0 0 0 0 0 0 0 0 0 0 0 0 0 0 0 0 0]
[1192979262373647681822758024406917798718296786052583790850067650793 0 0 0 1 0 0 0 0 0 0 0 0 0 0 0 0 0 0 0 0 0]
[94307396801792414475624813673066132403290341615308995828985649644 0 0 0 0 1 0 0 0 0 0 0 0 0 0 0 0 0 0 0 0 0]
[1178055859058750486278294893187835853421167671104743202470194708715 0 0 0 0 0 1 0 0 0 0 0 0 0 0 0 0 0 0 0 0 0]
[146017862126910021901625208020012475062006073600641543221402923347 0 0 0 0 0 0 1 0 0 0 0 0 0 0 0 0 0 0 0 0 0]
[964762602829769189777919827812453944850848919112899857567953032854 0 0 0 0 0 0 0 1 0 0 0 0 0 0 0 0 0 0 0 0 0]
[99808468661563662572250297134522638724296587254845800095239896718 0 0 0 0 0 0 0 0 1 0 0 0 0 0 0 0 0 0 0 0 0]
[486114257950650976500885014136263727981151073025038969084388737785 0 0 0 0 0 0 0 0 0 1 0 0 0 0 0 0 0 0 0 0 0]
[216611581748786143953031780197683097215898715838395087765182491420 0 0 0 0 0 0 0 0 0 0 1 0 0 0 0 0 0 0 0 0 0]
[321517437799067159871399186637139724677280863470247570385435664138 0 0 0 0 0 0 0 0 0 0 0 1 0 0 0 0 0 0 0 0 0]
[1184436874298405708790135659314308593946074075877906421639446133797 0 0 0 0 0 0 0 0 0 0 0 0 1 0 0 0 0 0 0 0 0]
[686456473761958589224737438171598803065284790566331046361356058899 0 0 0 0 0 0 0 0 0 0 0 0 0 1 0 0 0 0 0 0 0]
[955764661080039104564211314050869441297421075499137768482025665871 0 0 0 0 0 0 0 0 0 0 0 0 0 0 1 0 0 0 0 0 0]
[289652236373668410435024904052719434521630836452294818633072971056 0 0 0 0 0 0 0 0 0 0 0 0 0 0 0 1 0 0 0 0 0]
[789162795425163895328421962004778115952118741015998573863741275406 0 0 0 0 0 0 0 0 0 0 0 0 0 0 0 0 1 0 0 0 0]
[126795567698610622433503991515761508027882321679388920946190056216 0 0 0 0 0 0 0 0 0 0 0 0 0 0 0 0 0 1 0 0 0]
[1039430937992891312725298096526238972843709830361882709683495188783 0 0 0 0 0 0 0 0 0 0 0 0 0 0 0 0 0 0 1 0 0]
[638577274174088406371262911697825382349606077322594668371252754848 0 0 0 0 0 0 0 0 0 0 0 0 0 0 0 0 0 0 0 1 0]
[444095766008115481984302247952498191354726324703601314822616644516 0 0 0 0 0 0 0 0 0 0 0 0 0 0 0 0 0 0 0 0 1]
]
