[[1061230066584632943453203596196209978437952640692835156290840980571 0 0 0 0 0 0 0 0 0 0 0 0 0 0 0 0 0 0 0 0 0]
[360643480863414924918544645752330854390609634096901815120861705465 1 0 0 0 0 0 0 0 0 0 0 0 0 0 0 0 0 0 0 0 0]
[565608353407713364491952646376120796195386220964148410372460751996 0 1 0 0 0 0 0 0 0 0 0 0 0 0 0 0 0 0 0 0 0]
[80651526165109559720291527498433624345386631793206570066593383279 0 0 1 0 0 0 0 0 0 0 0 0 0 0 0 0 0 0 0 0 0]
[331181352242814680819993125014422343345182549239041970265569470486 0 0 0 1 0 0 0 0 0 0 0 0 0 0 0 0 0 0 0 0 0]
[357560067498888563675446050054491909220788696497188576899374102104 0 0 0 0 1 0 0 0 0 0 0 0 0 0 0 0 0 0 0 0 0]
[25799566203341384641915031543532741715396350153961618533765729806 0 0 0 0 0 1 0 0 0 0 0 0 0 0 0 0 0 0 0 0 0]
[690724616170518673154510455099382670564750165686151061110804465208 0 0 0 0 0 0 1 0 0 0 0 0 0 0 0 0 0 0 0 0 0]
[414924545376232632363413681321504590221886942680713953431755501431 0 0 0 0 0 0 0 1 0 0 0 0 0 0 0 0 0 0 0 0 0]
[1024064247801143812358942334782166467364401394707737292606013823091 0 0 0 0 0 0 0 0 1 0 0 0 0 0 0 0 0 0 0 0 0]
[110775328909037853803264655488226877185638999250053522261214670208 0 0 0 0 0 0 0 0 0 1 0 0 0 0 0 0 0 0 0 0 0]
[106614763918446617566170907117798548764728823740932393992719599944 0 0 0 0 0 0 0 0 0 0 1 0 0 0 0 0 0 0 0 0 0]
[231577300657226734181255902990645315183609022350707303782291537103 0 0 0 0 0 0 0 0 0 0 0 1 0 0 0 0 0 0 0 0 0]
[760039089087743320991619338882201958894077858241979978202983851488 0 0 0 0 0 0 0 0 0 0 0 0 1 0 0 0 0 0 0 0 0]
[564262044032864112467576693615048295396335840243154748273698077993 0 0 0 0 0 0 0 0 0 0 0 0 0 1 0 0 0 0 0 0 0]
[108132797311641975254428807673773510152225715437141979899204164801 0 0 0 0 0 0 0 0 0 0 0 0 0 0 1 0 0 0 0 0 0]
[893420316028805792420263236285794287566433424694044317398291534959 0 0 0 0 0 0 0 0 0 0 0 0 0 0 0 1 0 0 0 0 0]
[564280727744935245787151218207575792524780345504013384016638451824 0 0 0 0 0 0 0 0 0 0 0 0 0 0 0 0 1 0 0 0 0]
[472890803447685446722090055349289228089789581573569282286071868141 0 0 0 0 0 0 0 0 0 0 0 0 0 0 0 0 0 1 0 0 0]
[92383709799551060141289167962604206006698953266595959398957247039 0 0 0 0 0 0 0 0 0 0 0 0 0 0 0 0 0 0 1 0 0]
[4429401968227798207182738104198928192408459007240735807427567876 0 0 0 0 0 0 0 0 0 0 0 0 0 0 0 0 0 0 0 1 0]
[120831406573452385882202891631243668700525834706406815088078285341 0 0 0 0 0 0 0 0 0 0 0 0 0 0 0 0 0 0 0 0 1]
]
