[[1592826102360977548835787604570341938052772270191880483894594521967 0 0 0 0 0 0 0 0 0 0 0 0 0 0 0 0 0 0 0 0 0]
[1251406184263911243046730982314316200752188555624222376371078384496 1 0 0 0 0 0 0 0 0 0 0 0 0 0 0 0 0 0 0 0 0]
[323082776968263253239162793389550491920817445331959043121435518780 0 1 0 0 0 0 0 0 0 0 0 0 0 0 0 0 0 0 0 0 0]
[176797570509607298496774947191602003848243961980502837206869211026 0 0 1 0 0 0 0 0 0 0 0 0 0 0 0 0 0 0 0 0 0]
[1219623174611546113018740777297274137096102081940763615265620986295 0 0 0 1 0 0 0 0 0 0 0 0 0 0 0 0 0 0 0 0 0]
[11482959040663597065863006955305489558921719647633026190106879501 0 0 0 0 1 0 0 0 0 0 0 0 0 0 0 0 0 0 0 0 0]
[960713730694103883401860726491941130582600354849552719641389113740 0 0 0 0 0 1 0 0 0 0 0 0 0 0 0 0 0 0 0 0 0]
[632976315945423932401495369417969977739988304081288970455996330828 0 0 0 0 0 0 1 0 0 0 0 0 0 0 0 0 0 0 0 0 0]
[249922000547441591361224240578053469574835806085233337955006683431 0 0 0 0 0 0 0 1 0 0 0 0 0 0 0 0 0 0 0 0 0]
[1259818426831293327939293051960784079502440108550070024212552598021 0 0 0 0 0 0 0 0 1 0 0 0 0 0 0 0 0 0 0 0 0]
[1476018283654418835741402462551214304013574353817399678006556414244 0 0 0 0 0 0 0 0 0 1 0 0 0 0 0 0 0 0 0 0 0]
[640713044288959607583294745742610807345665025293846425002654845540 0 0 0 0 0 0 0 0 0 0 1 0 0 0 0 0 0 0 0 0 0]
[417195145516565258066210223091274770410253573203798987179443729609 0 0 0 0 0 0 0 0 0 0 0 1 0 0 0 0 0 0 0 0 0]
[144090743551151351447609795573303759296231972183622922414385334036 0 0 0 0 0 0 0 0 0 0 0 0 1 0 0 0 0 0 0 0 0]
[333813586919961613146514466206033333435321227264715392620498416456 0 0 0 0 0 0 0 0 0 0 0 0 0 1 0 0 0 0 0 0 0]
[42193064119730214392813503314763509137699384037737190684207932383 0 0 0 0 0 0 0 0 0 0 0 0 0 0 1 0 0 0 0 0 0]
[779857554336095853278155657979550634043154761543257220121905309016 0 0 0 0 0 0 0 0 0 0 0 0 0 0 0 1 0 0 0 0 0]
[1169866577896834527936498570299166325233691923955117385482811293232 0 0 0 0 0 0 0 0 0 0 0 0 0 0 0 0 1 0 0 0 0]
[26577963872479494832959958685131007225736116589428223906055629854 0 0 0 0 0 0 0 0 0 0 0 0 0 0 0 0 0 1 0 0 0]
[992148874396448128291246922911852113237240997130137925651094911811 0 0 0 0 0 0 0 0 0 0 0 0 0 0 0 0 0 0 1 0 0]
[1305734184973324376065414482990331543121279602748880226099015395166 0 0 0 0 0 0 0 0 0 0 0 0 0 0 0 0 0 0 0 1 0]
[1304069210894995589074348530487252458622263938626110454685341332792 0 0 0 0 0 0 0 0 0 0 0 0 0 0 0 0 0 0 0 0 1]
]
