[[1532478858682399041562980847571466811723618165512224981823192132091 0 0 0 0 0 0 0 0 0 0 0 0 0 0 0 0 0 0 0 0 0]
[260164997266683723916052890284067207451395735162671764697027881429 1 0 0 0 0 0 0 0 0 0 0 0 0 0 0 0 0 0 0 0 0]
[569204291602042703260402397877380954932519623465176088229284749483 0 1 0 0 0 0 0 0 0 0 0 0 0 0 0 0 0 0 0 0 0]
[539236837112913818979169479530119499513608752675834351768001145470 0 0 1 0 0 0 0 0 0 0 0 0 0 0 0 0 0 0 0 0 0]
[932731096508865408876294995856631969802062411066727599908330433264 0 0 0 1 0 0 0 0 0 0 0 0 0 0 0 0 0 0 0 0 0]
[448028662211138431047837627471317939548318836668185709195987351181 0 0 0 0 1 0 0 0 0 0 0 0 0 0 0 0 0 0 0 0 0]
[1154378080301543031173608280768980648427890774768459224507576056762 0 0 0 0 0 1 0 0 0 0 0 0 0 0 0 0 0 0 0 0 0]
[14096272345723181994176233681441604812664829269554329993156670751 0 0 0 0 0 0 1 0 0 0 0 0 0 0 0 0 0 0 0 0 0]
[408227657632528457818397459260503522568211633177201464188080715661 0 0 0 0 0 0 0 1 0 0 0 0 0 0 0 0 0 0 0 0 0]
[900449890902228978600462242229557405090659446711270382147918013831 0 0 0 0 0 0 0 0 1 0 0 0 0 0 0 0 0 0 0 0 0]
[738568496587998980157860982101904065616688444378326289578365132605 0 0 0 0 0 0 0 0 0 1 0 0 0 0 0 0 0 0 0 0 0]
[165062443249825656390780256392157004031938909053464085163259580919 0 0 0 0 0 0 0 0 0 0 1 0 0 0 0 0 0 0 0 0 0]
[644104855940368590641536211454592302200152882863674293544979963153 0 0 0 0 0 0 0 0 0 0 0 1 0 0 0 0 0 0 0 0 0]
[390524807713712048700202848412769737486293777771636053406088020542 0 0 0 0 0 0 0 0 0 0 0 0 1 0 0 0 0 0 0 0 0]
[689020435238338525017122951470764777217993757704538012393828086879 0 0 0 0 0 0 0 0 0 0 0 0 0 1 0 0 0 0 0 0 0]
[443417066284472518562116283063697149631170127721305923814865664387 0 0 0 0 0 0 0 0 0 0 0 0 0 0 1 0 0 0 0 0 0]
[398115097869181713436224143876988360327056976839928846656480046237 0 0 0 0 0 0 0 0 0 0 0 0 0 0 0 1 0 0 0 0 0]
[639422409296889044450563774696904466549597234716390456713526158522 0 0 0 0 0 0 0 0 0 0 0 0 0 0 0 0 1 0 0 0 0]
[941547380445403541814525367211579267331917732907734185356173603279 0 0 0 0 0 0 0 0 0 0 0 0 0 0 0 0 0 1 0 0 0]
[303498148265430813824112664082155584473873932988121102607004610795 0 0 0 0 0 0 0 0 0 0 0 0 0 0 0 0 0 0 1 0 0]
[1048984572349340814724986231958733631023751886443534926011930597809 0 0 0 0 0 0 0 0 0 0 0 0 0 0 0 0 0 0 0 1 0]
[318667164548311350309303422693361111457337389061360098426649637029 0 0 0 0 0 0 0 0 0 0 0 0 0 0 0 0 0 0 0 0 1]
]
