[[1190197764641600581205716954643329794396735032773406467091707888369 0 0 0 0 0 0 0 0 0 0 0 0 0 0 0 0 0 0 0 0 0]
[700049356402542590114254029633315730112779262586814468452324851768 1 0 0 0 0 0 0 0 0 0 0 0 0 0 0 0 0 0 0 0 0]
[1140979930769709168085253530117259740924825743130872469279330078260 0 1 0 0 0 0 0 0 0 0 0 0 0 0 0 0 0 0 0 0 0]
[892241691509204725392183566292627489340173435438893546656068842425 0 0 1 0 0 0 0 0 0 0 0 0 0 0 0 0 0 0 0 0 0]
[799797788425255493440863824767955672229150077546967619483074688930 0 0 0 1 0 0 0 0 0 0 0 0 0 0 0 0 0 0 0 0 0]
[286069388422316172457537776410281644637206309249155240301706022920 0 0 0 0 1 0 0 0 0 0 0 0 0 0 0 0 0 0 0 0 0]
[175399271542132820636044551602729031542138207408023525758563740381 0 0 0 0 0 1 0 0 0 0 0 0 0 0 0 0 0 0 0 0 0]
[910112338138472927196859326731621367306496842901318736031285292455 0 0 0 0 0 0 1 0 0 0 0 0 0 0 0 0 0 0 0 0 0]
[840162859700990008439558648501906009864472688169132540704281684669 0 0 0 0 0 0 0 1 0 0 0 0 0 0 0 0 0 0 0 0 0]
[378596343332875689703648073441160985163713526113326548198928989255 0 0 0 0 0 0 0 0 1 0 0 0 0 0 0 0 0 0 0 0 0]
[704142119232048136255409605520509975230312523845126182724331430388 0 0 0 0 0 0 0 0 0 1 0 0 0 0 0 0 0 0 0 0 0]
[471066785580200866618341185982658081563248668381975882002383424324 0 0 0 0 0 0 0 0 0 0 1 0 0 0 0 0 0 0 0 0 0]
[360398770043405341770219477505603386999133068078904760771012337598 0 0 0 0 0 0 0 0 0 0 0 1 0 0 0 0 0 0 0 0 0]
[233432705943702138057606465750143008949167628597443806716698831627 0 0 0 0 0 0 0 0 0 0 0 0 1 0 0 0 0 0 0 0 0]
[818471475932563365758474773754966425628560197551003562781224946109 0 0 0 0 0 0 0 0 0 0 0 0 0 1 0 0 0 0 0 0 0]
[1026786362796022430426721338273182363725564636281989745145383357193 0 0 0 0 0 0 0 0 0 0 0 0 0 0 1 0 0 0 0 0 0]
[294564427858305103008128133333109087451759212044302423620828887700 0 0 0 0 0 0 0 0 0 0 0 0 0 0 0 1 0 0 0 0 0]
[811861878763918279804612516536233355846934461123993657906930645826 0 0 0 0 0 0 0 0 0 0 0 0 0 0 0 0 1 0 0 0 0]
[911671838039874524468126551145370998739504227487681064456753442776 0 0 0 0 0 0 0 0 0 0 0 0 0 0 0 0 0 1 0 0 0]
[7561587869046933578423307661697890203540469856948220685493574743 0 0 0 0 0 0 0 0 0 0 0 0 0 0 0 0 0 0 1 0 0]
[555372854787515872698471328696605873203373168260903250037354927134 0 0 0 0 0 0 0 0 0 0 0 0 0 0 0 0 0 0 0 1 0]
[205372542531295598529895733683384322537661515539743419227191229868 0 0 0 0 0 0 0 0 0 0 0 0 0 0 0 0 0 0 0 0 1]
]
