[[1570613861988230552135549513605309028099807014701096710824625705167 0 0 0 0 0 0 0 0 0 0 0 0 0 0 0 0 0 0 0 0 0]
[628700218325150019041466623849300973086525751527326146260520759812 1 0 0 0 0 0 0 0 0 0 0 0 0 0 0 0 0 0 0 0 0]
[1445817440075574626331319252702347400487152167796368324546881594347 0 1 0 0 0 0 0 0 0 0 0 0 0 0 0 0 0 0 0 0 0]
[98528994005853963194680033302760781889062961994497158403394044439 0 0 1 0 0 0 0 0 0 0 0 0 0 0 0 0 0 0 0 0 0]
[873505773985321105191366440588598127201020172904538841596496613676 0 0 0 1 0 0 0 0 0 0 0 0 0 0 0 0 0 0 0 0 0]
[432336268795292108330395259216328250619450627343717229805022688729 0 0 0 0 1 0 0 0 0 0 0 0 0 0 0 0 0 0 0 0 0]
[1526817750773218367603246179344323056078015912906928313427701619105 0 0 0 0 0 1 0 0 0 0 0 0 0 0 0 0 0 0 0 0 0]
[255826129175813729802972060178875862844882060488652440679819389920 0 0 0 0 0 0 1 0 0 0 0 0 0 0 0 0 0 0 0 0 0]
[191937636815562319844972261656388410813825130839601849337236386901 0 0 0 0 0 0 0 1 0 0 0 0 0 0 0 0 0 0 0 0 0]
[523591575656692139220054587662610623699397814129790521092025101697 0 0 0 0 0 0 0 0 1 0 0 0 0 0 0 0 0 0 0 0 0]
[721856733566975284566720795059820972522363696131276947731549636874 0 0 0 0 0 0 0 0 0 1 0 0 0 0 0 0 0 0 0 0 0]
[198289875272779071643293246855870365609367635371801881209395611572 0 0 0 0 0 0 0 0 0 0 1 0 0 0 0 0 0 0 0 0 0]
[145083725764278160395972190516015954311384331828344396705130834052 0 0 0 0 0 0 0 0 0 0 0 1 0 0 0 0 0 0 0 0 0]
[1087921389778578274496233038996597132627478258451327822198115731923 0 0 0 0 0 0 0 0 0 0 0 0 1 0 0 0 0 0 0 0 0]
[227737136561805368159761410458038665474956171887154524157660018112 0 0 0 0 0 0 0 0 0 0 0 0 0 1 0 0 0 0 0 0 0]
[458652481834935455807344914068283710456180456963759142722266999923 0 0 0 0 0 0 0 0 0 0 0 0 0 0 1 0 0 0 0 0 0]
[928067927717698884119806323087830454588442847975942936103181715649 0 0 0 0 0 0 0 0 0 0 0 0 0 0 0 1 0 0 0 0 0]
[382558465700412382317825581505932747269165651549423347249282533566 0 0 0 0 0 0 0 0 0 0 0 0 0 0 0 0 1 0 0 0 0]
[1301528830494474479481037570678759710280129462822053415045304831643 0 0 0 0 0 0 0 0 0 0 0 0 0 0 0 0 0 1 0 0 0]
[1385969144879096615029165196589985758047181579911993319890808147992 0 0 0 0 0 0 0 0 0 0 0 0 0 0 0 0 0 0 1 0 0]
[352255215710930191062775638794771744778822624490870266368034856263 0 0 0 0 0 0 0 0 0 0 0 0 0 0 0 0 0 0 0 1 0]
[447035267620367563068052606647072277748668899415140552398894299705 0 0 0 0 0 0 0 0 0 0 0 0 0 0 0 0 0 0 0 0 1]
]
