[[1474504956305829569238765854948085285100117910576535323291970548797 0 0 0 0 0 0 0 0 0 0 0 0 0 0 0 0 0 0 0 0 0]
[32733182870580390150483317395513156319288378927933090139282153947 1 0 0 0 0 0 0 0 0 0 0 0 0 0 0 0 0 0 0 0 0]
[554108990173293335595435743108325275369151774798248594999441782328 0 1 0 0 0 0 0 0 0 0 0 0 0 0 0 0 0 0 0 0 0]
[1188734050943155714019819166821594166618355738495082433140002574207 0 0 1 0 0 0 0 0 0 0 0 0 0 0 0 0 0 0 0 0 0]
[499108473767740417078355263732641821448196018531691210572760690489 0 0 0 1 0 0 0 0 0 0 0 0 0 0 0 0 0 0 0 0 0]
[845754980220245153305292111439140917376230932659498545955756688036 0 0 0 0 1 0 0 0 0 0 0 0 0 0 0 0 0 0 0 0 0]
[727734056188238253627450812401008047036790719389283098774663207211 0 0 0 0 0 1 0 0 0 0 0 0 0 0 0 0 0 0 0 0 0]
[1153769520865360027438167853597361222982868126440588536494031799418 0 0 0 0 0 0 1 0 0 0 0 0 0 0 0 0 0 0 0 0 0]
[518514305254977384250260520655022409717548867752341872203754422258 0 0 0 0 0 0 0 1 0 0 0 0 0 0 0 0 0 0 0 0 0]
[649475779360486471610940010786564776813189591665398873599081553824 0 0 0 0 0 0 0 0 1 0 0 0 0 0 0 0 0 0 0 0 0]
[429542236007177472217286279744818697177267327482912104743177674402 0 0 0 0 0 0 0 0 0 1 0 0 0 0 0 0 0 0 0 0 0]
[731294333414996334223328610560119337925378559623375393790535057392 0 0 0 0 0 0 0 0 0 0 1 0 0 0 0 0 0 0 0 0 0]
[148473323483041809900681406047099577785285903515779114680201403980 0 0 0 0 0 0 0 0 0 0 0 1 0 0 0 0 0 0 0 0 0]
[1345647136239596812542949200369703274342213495795868764006846931842 0 0 0 0 0 0 0 0 0 0 0 0 1 0 0 0 0 0 0 0 0]
[736718388899981695097569272210177338048305814042524427845136065905 0 0 0 0 0 0 0 0 0 0 0 0 0 1 0 0 0 0 0 0 0]
[689952738275876458052693819121415966274259991994396235702978729655 0 0 0 0 0 0 0 0 0 0 0 0 0 0 1 0 0 0 0 0 0]
[932817666399191101652933525603265962047067349295778809986333058310 0 0 0 0 0 0 0 0 0 0 0 0 0 0 0 1 0 0 0 0 0]
[1311856925845289217917553956162469735883569313680088976493197403792 0 0 0 0 0 0 0 0 0 0 0 0 0 0 0 0 1 0 0 0 0]
[1341714842142172172573320278781273839875161452318937021906505876700 0 0 0 0 0 0 0 0 0 0 0 0 0 0 0 0 0 1 0 0 0]
[1102848227458766548571232287683551124652155514733641418033850297560 0 0 0 0 0 0 0 0 0 0 0 0 0 0 0 0 0 0 1 0 0]
[1190104876927250587778429612327262082506388283866781156113232924701 0 0 0 0 0 0 0 0 0 0 0 0 0 0 0 0 0 0 0 1 0]
[344969946565200173508659655311577108478877157302740137054245985123 0 0 0 0 0 0 0 0 0 0 0 0 0 0 0 0 0 0 0 0 1]
]
