[[1317344965104280223184632477506556929424660575693101172891703008703 0 0 0 0 0 0 0 0 0 0 0 0 0 0 0 0 0 0 0 0 0]
[752721847394970922962368749159044559910893170668851655928726663914 1 0 0 0 0 0 0 0 0 0 0 0 0 0 0 0 0 0 0 0 0]
[249450077714271269280391965310630196389631559644418640740556483556 0 1 0 0 0 0 0 0 0 0 0 0 0 0 0 0 0 0 0 0 0]
[272000491161648463156851160007556551446979673067071324302092548857 0 0 1 0 0 0 0 0 0 0 0 0 0 0 0 0 0 0 0 0 0]
[1099754710972091710218196372042892010933093378891016852102898017668 0 0 0 1 0 0 0 0 0 0 0 0 0 0 0 0 0 0 0 0 0]
[768185038919746888130798838388130088761629554160904530914768593720 0 0 0 0 1 0 0 0 0 0 0 0 0 0 0 0 0 0 0 0 0]
[891980905649110326942551262572016367602694026712327887370277793054 0 0 0 0 0 1 0 0 0 0 0 0 0 0 0 0 0 0 0 0 0]
[714888430464948187999972529316953728951844789994200127562007923741 0 0 0 0 0 0 1 0 0 0 0 0 0 0 0 0 0 0 0 0 0]
[278490595096610437928554486072965360214428095610133220267453273990 0 0 0 0 0 0 0 1 0 0 0 0 0 0 0 0 0 0 0 0 0]
[753988185748373804343190737772834280411126008294243511434934645668 0 0 0 0 0 0 0 0 1 0 0 0 0 0 0 0 0 0 0 0 0]
[381922206010123065084210588065561851961563743830823471638716821567 0 0 0 0 0 0 0 0 0 1 0 0 0 0 0 0 0 0 0 0 0]
[884701132841095455029821642250553562416044729225787378934125469172 0 0 0 0 0 0 0 0 0 0 1 0 0 0 0 0 0 0 0 0 0]
[1151008733624097715634509206575393322422507948989832677010930954063 0 0 0 0 0 0 0 0 0 0 0 1 0 0 0 0 0 0 0 0 0]
[167613461885787221931458969441123639546646407361850298052728535185 0 0 0 0 0 0 0 0 0 0 0 0 1 0 0 0 0 0 0 0 0]
[535137665169788741971455566431488093841121414421711267802027578481 0 0 0 0 0 0 0 0 0 0 0 0 0 1 0 0 0 0 0 0 0]
[999959119155135346856567682729929873256796247410221150964013636442 0 0 0 0 0 0 0 0 0 0 0 0 0 0 1 0 0 0 0 0 0]
[549423541693068666630461503544774861291600352848090909032763019178 0 0 0 0 0 0 0 0 0 0 0 0 0 0 0 1 0 0 0 0 0]
[1155869696387716461530245255509527228102733177177573604199650058770 0 0 0 0 0 0 0 0 0 0 0 0 0 0 0 0 1 0 0 0 0]
[1026868636884670865798845214446683332330393880212030237219697373688 0 0 0 0 0 0 0 0 0 0 0 0 0 0 0 0 0 1 0 0 0]
[372170014291246288035718402050184753334377719728933774718092676422 0 0 0 0 0 0 0 0 0 0 0 0 0 0 0 0 0 0 1 0 0]
[1080904287975327441495214097262121740298244655297381663483229015112 0 0 0 0 0 0 0 0 0 0 0 0 0 0 0 0 0 0 0 1 0]
[224438048481270758239490295499613252120664499256246176812031766055 0 0 0 0 0 0 0 0 0 0 0 0 0 0 0 0 0 0 0 0 1]
]
