[[1464996957603646299936364212409259319192332330290960966874660769781 0 0 0 0 0 0 0 0 0 0 0 0 0 0 0 0 0 0 0 0 0]
[1102313374162799476403798450613364672577927803958277060962806128473 1 0 0 0 0 0 0 0 0 0 0 0 0 0 0 0 0 0 0 0 0]
[813658789319535882710722164786602086910008603730106809460605104759 0 1 0 0 0 0 0 0 0 0 0 0 0 0 0 0 0 0 0 0 0]
[854184124859283791370719378400036848589000308824841217234014112024 0 0 1 0 0 0 0 0 0 0 0 0 0 0 0 0 0 0 0 0 0]
[407467549045762013704983787814705757850375085803481500350672596636 0 0 0 1 0 0 0 0 0 0 0 0 0 0 0 0 0 0 0 0 0]
[1211866508197360380305574375767823853539940834648963612973907061502 0 0 0 0 1 0 0 0 0 0 0 0 0 0 0 0 0 0 0 0 0]
[839986326130533707654218196575078038759285195813834461606219120837 0 0 0 0 0 1 0 0 0 0 0 0 0 0 0 0 0 0 0 0 0]
[100861530736542549343961579530016097238736837987393397246528597921 0 0 0 0 0 0 1 0 0 0 0 0 0 0 0 0 0 0 0 0 0]
[1121050605538343533233270113751769675442880253239123421705389029712 0 0 0 0 0 0 0 1 0 0 0 0 0 0 0 0 0 0 0 0 0]
[716212396217719812239083556505403041433774153016159188887477729328 0 0 0 0 0 0 0 0 1 0 0 0 0 0 0 0 0 0 0 0 0]
[179610922706496842359305402871428536761569137442614230070095721949 0 0 0 0 0 0 0 0 0 1 0 0 0 0 0 0 0 0 0 0 0]
[321575896269204895200934441685285625812140491265964970454290109950 0 0 0 0 0 0 0 0 0 0 1 0 0 0 0 0 0 0 0 0 0]
[1239571987495053821970985545575357944001210144259967016752581945862 0 0 0 0 0 0 0 0 0 0 0 1 0 0 0 0 0 0 0 0 0]
[846999716183630822009119202683382133600674199821883927161732005579 0 0 0 0 0 0 0 0 0 0 0 0 1 0 0 0 0 0 0 0 0]
[1420633196507151989815492530003153596768696947213015286734031261161 0 0 0 0 0 0 0 0 0 0 0 0 0 1 0 0 0 0 0 0 0]
[104626888351701371726544636975799088716525787540146000499453958505 0 0 0 0 0 0 0 0 0 0 0 0 0 0 1 0 0 0 0 0 0]
[1033632027362252426653323684880637174710182349024325158490525570744 0 0 0 0 0 0 0 0 0 0 0 0 0 0 0 1 0 0 0 0 0]
[634336459223345098842408791503727308259231410980400727615347319009 0 0 0 0 0 0 0 0 0 0 0 0 0 0 0 0 1 0 0 0 0]
[954727406914878363367663688341625324956202605226673742612674045019 0 0 0 0 0 0 0 0 0 0 0 0 0 0 0 0 0 1 0 0 0]
[898298496829226162864683194984464597503469364364201593040383480519 0 0 0 0 0 0 0 0 0 0 0 0 0 0 0 0 0 0 1 0 0]
[772069999375650145961439255399587388524277383183494488459823812163 0 0 0 0 0 0 0 0 0 0 0 0 0 0 0 0 0 0 0 1 0]
[921697143281172956134779268631261880192818235673390025992952472183 0 0 0 0 0 0 0 0 0 0 0 0 0 0 0 0 0 0 0 0 1]
]
