[[1140998874790662155713275824280102903867371532381887587795730722181 0 0 0 0 0 0 0 0 0 0 0 0 0 0 0 0 0 0 0 0 0]
[153120483411216859246572812217137562674303809011779039394086677691 1 0 0 0 0 0 0 0 0 0 0 0 0 0 0 0 0 0 0 0 0]
[83800930919792759523627914166758290607730479361400047597304727815 0 1 0 0 0 0 0 0 0 0 0 0 0 0 0 0 0 0 0 0 0]
[1008752666571204448756439073532935747988171387413829002496862875528 0 0 1 0 0 0 0 0 0 0 0 0 0 0 0 0 0 0 0 0 0]
[100130080567869548079662543811149660959772027849960153600320501977 0 0 0 1 0 0 0 0 0 0 0 0 0 0 0 0 0 0 0 0 0]
[878408858197467605650794685820012391876366889899914847904012766527 0 0 0 0 1 0 0 0 0 0 0 0 0 0 0 0 0 0 0 0 0]
[704367449755253370939217728282427200165661635851305580248544063826 0 0 0 0 0 1 0 0 0 0 0 0 0 0 0 0 0 0 0 0 0]
[236459264162091678800138692829657622226791073876402087792108299842 0 0 0 0 0 0 1 0 0 0 0 0 0 0 0 0 0 0 0 0 0]
[539686982809991116282080933733023504750362142093694813691226729163 0 0 0 0 0 0 0 1 0 0 0 0 0 0 0 0 0 0 0 0 0]
[237875129312323013212565658346990247200795227756814809504625795803 0 0 0 0 0 0 0 0 1 0 0 0 0 0 0 0 0 0 0 0 0]
[425681108271343700203140171733036488274706833781859767917188340223 0 0 0 0 0 0 0 0 0 1 0 0 0 0 0 0 0 0 0 0 0]
[336886202065506091788541136031143031316479685904176260953002968669 0 0 0 0 0 0 0 0 0 0 1 0 0 0 0 0 0 0 0 0 0]
[557124161804438320773216282684508959312429284588860115943880606759 0 0 0 0 0 0 0 0 0 0 0 1 0 0 0 0 0 0 0 0 0]
[981508364173810987133523153301631371940310475589797077115629168646 0 0 0 0 0 0 0 0 0 0 0 0 1 0 0 0 0 0 0 0 0]
[1057880424037755813060474030723271398766128189871653505210933462030 0 0 0 0 0 0 0 0 0 0 0 0 0 1 0 0 0 0 0 0 0]
[364896318174538286978401317458597260001319691204778931319879487099 0 0 0 0 0 0 0 0 0 0 0 0 0 0 1 0 0 0 0 0 0]
[16420292148578258230916921447689009403971877356782141523780915214 0 0 0 0 0 0 0 0 0 0 0 0 0 0 0 1 0 0 0 0 0]
[592042954467549623701488755440014206813261612907119529386794812467 0 0 0 0 0 0 0 0 0 0 0 0 0 0 0 0 1 0 0 0 0]
[429782075959374589279498741034251405886961761283374200367810379246 0 0 0 0 0 0 0 0 0 0 0 0 0 0 0 0 0 1 0 0 0]
[704810321745805629660205655386512254309015125718247068427818032558 0 0 0 0 0 0 0 0 0 0 0 0 0 0 0 0 0 0 1 0 0]
[1101444261786707496011462622642886660648339284966226686760405096606 0 0 0 0 0 0 0 0 0 0 0 0 0 0 0 0 0 0 0 1 0]
[565460310027118908093697345080692273548764591378959697690526213115 0 0 0 0 0 0 0 0 0 0 0 0 0 0 0 0 0 0 0 0 1]
]
