[[1517648640678501604486670353166761734862886580625486181186256257393 0 0 0 0 0 0 0 0 0 0 0 0 0 0 0 0 0 0 0 0 0]
[1286984768650488894149758113900821497735419867555285608588879513235 1 0 0 0 0 0 0 0 0 0 0 0 0 0 0 0 0 0 0 0 0]
[1116219848556825605071347306084061998974985668299983312627098868332 0 1 0 0 0 0 0 0 0 0 0 0 0 0 0 0 0 0 0 0 0]
[26092394414789023899998019639305084844362241595914017120832423683 0 0 1 0 0 0 0 0 0 0 0 0 0 0 0 0 0 0 0 0 0]
[1118898333489728677735729929299761528385548327507509996858137387978 0 0 0 1 0 0 0 0 0 0 0 0 0 0 0 0 0 0 0 0 0]
[573570381837988263578552271990228816994880634724228277570587955187 0 0 0 0 1 0 0 0 0 0 0 0 0 0 0 0 0 0 0 0 0]
[17491508493078242402009257056339892455142984841694618296327318542 0 0 0 0 0 1 0 0 0 0 0 0 0 0 0 0 0 0 0 0 0]
[1057854438104768701921023594365250999971817482595526352746342441328 0 0 0 0 0 0 1 0 0 0 0 0 0 0 0 0 0 0 0 0 0]
[288624706453988991109177060107461030484794781688549869674653974114 0 0 0 0 0 0 0 1 0 0 0 0 0 0 0 0 0 0 0 0 0]
[1080151825281996122662279465964087812445346356398731950799187889578 0 0 0 0 0 0 0 0 1 0 0 0 0 0 0 0 0 0 0 0 0]
[424817059881830561152951638334889715242786146688140815432005096348 0 0 0 0 0 0 0 0 0 1 0 0 0 0 0 0 0 0 0 0 0]
[633259080884157778794303100822816677346644513202870226941698967320 0 0 0 0 0 0 0 0 0 0 1 0 0 0 0 0 0 0 0 0 0]
[830574724207045884816724125312795275429422084255599089653119950383 0 0 0 0 0 0 0 0 0 0 0 1 0 0 0 0 0 0 0 0 0]
[896580076720145047040293855767869252296515906365408637486727038799 0 0 0 0 0 0 0 0 0 0 0 0 1 0 0 0 0 0 0 0 0]
[1047314947252146194886837023966636685314192227660455917203756067476 0 0 0 0 0 0 0 0 0 0 0 0 0 1 0 0 0 0 0 0 0]
[270970313653690983854021170750006272516018565282743754256336618392 0 0 0 0 0 0 0 0 0 0 0 0 0 0 1 0 0 0 0 0 0]
[976624465712448170388479625248998789181933535463899022095231636836 0 0 0 0 0 0 0 0 0 0 0 0 0 0 0 1 0 0 0 0 0]
[1439055611735675424000499741226800232220289540551092858944633544035 0 0 0 0 0 0 0 0 0 0 0 0 0 0 0 0 1 0 0 0 0]
[221790436695264085076591748921197183657133880232712819446398996715 0 0 0 0 0 0 0 0 0 0 0 0 0 0 0 0 0 1 0 0 0]
[514605552549377900777219075048057011126803503414998542163220361928 0 0 0 0 0 0 0 0 0 0 0 0 0 0 0 0 0 0 1 0 0]
[101183192899931070993947772927543203024908616558524879904627356428 0 0 0 0 0 0 0 0 0 0 0 0 0 0 0 0 0 0 0 1 0]
[1240536372931803117520046345625699624127668391422373250187870547687 0 0 0 0 0 0 0 0 0 0 0 0 0 0 0 0 0 0 0 0 1]
]
