[[1085861453066226073857314475292874921403749761522381059265303113317 0 0 0 0 0 0 0 0 0 0 0 0 0 0 0 0 0 0 0 0 0]
[890369758611318089618755923972435886426662930554799882169795438667 1 0 0 0 0 0 0 0 0 0 0 0 0 0 0 0 0 0 0 0 0]
[968200849662500082656976558250637894066920533743471777369201427100 0 1 0 0 0 0 0 0 0 0 0 0 0 0 0 0 0 0 0 0 0]
[565752616742614000442470942494099125601751210761679853226308939683 0 0 1 0 0 0 0 0 0 0 0 0 0 0 0 0 0 0 0 0 0]
[401076362291185124063061226099338809618650996523884208755254594703 0 0 0 1 0 0 0 0 0 0 0 0 0 0 0 0 0 0 0 0 0]
[548271226741463324009408362637767862171689977625095319616448972686 0 0 0 0 1 0 0 0 0 0 0 0 0 0 0 0 0 0 0 0 0]
[421894039193804415251944865077325563278565522188008033865421764897 0 0 0 0 0 1 0 0 0 0 0 0 0 0 0 0 0 0 0 0 0]
[45714017693359005240250079481742933517866494884864815317814893502 0 0 0 0 0 0 1 0 0 0 0 0 0 0 0 0 0 0 0 0 0]
[84790268508087901774631201038538776087893092032223057789788833826 0 0 0 0 0 0 0 1 0 0 0 0 0 0 0 0 0 0 0 0 0]
[685138504372837697287926697207266270092093099861634531628913327122 0 0 0 0 0 0 0 0 1 0 0 0 0 0 0 0 0 0 0 0 0]
[884415086417812158187323344072007403119176855356190031451375789871 0 0 0 0 0 0 0 0 0 1 0 0 0 0 0 0 0 0 0 0 0]
[366236803172537570522018795677857187888106452152465127785935129007 0 0 0 0 0 0 0 0 0 0 1 0 0 0 0 0 0 0 0 0 0]
[265398574761989804224133466571795686957614347575658286519571281772 0 0 0 0 0 0 0 0 0 0 0 1 0 0 0 0 0 0 0 0 0]
[431370827415203510790784795813604658439495577399732045078432570947 0 0 0 0 0 0 0 0 0 0 0 0 1 0 0 0 0 0 0 0 0]
[245266458945144107634610214506233324865968682542031482592668329645 0 0 0 0 0 0 0 0 0 0 0 0 0 1 0 0 0 0 0 0 0]
[144110906447887064814587844559722456963436044941215988543816486464 0 0 0 0 0 0 0 0 0 0 0 0 0 0 1 0 0 0 0 0 0]
[253923935300160061605132403709307338093878685662101930005651402766 0 0 0 0 0 0 0 0 0 0 0 0 0 0 0 1 0 0 0 0 0]
[495790109312959577926365663470507749879021806704507828394350329575 0 0 0 0 0 0 0 0 0 0 0 0 0 0 0 0 1 0 0 0 0]
[1004085271634373672828455057387699068455425630455556944632461535832 0 0 0 0 0 0 0 0 0 0 0 0 0 0 0 0 0 1 0 0 0]
[313190758957301392679955363587259342411606054860271759750619309625 0 0 0 0 0 0 0 0 0 0 0 0 0 0 0 0 0 0 1 0 0]
[595996559682483966136888565276974015186454517738710040633507288585 0 0 0 0 0 0 0 0 0 0 0 0 0 0 0 0 0 0 0 1 0]
[731966490878178831486170724453733683816274878605583894212666355695 0 0 0 0 0 0 0 0 0 0 0 0 0 0 0 0 0 0 0 0 1]
]
