[[1435150734588854485895818164625914214213470417054656877651381194887 0 0 0 0 0 0 0 0 0 0 0 0 0 0 0 0 0 0 0 0 0]
[719959984021123902010585249070191136186358032250961368581573248146 1 0 0 0 0 0 0 0 0 0 0 0 0 0 0 0 0 0 0 0 0]
[338841816730051287929608695541624284118591759737057413912564661477 0 1 0 0 0 0 0 0 0 0 0 0 0 0 0 0 0 0 0 0 0]
[248174331231127897623939639551447969748924655551137131071552639294 0 0 1 0 0 0 0 0 0 0 0 0 0 0 0 0 0 0 0 0 0]
[1356248185032945463772382978884823027245298178515274565816062682030 0 0 0 1 0 0 0 0 0 0 0 0 0 0 0 0 0 0 0 0 0]
[52829135321713577343855101428940541727140902049844261766301272232 0 0 0 0 1 0 0 0 0 0 0 0 0 0 0 0 0 0 0 0 0]
[142972756896096357069611666808034941711951150781914718177114621105 0 0 0 0 0 1 0 0 0 0 0 0 0 0 0 0 0 0 0 0 0]
[203203300498094699409550882451319145732329322084102219017705135011 0 0 0 0 0 0 1 0 0 0 0 0 0 0 0 0 0 0 0 0 0]
[1221753863990349066039402730051802220308869959099637311075086182018 0 0 0 0 0 0 0 1 0 0 0 0 0 0 0 0 0 0 0 0 0]
[1308956438523695963753327857321286973875862675350439631723826836253 0 0 0 0 0 0 0 0 1 0 0 0 0 0 0 0 0 0 0 0 0]
[190320589329265186029560988978587388218812730329871646182669283600 0 0 0 0 0 0 0 0 0 1 0 0 0 0 0 0 0 0 0 0 0]
[165877060775822663893338221725423810181378785294588026608393337992 0 0 0 0 0 0 0 0 0 0 1 0 0 0 0 0 0 0 0 0 0]
[1118368454555781766607604662146455075959663630086712348448614527675 0 0 0 0 0 0 0 0 0 0 0 1 0 0 0 0 0 0 0 0 0]
[1076592257225499947749957050166376759559182940791967836190943670571 0 0 0 0 0 0 0 0 0 0 0 0 1 0 0 0 0 0 0 0 0]
[546749412124296477056403834103347839090292053479239491385150904139 0 0 0 0 0 0 0 0 0 0 0 0 0 1 0 0 0 0 0 0 0]
[589916974468339146045470871179477467191386228827342112085019882463 0 0 0 0 0 0 0 0 0 0 0 0 0 0 1 0 0 0 0 0 0]
[1124748026189237085544222312535134987171978282609984470698400572774 0 0 0 0 0 0 0 0 0 0 0 0 0 0 0 1 0 0 0 0 0]
[1373509020462761343776777771812224600885547422856802928137536287063 0 0 0 0 0 0 0 0 0 0 0 0 0 0 0 0 1 0 0 0 0]
[1236431426341016147671473715256683472947065671190665841207951827571 0 0 0 0 0 0 0 0 0 0 0 0 0 0 0 0 0 1 0 0 0]
[1200091672611629044761597722710715012859294499408207259667332639432 0 0 0 0 0 0 0 0 0 0 0 0 0 0 0 0 0 0 1 0 0]
[850569982114407397341381241679857907460826424809779554970516057892 0 0 0 0 0 0 0 0 0 0 0 0 0 0 0 0 0 0 0 1 0]
[659931349146766676612513962268459054259062101493050368256812490612 0 0 0 0 0 0 0 0 0 0 0 0 0 0 0 0 0 0 0 0 1]
]
