[[1631498615306386653216795109563902011199211890311395422463263677969 0 0 0 0 0 0 0 0 0 0 0 0 0 0 0 0 0 0 0 0 0]
[1410192644201999991369872499103168784311792109142412797066853849771 1 0 0 0 0 0 0 0 0 0 0 0 0 0 0 0 0 0 0 0 0]
[1397741403523576290369393409566567090934157924591803844890566712646 0 1 0 0 0 0 0 0 0 0 0 0 0 0 0 0 0 0 0 0 0]
[885926877633222748389266145707389914792916478128553971362776345428 0 0 1 0 0 0 0 0 0 0 0 0 0 0 0 0 0 0 0 0 0]
[1223926730284446657236759374562389928591660105005839983504990418923 0 0 0 1 0 0 0 0 0 0 0 0 0 0 0 0 0 0 0 0 0]
[121509947242846160189484273716030894434612633484784692851456596637 0 0 0 0 1 0 0 0 0 0 0 0 0 0 0 0 0 0 0 0 0]
[925972244541591353341327220722555296610302762615191239248676119071 0 0 0 0 0 1 0 0 0 0 0 0 0 0 0 0 0 0 0 0 0]
[603456969749416028901671080499133985750075128046186151847118931768 0 0 0 0 0 0 1 0 0 0 0 0 0 0 0 0 0 0 0 0 0]
[1229767235670334362363408927108773252226161088358124620120775766611 0 0 0 0 0 0 0 1 0 0 0 0 0 0 0 0 0 0 0 0 0]
[437434861043132133051534691634957973313804834553321394525791344077 0 0 0 0 0 0 0 0 1 0 0 0 0 0 0 0 0 0 0 0 0]
[35318054453191482675472718218596698970140090285524721701482412371 0 0 0 0 0 0 0 0 0 1 0 0 0 0 0 0 0 0 0 0 0]
[1081330390682474544464809090393562681888785292385085580977283324898 0 0 0 0 0 0 0 0 0 0 1 0 0 0 0 0 0 0 0 0 0]
[1448978823675514873555051728285404398848890243703446873433401543557 0 0 0 0 0 0 0 0 0 0 0 1 0 0 0 0 0 0 0 0 0]
[1603170402539163635458278043973416273206014606757416344950695686744 0 0 0 0 0 0 0 0 0 0 0 0 1 0 0 0 0 0 0 0 0]
[1012534495398904012960993076588631386012799870314562286531374743382 0 0 0 0 0 0 0 0 0 0 0 0 0 1 0 0 0 0 0 0 0]
[495132892638659018678026626661911735449111371796726150283050260421 0 0 0 0 0 0 0 0 0 0 0 0 0 0 1 0 0 0 0 0 0]
[515954261545712731203172994050580781868921009259322874509547526293 0 0 0 0 0 0 0 0 0 0 0 0 0 0 0 1 0 0 0 0 0]
[424380450186021481187161232450686507760938219904599918866541187198 0 0 0 0 0 0 0 0 0 0 0 0 0 0 0 0 1 0 0 0 0]
[878366152747981418620091735869137741206207586130010156103380391364 0 0 0 0 0 0 0 0 0 0 0 0 0 0 0 0 0 1 0 0 0]
[1583606724629707485567861104349935322654859911884404869524414096979 0 0 0 0 0 0 0 0 0 0 0 0 0 0 0 0 0 0 1 0 0]
[240811052053077305978135354192563151162778853751491229227812011098 0 0 0 0 0 0 0 0 0 0 0 0 0 0 0 0 0 0 0 1 0]
[993492294863568251681250994520274839269954742385240846720355071840 0 0 0 0 0 0 0 0 0 0 0 0 0 0 0 0 0 0 0 0 1]
]
