[[1216376823408762663622227199837392137590706788270124679110505721243 0 0 0 0 0 0 0 0 0 0 0 0 0 0 0 0 0 0 0 0 0]
[322503733432957790044701675167023041288222484542777023571151281084 1 0 0 0 0 0 0 0 0 0 0 0 0 0 0 0 0 0 0 0 0]
[238188248283705025586775382360695103493266676722524869751739915219 0 1 0 0 0 0 0 0 0 0 0 0 0 0 0 0 0 0 0 0 0]
[1056991583824792062255424984999206446281137689335340317896594053662 0 0 1 0 0 0 0 0 0 0 0 0 0 0 0 0 0 0 0 0 0]
[860061883369464382611798044749846277981997815662347781393540967605 0 0 0 1 0 0 0 0 0 0 0 0 0 0 0 0 0 0 0 0 0]
[1052557432149398613615130480175682505313078366517970645584452937779 0 0 0 0 1 0 0 0 0 0 0 0 0 0 0 0 0 0 0 0 0]
[451301183322878145996580305976048275605142705892398116100704783992 0 0 0 0 0 1 0 0 0 0 0 0 0 0 0 0 0 0 0 0 0]
[409162947265510394037602809346503217043936532111698668017398697374 0 0 0 0 0 0 1 0 0 0 0 0 0 0 0 0 0 0 0 0 0]
[1196164927881178188849474682430159919459154548217798926052521619016 0 0 0 0 0 0 0 1 0 0 0 0 0 0 0 0 0 0 0 0 0]
[56541276401069663864487608071986112874471477523371281041374973275 0 0 0 0 0 0 0 0 1 0 0 0 0 0 0 0 0 0 0 0 0]
[735070444211348333658835335120523679902109463675543817169092420350 0 0 0 0 0 0 0 0 0 1 0 0 0 0 0 0 0 0 0 0 0]
[841555674487861989206486449366289782388667414250139134481973813895 0 0 0 0 0 0 0 0 0 0 1 0 0 0 0 0 0 0 0 0 0]
[1010859615006768363837635240007177622430425976371671309621537303162 0 0 0 0 0 0 0 0 0 0 0 1 0 0 0 0 0 0 0 0 0]
[197441378301088083604775038815727371848417913639230084090599931753 0 0 0 0 0 0 0 0 0 0 0 0 1 0 0 0 0 0 0 0 0]
[262467190428087490650773251992190881414391659250110657734186449074 0 0 0 0 0 0 0 0 0 0 0 0 0 1 0 0 0 0 0 0 0]
[549682218542169921733637659099994227087259843933089765836599735875 0 0 0 0 0 0 0 0 0 0 0 0 0 0 1 0 0 0 0 0 0]
[685950041030748211023051404071191520612289280132551787261743650576 0 0 0 0 0 0 0 0 0 0 0 0 0 0 0 1 0 0 0 0 0]
[646115055743773419072240618023619331278004752530965343769983233306 0 0 0 0 0 0 0 0 0 0 0 0 0 0 0 0 1 0 0 0 0]
[458805645978221565820685490432900839055163642542422541805028736588 0 0 0 0 0 0 0 0 0 0 0 0 0 0 0 0 0 1 0 0 0]
[747254675489052294717788895926269397695163884105018432657013880725 0 0 0 0 0 0 0 0 0 0 0 0 0 0 0 0 0 0 1 0 0]
[1168456332623181830375227000475201260329349288653245445758015418867 0 0 0 0 0 0 0 0 0 0 0 0 0 0 0 0 0 0 0 1 0]
[104120795918881965068766461525342570846334846669080331241403360081 0 0 0 0 0 0 0 0 0 0 0 0 0 0 0 0 0 0 0 0 1]
]
