[[934607098444383051871431813829389432129454395233348870881097395849 0 0 0 0 0 0 0 0 0 0 0 0 0 0 0 0 0 0 0 0 0]
[474667448024180002835379585781367755900753404100900230117808091255 1 0 0 0 0 0 0 0 0 0 0 0 0 0 0 0 0 0 0 0 0]
[113979735188562514360360131599467815672848662843284156774044773793 0 1 0 0 0 0 0 0 0 0 0 0 0 0 0 0 0 0 0 0 0]
[311949567886416091291737749635661731762721287446272017339847943367 0 0 1 0 0 0 0 0 0 0 0 0 0 0 0 0 0 0 0 0 0]
[1038991381284635737785430658061101004767267470278765103650704024 0 0 0 1 0 0 0 0 0 0 0 0 0 0 0 0 0 0 0 0 0]
[188121854237482708723201121003091840590476840829951889929936826033 0 0 0 0 1 0 0 0 0 0 0 0 0 0 0 0 0 0 0 0 0]
[582204318545094988536405900712538855143741946080151018305140344008 0 0 0 0 0 1 0 0 0 0 0 0 0 0 0 0 0 0 0 0 0]
[406918091814508792437197471529387989701553441375549776011215840119 0 0 0 0 0 0 1 0 0 0 0 0 0 0 0 0 0 0 0 0 0]
[97513882902845750644885152143530478804831074553175973251254664960 0 0 0 0 0 0 0 1 0 0 0 0 0 0 0 0 0 0 0 0 0]
[792896561187692792991210873011591237108962173944422929954194845836 0 0 0 0 0 0 0 0 1 0 0 0 0 0 0 0 0 0 0 0 0]
[317421176672408894591283888124037082799064384137400647596789379216 0 0 0 0 0 0 0 0 0 1 0 0 0 0 0 0 0 0 0 0 0]
[20663820819574208206037753564438712629795840568076644568087501945 0 0 0 0 0 0 0 0 0 0 1 0 0 0 0 0 0 0 0 0 0]
[684787688630711054127467009152384590026698452563952787896241556086 0 0 0 0 0 0 0 0 0 0 0 1 0 0 0 0 0 0 0 0 0]
[9145544293795878467001384789580950385566358262052512735849695322 0 0 0 0 0 0 0 0 0 0 0 0 1 0 0 0 0 0 0 0 0]
[818226436919384100670823884162354325725379276804808169148145939940 0 0 0 0 0 0 0 0 0 0 0 0 0 1 0 0 0 0 0 0 0]
[180421864249756500510273290928132361253904146230453869689575484902 0 0 0 0 0 0 0 0 0 0 0 0 0 0 1 0 0 0 0 0 0]
[136042770736054140121475121422345575867899065645791265515245216107 0 0 0 0 0 0 0 0 0 0 0 0 0 0 0 1 0 0 0 0 0]
[349552000052559765494086914160541182670055315234046142485452599273 0 0 0 0 0 0 0 0 0 0 0 0 0 0 0 0 1 0 0 0 0]
[228870192198503552370429305658483158602124856907090241971568228688 0 0 0 0 0 0 0 0 0 0 0 0 0 0 0 0 0 1 0 0 0]
[462925458322733576106494836244229026627868344518355001883542789441 0 0 0 0 0 0 0 0 0 0 0 0 0 0 0 0 0 0 1 0 0]
[101734202965167053541933195561392184692594665344470448518580268813 0 0 0 0 0 0 0 0 0 0 0 0 0 0 0 0 0 0 0 1 0]
[257373381943584442950527402445259774168354190598365776850967939805 0 0 0 0 0 0 0 0 0 0 0 0 0 0 0 0 0 0 0 0 1]
]
