[[1677376756879996685183718909709087443014879986239341969346415898261 0 0 0 0 0 0 0 0 0 0 0 0 0 0 0 0 0 0 0 0 0]
[302950132483335896951466786513047219934883123441369920685389949601 1 0 0 0 0 0 0 0 0 0 0 0 0 0 0 0 0 0 0 0 0]
[629163041884132036019003995655114996021088109416255124678828345709 0 1 0 0 0 0 0 0 0 0 0 0 0 0 0 0 0 0 0 0 0]
[1145081637776782658248418033248157485376397821949184438864868947982 0 0 1 0 0 0 0 0 0 0 0 0 0 0 0 0 0 0 0 0 0]
[510375732773293842937672779565081229091460670542449394574566714171 0 0 0 1 0 0 0 0 0 0 0 0 0 0 0 0 0 0 0 0 0]
[899974980019402855424545639862248768893638495006015502033434679218 0 0 0 0 1 0 0 0 0 0 0 0 0 0 0 0 0 0 0 0 0]
[809216576387204583234680571415588378224645149913216456789037270426 0 0 0 0 0 1 0 0 0 0 0 0 0 0 0 0 0 0 0 0 0]
[1644414142227386322967734356250481507339875535228472321161052252909 0 0 0 0 0 0 1 0 0 0 0 0 0 0 0 0 0 0 0 0 0]
[898361471773047125364475797317762892712393070835130542674091577675 0 0 0 0 0 0 0 1 0 0 0 0 0 0 0 0 0 0 0 0 0]
[1593645601245986128127683992262430867624545153647655749322262031650 0 0 0 0 0 0 0 0 1 0 0 0 0 0 0 0 0 0 0 0 0]
[851461117256355209634482266800244574464942947717956949071915105333 0 0 0 0 0 0 0 0 0 1 0 0 0 0 0 0 0 0 0 0 0]
[302705473909646873261841161167527868978473727436869514790682829988 0 0 0 0 0 0 0 0 0 0 1 0 0 0 0 0 0 0 0 0 0]
[748438901617787272747629657450254832723276204071456075871697820283 0 0 0 0 0 0 0 0 0 0 0 1 0 0 0 0 0 0 0 0 0]
[1513979375202717887007988633898272490240712724627997910986982289852 0 0 0 0 0 0 0 0 0 0 0 0 1 0 0 0 0 0 0 0 0]
[1379519260361890456199466806854089177666034116551818320491862543378 0 0 0 0 0 0 0 0 0 0 0 0 0 1 0 0 0 0 0 0 0]
[324638609294142798838262552115938514136753213180792858325299927711 0 0 0 0 0 0 0 0 0 0 0 0 0 0 1 0 0 0 0 0 0]
[157082904521577927712980986259818767163942284559360334239510801403 0 0 0 0 0 0 0 0 0 0 0 0 0 0 0 1 0 0 0 0 0]
[1120473831735113062709209999355927461099512994581939162266024468961 0 0 0 0 0 0 0 0 0 0 0 0 0 0 0 0 1 0 0 0 0]
[1220157973566753224070148500602384565463413482441417791572301484246 0 0 0 0 0 0 0 0 0 0 0 0 0 0 0 0 0 1 0 0 0]
[1003455420363956524707583411952320643544942983380360650511010799228 0 0 0 0 0 0 0 0 0 0 0 0 0 0 0 0 0 0 1 0 0]
[497564126545019790489449440966849474771532997675563898260198567383 0 0 0 0 0 0 0 0 0 0 0 0 0 0 0 0 0 0 0 1 0]
[296821848069034712069824905545576849366859510583898261374242025026 0 0 0 0 0 0 0 0 0 0 0 0 0 0 0 0 0 0 0 0 1]
]
