[[1328922595990056488663177940111707688075460998263164849333957516273 0 0 0 0 0 0 0 0 0 0 0 0 0 0 0 0 0 0 0 0 0]
[781646500085857324788015100035239615303676261934105896534748399943 1 0 0 0 0 0 0 0 0 0 0 0 0 0 0 0 0 0 0 0 0]
[1161345463328433486244264557760384902340919289992261756485403090672 0 1 0 0 0 0 0 0 0 0 0 0 0 0 0 0 0 0 0 0 0]
[5996432566242401668709781229468834576016517420830054784065291148 0 0 1 0 0 0 0 0 0 0 0 0 0 0 0 0 0 0 0 0 0]
[725092538728006786193401881093248485499142982574592311917022234632 0 0 0 1 0 0 0 0 0 0 0 0 0 0 0 0 0 0 0 0 0]
[105984610559077767508902052093495575143527910463139784905843330956 0 0 0 0 1 0 0 0 0 0 0 0 0 0 0 0 0 0 0 0 0]
[698487860163391332384743609118380619350536490359969206619018716999 0 0 0 0 0 1 0 0 0 0 0 0 0 0 0 0 0 0 0 0 0]
[1201847815933641871075764762489752949413186764454580935213741790441 0 0 0 0 0 0 1 0 0 0 0 0 0 0 0 0 0 0 0 0 0]
[202587713651499440870602067044349543205613764868305182895404492405 0 0 0 0 0 0 0 1 0 0 0 0 0 0 0 0 0 0 0 0 0]
[310063609067252831879731923527772624741870192873970494967923288177 0 0 0 0 0 0 0 0 1 0 0 0 0 0 0 0 0 0 0 0 0]
[282821162926036059536550753743909461320820370378344766989700088410 0 0 0 0 0 0 0 0 0 1 0 0 0 0 0 0 0 0 0 0 0]
[307665992757195799848882760300136550520103065456340226604936240425 0 0 0 0 0 0 0 0 0 0 1 0 0 0 0 0 0 0 0 0 0]
[1092522118061061970073697557827900955655638459341837988555985118505 0 0 0 0 0 0 0 0 0 0 0 1 0 0 0 0 0 0 0 0 0]
[346428056888010883221294259103217390860562291143161556012800427272 0 0 0 0 0 0 0 0 0 0 0 0 1 0 0 0 0 0 0 0 0]
[329486851843310832591164865415509753676316337181218879902646122653 0 0 0 0 0 0 0 0 0 0 0 0 0 1 0 0 0 0 0 0 0]
[656066308766415701341581345610441037830644439995963359505172651152 0 0 0 0 0 0 0 0 0 0 0 0 0 0 1 0 0 0 0 0 0]
[757486066750232870808953463101479250238743097772169283225385022401 0 0 0 0 0 0 0 0 0 0 0 0 0 0 0 1 0 0 0 0 0]
[1148792342508016657053163771081140177875042258235226126055891823191 0 0 0 0 0 0 0 0 0 0 0 0 0 0 0 0 1 0 0 0 0]
[374719708918853870401923669414343861062900381074826492113936000048 0 0 0 0 0 0 0 0 0 0 0 0 0 0 0 0 0 1 0 0 0]
[1275521726567557265052505977500962807417591232069691193745200523030 0 0 0 0 0 0 0 0 0 0 0 0 0 0 0 0 0 0 1 0 0]
[1262572452273599475721905911014486292504523639998811153121676368133 0 0 0 0 0 0 0 0 0 0 0 0 0 0 0 0 0 0 0 1 0]
[1053941048010007702194004105057238046860982067113590921276992416126 0 0 0 0 0 0 0 0 0 0 0 0 0 0 0 0 0 0 0 0 1]
]
