[[1558594864833569867024830070395670381056184029383761988369547118387 0 0 0 0 0 0 0 0 0 0 0 0 0 0 0 0 0 0 0 0 0]
[47399079747824241868515951496434432892304465193136666760629648195 1 0 0 0 0 0 0 0 0 0 0 0 0 0 0 0 0 0 0 0 0]
[964237122212976627902442242961042158143200746397420506842108852760 0 1 0 0 0 0 0 0 0 0 0 0 0 0 0 0 0 0 0 0 0]
[531924933271021004110756520773068637367048354321275591149910514680 0 0 1 0 0 0 0 0 0 0 0 0 0 0 0 0 0 0 0 0 0]
[1369846642878580639746709591468941206172559333886035911291099141667 0 0 0 1 0 0 0 0 0 0 0 0 0 0 0 0 0 0 0 0 0]
[1132451640674804763982098299084897917721740065131415209057926821422 0 0 0 0 1 0 0 0 0 0 0 0 0 0 0 0 0 0 0 0 0]
[196678240662243783063953060730039440902909510296443713996716656675 0 0 0 0 0 1 0 0 0 0 0 0 0 0 0 0 0 0 0 0 0]
[1146113693103561429939138187804270462551460714649487591661254213989 0 0 0 0 0 0 1 0 0 0 0 0 0 0 0 0 0 0 0 0 0]
[1441869556740297576159644326536920637159087137574491386911843268845 0 0 0 0 0 0 0 1 0 0 0 0 0 0 0 0 0 0 0 0 0]
[88858616389080464865472197745463234227499306135680227357960905251 0 0 0 0 0 0 0 0 1 0 0 0 0 0 0 0 0 0 0 0 0]
[834461064392968129266133911990225968878533576768659794188643174409 0 0 0 0 0 0 0 0 0 1 0 0 0 0 0 0 0 0 0 0 0]
[901249247598126522365722478052066903619253166716985895949096536132 0 0 0 0 0 0 0 0 0 0 1 0 0 0 0 0 0 0 0 0 0]
[441135816124437188522010337073620152972404621704450817145110896018 0 0 0 0 0 0 0 0 0 0 0 1 0 0 0 0 0 0 0 0 0]
[1343112585208215946620058996423328845469467258438314150011687613948 0 0 0 0 0 0 0 0 0 0 0 0 1 0 0 0 0 0 0 0 0]
[986327491231632948881786911490094773938967132200465795965579793792 0 0 0 0 0 0 0 0 0 0 0 0 0 1 0 0 0 0 0 0 0]
[1057937809508278538572860306443605848956698441173154458176997316883 0 0 0 0 0 0 0 0 0 0 0 0 0 0 1 0 0 0 0 0 0]
[89939162108577290070068783061088918467914801325705650958968132069 0 0 0 0 0 0 0 0 0 0 0 0 0 0 0 1 0 0 0 0 0]
[241865506486298832603187942804805063535881387764116970892512215636 0 0 0 0 0 0 0 0 0 0 0 0 0 0 0 0 1 0 0 0 0]
[443858471653072609022565070236877378513941194177467192688227865185 0 0 0 0 0 0 0 0 0 0 0 0 0 0 0 0 0 1 0 0 0]
[505555047088815902067148400919413537665645351145755263709731849085 0 0 0 0 0 0 0 0 0 0 0 0 0 0 0 0 0 0 1 0 0]
[296093818439531308436162036569680868167428586338215503960129028255 0 0 0 0 0 0 0 0 0 0 0 0 0 0 0 0 0 0 0 1 0]
[688841260161570478827460236173359800378404762451802793091726143351 0 0 0 0 0 0 0 0 0 0 0 0 0 0 0 0 0 0 0 0 1]
]
