[[1362323643019061819626477856077123308985402271809033920106941271391 0 0 0 0 0 0 0 0 0 0 0 0 0 0 0 0 0 0 0 0 0]
[1162865238233949422561656358239826146857129186112398438727632416543 1 0 0 0 0 0 0 0 0 0 0 0 0 0 0 0 0 0 0 0 0]
[86185771056206341835158310655172787210437397324449374171604324464 0 1 0 0 0 0 0 0 0 0 0 0 0 0 0 0 0 0 0 0 0]
[1048581448311181670191761046067647347574762266616362493239496616865 0 0 1 0 0 0 0 0 0 0 0 0 0 0 0 0 0 0 0 0 0]
[154182200401918430093038810477415211622903242260109997941959851284 0 0 0 1 0 0 0 0 0 0 0 0 0 0 0 0 0 0 0 0 0]
[100745144247990941327006787889404080556243142032076727358427806962 0 0 0 0 1 0 0 0 0 0 0 0 0 0 0 0 0 0 0 0 0]
[764909354353129044731251896446426700250845625268353734443979136816 0 0 0 0 0 1 0 0 0 0 0 0 0 0 0 0 0 0 0 0 0]
[1041628682856630290492284283083272933058758402495797863578840213982 0 0 0 0 0 0 1 0 0 0 0 0 0 0 0 0 0 0 0 0 0]
[862169330962535233819278002602967528323413990098656126249475647250 0 0 0 0 0 0 0 1 0 0 0 0 0 0 0 0 0 0 0 0 0]
[1068261754891419110906188968631688232029855623496343516333540246134 0 0 0 0 0 0 0 0 1 0 0 0 0 0 0 0 0 0 0 0 0]
[373647807686122666083298884397382426038664144027483569646176878611 0 0 0 0 0 0 0 0 0 1 0 0 0 0 0 0 0 0 0 0 0]
[498204026775287256138866416899588179124798648670894215172557155893 0 0 0 0 0 0 0 0 0 0 1 0 0 0 0 0 0 0 0 0 0]
[296454720241231864043166418402473967687079027510612634460066505174 0 0 0 0 0 0 0 0 0 0 0 1 0 0 0 0 0 0 0 0 0]
[1297078903701478252435746160535351764137148923991895227658814216250 0 0 0 0 0 0 0 0 0 0 0 0 1 0 0 0 0 0 0 0 0]
[1026759818068651817679396406850325949383806482028736177846253894748 0 0 0 0 0 0 0 0 0 0 0 0 0 1 0 0 0 0 0 0 0]
[1290189873671378350167068613264463563049527843801346088535409094734 0 0 0 0 0 0 0 0 0 0 0 0 0 0 1 0 0 0 0 0 0]
[319487997198973235417732011009433747090737324864159167902649104288 0 0 0 0 0 0 0 0 0 0 0 0 0 0 0 1 0 0 0 0 0]
[1044081473998188042293603013125884073833861359073762532027188682227 0 0 0 0 0 0 0 0 0 0 0 0 0 0 0 0 1 0 0 0 0]
[471746409063159059540800389948673752864827286114212278175421791771 0 0 0 0 0 0 0 0 0 0 0 0 0 0 0 0 0 1 0 0 0]
[1242070783160231725990453578571645688944139172298962635663002549685 0 0 0 0 0 0 0 0 0 0 0 0 0 0 0 0 0 0 1 0 0]
[963168764000913894719455831568285938646355938394265607222966929205 0 0 0 0 0 0 0 0 0 0 0 0 0 0 0 0 0 0 0 1 0]
[1266545646548947508201581509082357073820618017575692332022685411436 0 0 0 0 0 0 0 0 0 0 0 0 0 0 0 0 0 0 0 0 1]
]
