[[1497343751677895329119899467809065270323773513495896628665731428829 0 0 0 0 0 0 0 0 0 0 0 0 0 0 0 0 0 0 0 0 0]
[719338568098549850142209131142721997388094439107132701569142763532 1 0 0 0 0 0 0 0 0 0 0 0 0 0 0 0 0 0 0 0 0]
[578905811915472419156853811447376460691181901302806838056710642442 0 1 0 0 0 0 0 0 0 0 0 0 0 0 0 0 0 0 0 0 0]
[1083518961523299532458191015593362215696659584578303733146827561021 0 0 1 0 0 0 0 0 0 0 0 0 0 0 0 0 0 0 0 0 0]
[347554290999317795910430409901713651974014877951570679482872894261 0 0 0 1 0 0 0 0 0 0 0 0 0 0 0 0 0 0 0 0 0]
[1437196632578306863071863975752328940483515154409682215868185201988 0 0 0 0 1 0 0 0 0 0 0 0 0 0 0 0 0 0 0 0 0]
[616784761184833221008079770354508404555294893237329544608727918840 0 0 0 0 0 1 0 0 0 0 0 0 0 0 0 0 0 0 0 0 0]
[1261424265024174191022066927715386663549655871825094395371604215089 0 0 0 0 0 0 1 0 0 0 0 0 0 0 0 0 0 0 0 0 0]
[853291215953314715395958816282297000375819431624045720206065127306 0 0 0 0 0 0 0 1 0 0 0 0 0 0 0 0 0 0 0 0 0]
[799131109201201681981647052040127467463204440359532581305302543766 0 0 0 0 0 0 0 0 1 0 0 0 0 0 0 0 0 0 0 0 0]
[352737658426026602501736810906306052031367587979009975450386588851 0 0 0 0 0 0 0 0 0 1 0 0 0 0 0 0 0 0 0 0 0]
[316117013821792916001928617308040063763555224637722152836125992103 0 0 0 0 0 0 0 0 0 0 1 0 0 0 0 0 0 0 0 0 0]
[558559286083192949720564295588751289092543083759380462316862506452 0 0 0 0 0 0 0 0 0 0 0 1 0 0 0 0 0 0 0 0 0]
[1187269469696116203051601532298934478467430173961037447967122884158 0 0 0 0 0 0 0 0 0 0 0 0 1 0 0 0 0 0 0 0 0]
[739522743490384933307215974156175974928015090570420194737094420101 0 0 0 0 0 0 0 0 0 0 0 0 0 1 0 0 0 0 0 0 0]
[453438427085957042773793965506788427043749717748902660436963367884 0 0 0 0 0 0 0 0 0 0 0 0 0 0 1 0 0 0 0 0 0]
[1448779144891719660624539709501007941999390623662393989261520923692 0 0 0 0 0 0 0 0 0 0 0 0 0 0 0 1 0 0 0 0 0]
[1112903447125625009763139635172473796612615841989943669291487720570 0 0 0 0 0 0 0 0 0 0 0 0 0 0 0 0 1 0 0 0 0]
[1308841149093781202984530156173284738920099244285351199493719740953 0 0 0 0 0 0 0 0 0 0 0 0 0 0 0 0 0 1 0 0 0]
[1463304932460109231459503183791496378137564645316699197018016409923 0 0 0 0 0 0 0 0 0 0 0 0 0 0 0 0 0 0 1 0 0]
[1280089068491075319436831016524649166609674960907281755057167917690 0 0 0 0 0 0 0 0 0 0 0 0 0 0 0 0 0 0 0 1 0]
[1107870440317841214490234557080300295059198599599875753578268648940 0 0 0 0 0 0 0 0 0 0 0 0 0 0 0 0 0 0 0 0 1]
]
