[[1193737520499277481965083206611897056332799273023267731602093341029 0 0 0 0 0 0 0 0 0 0 0 0 0 0 0 0 0 0 0 0 0]
[473573526926004378189945532011967611495575572163392170615403599226 1 0 0 0 0 0 0 0 0 0 0 0 0 0 0 0 0 0 0 0 0]
[788029526670088647536143221072998209410385874305505074832621683251 0 1 0 0 0 0 0 0 0 0 0 0 0 0 0 0 0 0 0 0 0]
[408616068508047180601979724960414871852799788737744320076146431508 0 0 1 0 0 0 0 0 0 0 0 0 0 0 0 0 0 0 0 0 0]
[311652634768936596542660804100900903134167144267768170805900029605 0 0 0 1 0 0 0 0 0 0 0 0 0 0 0 0 0 0 0 0 0]
[682729674022006492977343278378941377233460408276772395341716686330 0 0 0 0 1 0 0 0 0 0 0 0 0 0 0 0 0 0 0 0 0]
[1051636235349160372073874215233113773458105086043801198092776930170 0 0 0 0 0 1 0 0 0 0 0 0 0 0 0 0 0 0 0 0 0]
[678048830668521537752144159181897978949637453933571448509579236232 0 0 0 0 0 0 1 0 0 0 0 0 0 0 0 0 0 0 0 0 0]
[819127473013474254512950774622796925920269180560718503449762424195 0 0 0 0 0 0 0 1 0 0 0 0 0 0 0 0 0 0 0 0 0]
[741098172571392920699750309540781590466578544240427392952864972857 0 0 0 0 0 0 0 0 1 0 0 0 0 0 0 0 0 0 0 0 0]
[344212420983129501587191696710472547552061904495387454153782429724 0 0 0 0 0 0 0 0 0 1 0 0 0 0 0 0 0 0 0 0 0]
[624524944916120478202570210298801230397253707461637468332577474658 0 0 0 0 0 0 0 0 0 0 1 0 0 0 0 0 0 0 0 0 0]
[932326333755159740030794237832492060325219668921556914805260509405 0 0 0 0 0 0 0 0 0 0 0 1 0 0 0 0 0 0 0 0 0]
[578187511439382251424894979017861211476586956952581688603704940715 0 0 0 0 0 0 0 0 0 0 0 0 1 0 0 0 0 0 0 0 0]
[80409251772340897645173961038574077684885489578707486613743565355 0 0 0 0 0 0 0 0 0 0 0 0 0 1 0 0 0 0 0 0 0]
[16880501799173082324618352075464638957619748892741797616731402255 0 0 0 0 0 0 0 0 0 0 0 0 0 0 1 0 0 0 0 0 0]
[829728555317212709452070974974400378881700758303969112801988855872 0 0 0 0 0 0 0 0 0 0 0 0 0 0 0 1 0 0 0 0 0]
[836182900041918306768831632638578146532533162563345818383715461441 0 0 0 0 0 0 0 0 0 0 0 0 0 0 0 0 1 0 0 0 0]
[727827645722748265377199540769585944849016936866375944836741656955 0 0 0 0 0 0 0 0 0 0 0 0 0 0 0 0 0 1 0 0 0]
[886818172191429236632225281221459959606791435073759648190971032272 0 0 0 0 0 0 0 0 0 0 0 0 0 0 0 0 0 0 1 0 0]
[1070152861606770239091771264350151465073822727320175410462038220293 0 0 0 0 0 0 0 0 0 0 0 0 0 0 0 0 0 0 0 1 0]
[182292635944642891873951962076472829714926482792780751567350220269 0 0 0 0 0 0 0 0 0 0 0 0 0 0 0 0 0 0 0 0 1]
]
