[[878892117967352294812608746320388024140958507220928938670749115997 0 0 0 0 0 0 0 0 0 0 0 0 0 0 0 0 0 0 0 0 0]
[251170227005469557678307789077527994721196487876693870121846309265 1 0 0 0 0 0 0 0 0 0 0 0 0 0 0 0 0 0 0 0 0]
[40352449741228156892658325800974192807729337014655756658291517948 0 1 0 0 0 0 0 0 0 0 0 0 0 0 0 0 0 0 0 0 0]
[288523616480073723396052985582730118629228187669088241756038198019 0 0 1 0 0 0 0 0 0 0 0 0 0 0 0 0 0 0 0 0 0]
[280508434218237170408931349282383479733702340206963055760752491456 0 0 0 1 0 0 0 0 0 0 0 0 0 0 0 0 0 0 0 0 0]
[121232374110710965553275250331160760977753250114269991237358748142 0 0 0 0 1 0 0 0 0 0 0 0 0 0 0 0 0 0 0 0 0]
[451561756674580245577213884737023323086366994269938991985067592651 0 0 0 0 0 1 0 0 0 0 0 0 0 0 0 0 0 0 0 0 0]
[603363116019177073689566332426309298174102188904514681884230404027 0 0 0 0 0 0 1 0 0 0 0 0 0 0 0 0 0 0 0 0 0]
[224250799091533241468476528133015358326789881918115690259685467775 0 0 0 0 0 0 0 1 0 0 0 0 0 0 0 0 0 0 0 0 0]
[723956004584059468952284752830693500411893115822267224929058747561 0 0 0 0 0 0 0 0 1 0 0 0 0 0 0 0 0 0 0 0 0]
[544938424708266889252379768284144085840894171827139725846040878533 0 0 0 0 0 0 0 0 0 1 0 0 0 0 0 0 0 0 0 0 0]
[543562701741248735526450489906139565518261869789384901967724360858 0 0 0 0 0 0 0 0 0 0 1 0 0 0 0 0 0 0 0 0 0]
[116540365010019566535135943563639264894712207446003867704343789602 0 0 0 0 0 0 0 0 0 0 0 1 0 0 0 0 0 0 0 0 0]
[319530746680890870065709548256269330573477736688050412634485026502 0 0 0 0 0 0 0 0 0 0 0 0 1 0 0 0 0 0 0 0 0]
[221109335232941508218780807405506931651000592058188281756233196138 0 0 0 0 0 0 0 0 0 0 0 0 0 1 0 0 0 0 0 0 0]
[377007144722505080139381430556537630315557885139706663899957916837 0 0 0 0 0 0 0 0 0 0 0 0 0 0 1 0 0 0 0 0 0]
[212228673407913213510889420624475073487999757031862599880633222552 0 0 0 0 0 0 0 0 0 0 0 0 0 0 0 1 0 0 0 0 0]
[59423213026003802965120712261169529922103978340780805089339160023 0 0 0 0 0 0 0 0 0 0 0 0 0 0 0 0 1 0 0 0 0]
[609951094428033956658911943220631090486482268287737922041008582996 0 0 0 0 0 0 0 0 0 0 0 0 0 0 0 0 0 1 0 0 0]
[267815161081887899541150774202934664418128762938158774892435960859 0 0 0 0 0 0 0 0 0 0 0 0 0 0 0 0 0 0 1 0 0]
[169377110636056189501876018945902617253298170346844847029318876921 0 0 0 0 0 0 0 0 0 0 0 0 0 0 0 0 0 0 0 1 0]
[825716855201975015299801698436689576917918836717904647620030282430 0 0 0 0 0 0 0 0 0 0 0 0 0 0 0 0 0 0 0 0 1]
]
