[[1197618386409275027506669202728707217113303217831362403262370620761 0 0 0 0 0 0 0 0 0 0 0 0 0 0 0 0 0 0 0 0 0]
[980179798494457716124346441648722735940793417345893572612652251920 1 0 0 0 0 0 0 0 0 0 0 0 0 0 0 0 0 0 0 0 0]
[880979225529168935174350401083991936599045970263417431226002609999 0 1 0 0 0 0 0 0 0 0 0 0 0 0 0 0 0 0 0 0 0]
[1034271578523294799531650308046790584333189183847220657386658527173 0 0 1 0 0 0 0 0 0 0 0 0 0 0 0 0 0 0 0 0 0]
[1050568803732384411279609243285810078344823180764706686177167316359 0 0 0 1 0 0 0 0 0 0 0 0 0 0 0 0 0 0 0 0 0]
[81799088144088651621178686334010143942808670419255504920751501195 0 0 0 0 1 0 0 0 0 0 0 0 0 0 0 0 0 0 0 0 0]
[1131289827362841476810687502980171341151262337380774325005539181855 0 0 0 0 0 1 0 0 0 0 0 0 0 0 0 0 0 0 0 0 0]
[1081555510046291432175286521542201792701504937019271437438409957145 0 0 0 0 0 0 1 0 0 0 0 0 0 0 0 0 0 0 0 0 0]
[784402982036129127551080443714307000420236724931867715382507871985 0 0 0 0 0 0 0 1 0 0 0 0 0 0 0 0 0 0 0 0 0]
[922961381548771121756381184698815356405049599428854150379435495942 0 0 0 0 0 0 0 0 1 0 0 0 0 0 0 0 0 0 0 0 0]
[793371588710587993929207141045992689297017443270458914072511895490 0 0 0 0 0 0 0 0 0 1 0 0 0 0 0 0 0 0 0 0 0]
[747533227335740286431493291407141798300789414241781004967105369298 0 0 0 0 0 0 0 0 0 0 1 0 0 0 0 0 0 0 0 0 0]
[592354202506035442548462119802489236707231205328240089685675191836 0 0 0 0 0 0 0 0 0 0 0 1 0 0 0 0 0 0 0 0 0]
[9374130583759494721650806475169393422559879635763236447463240314 0 0 0 0 0 0 0 0 0 0 0 0 1 0 0 0 0 0 0 0 0]
[1157756036235248511461244122191317025923461218107862361360318443099 0 0 0 0 0 0 0 0 0 0 0 0 0 1 0 0 0 0 0 0 0]
[1122332711642263667100090302155058125142660283206995650231734076487 0 0 0 0 0 0 0 0 0 0 0 0 0 0 1 0 0 0 0 0 0]
[399211411382643426307371941037981924931070132989097665466361644483 0 0 0 0 0 0 0 0 0 0 0 0 0 0 0 1 0 0 0 0 0]
[1195996442539737251305453272463282720525790368352391366406690136317 0 0 0 0 0 0 0 0 0 0 0 0 0 0 0 0 1 0 0 0 0]
[474428039651997648350849250111145895152620209173387213321522755898 0 0 0 0 0 0 0 0 0 0 0 0 0 0 0 0 0 1 0 0 0]
[837127325829466690557140523627756383444504516257647348828880434576 0 0 0 0 0 0 0 0 0 0 0 0 0 0 0 0 0 0 1 0 0]
[440471622902207354213137538806476932730176910759277729444253011968 0 0 0 0 0 0 0 0 0 0 0 0 0 0 0 0 0 0 0 1 0]
[111518464126125263700381134162093817380845995883231932703916058583 0 0 0 0 0 0 0 0 0 0 0 0 0 0 0 0 0 0 0 0 1]
]
