[[1525732873668373428196300236277152809805527300001111287535472995821 0 0 0 0 0 0 0 0 0 0 0 0 0 0 0 0 0 0 0 0 0]
[976368029639913551194658185534917669469176790164759738522188901437 1 0 0 0 0 0 0 0 0 0 0 0 0 0 0 0 0 0 0 0 0]
[1476492050706570163442414799528265496196012779030273032804483286932 0 1 0 0 0 0 0 0 0 0 0 0 0 0 0 0 0 0 0 0 0]
[545368875250893017745939053375689968480719548365664005122159611457 0 0 1 0 0 0 0 0 0 0 0 0 0 0 0 0 0 0 0 0 0]
[867784014727571505124752636349348620591766890849086704762002643493 0 0 0 1 0 0 0 0 0 0 0 0 0 0 0 0 0 0 0 0 0]
[49160546549844896016129375061454215237860893803260064643071591529 0 0 0 0 1 0 0 0 0 0 0 0 0 0 0 0 0 0 0 0 0]
[95108373740609423567811271493028745916224528263424321480427627182 0 0 0 0 0 1 0 0 0 0 0 0 0 0 0 0 0 0 0 0 0]
[500789075424795602860768656941629580816364955123307807940563129282 0 0 0 0 0 0 1 0 0 0 0 0 0 0 0 0 0 0 0 0 0]
[1433365220534199854299590856414473933387932803501435972054108731600 0 0 0 0 0 0 0 1 0 0 0 0 0 0 0 0 0 0 0 0 0]
[991498139597287519229673306101469436786466728949566350310227507548 0 0 0 0 0 0 0 0 1 0 0 0 0 0 0 0 0 0 0 0 0]
[1432505035885456917550495890029933771110959107679726864208820411590 0 0 0 0 0 0 0 0 0 1 0 0 0 0 0 0 0 0 0 0 0]
[800349113516469484895900476930300267322376948725877506656508795239 0 0 0 0 0 0 0 0 0 0 1 0 0 0 0 0 0 0 0 0 0]
[1014038704021722623788350305040329318405494432454530708495141402000 0 0 0 0 0 0 0 0 0 0 0 1 0 0 0 0 0 0 0 0 0]
[607835730353220228855325489745304284168108624323373916440016482624 0 0 0 0 0 0 0 0 0 0 0 0 1 0 0 0 0 0 0 0 0]
[650031764368214255739328607474146079012653394858723252898861080864 0 0 0 0 0 0 0 0 0 0 0 0 0 1 0 0 0 0 0 0 0]
[765525564739267501914750898516065245436341477262165369530086037936 0 0 0 0 0 0 0 0 0 0 0 0 0 0 1 0 0 0 0 0 0]
[163795079474153377961370006375484705893278233601479894184515359075 0 0 0 0 0 0 0 0 0 0 0 0 0 0 0 1 0 0 0 0 0]
[1493813805815102655376214766094544547556690124943092643205139212998 0 0 0 0 0 0 0 0 0 0 0 0 0 0 0 0 1 0 0 0 0]
[920541157146308732012336323765075025564547185558988145922017386205 0 0 0 0 0 0 0 0 0 0 0 0 0 0 0 0 0 1 0 0 0]
[1338646077626505726922368452785194477951747689806198960010683311538 0 0 0 0 0 0 0 0 0 0 0 0 0 0 0 0 0 0 1 0 0]
[1108969981619513279386966390733870557625767389570461935031448081630 0 0 0 0 0 0 0 0 0 0 0 0 0 0 0 0 0 0 0 1 0]
[608946109778904640940822662284691127262023066286622057896948845407 0 0 0 0 0 0 0 0 0 0 0 0 0 0 0 0 0 0 0 0 1]
]
