[[1216483113347216213813588371347910394454031178291123190320487948841 0 0 0 0 0 0 0 0 0 0 0 0 0 0 0 0 0 0 0 0 0]
[885621260505660182501012079026989696367420924049060369528453557799 1 0 0 0 0 0 0 0 0 0 0 0 0 0 0 0 0 0 0 0 0]
[1070789155820590114300988675924968491222930806808082734660415108451 0 1 0 0 0 0 0 0 0 0 0 0 0 0 0 0 0 0 0 0 0]
[527754141619058794513941481706963392807370727273523054288947350405 0 0 1 0 0 0 0 0 0 0 0 0 0 0 0 0 0 0 0 0 0]
[354917159229537756636961953915701602493550888571144592699335855122 0 0 0 1 0 0 0 0 0 0 0 0 0 0 0 0 0 0 0 0 0]
[1099076075586631729585085737941677325311649330752175298044503145217 0 0 0 0 1 0 0 0 0 0 0 0 0 0 0 0 0 0 0 0 0]
[1119647853092242329081184608811026586831926137772573460081038420245 0 0 0 0 0 1 0 0 0 0 0 0 0 0 0 0 0 0 0 0 0]
[257076160466317684944155790569535120517149579587428688228777886534 0 0 0 0 0 0 1 0 0 0 0 0 0 0 0 0 0 0 0 0 0]
[395372337899824222023510418327401108952550227667831319331767034396 0 0 0 0 0 0 0 1 0 0 0 0 0 0 0 0 0 0 0 0 0]
[923686724335335730898321144436275679929347992721857778148910036677 0 0 0 0 0 0 0 0 1 0 0 0 0 0 0 0 0 0 0 0 0]
[921039727775428543840368719214779061878384469429760332530833743376 0 0 0 0 0 0 0 0 0 1 0 0 0 0 0 0 0 0 0 0 0]
[1181937362414867953077093923173989738343512775494805976339663133097 0 0 0 0 0 0 0 0 0 0 1 0 0 0 0 0 0 0 0 0 0]
[680928475473654734595048414080846260099560091870503060242016850673 0 0 0 0 0 0 0 0 0 0 0 1 0 0 0 0 0 0 0 0 0]
[498435028592165458142972760808104676038408753908700834531895066973 0 0 0 0 0 0 0 0 0 0 0 0 1 0 0 0 0 0 0 0 0]
[988632386816203805415041520151456888063571738886781590171085471012 0 0 0 0 0 0 0 0 0 0 0 0 0 1 0 0 0 0 0 0 0]
[336765173638843724187395905231295701889016536717941318185404618970 0 0 0 0 0 0 0 0 0 0 0 0 0 0 1 0 0 0 0 0 0]
[584116270924897425842758973496801391325041123848355766042278028570 0 0 0 0 0 0 0 0 0 0 0 0 0 0 0 1 0 0 0 0 0]
[518289937913805899836011552834300759637614997296036276152579277619 0 0 0 0 0 0 0 0 0 0 0 0 0 0 0 0 1 0 0 0 0]
[100853056038665321261923365291757387107970721878429365894588885894 0 0 0 0 0 0 0 0 0 0 0 0 0 0 0 0 0 1 0 0 0]
[152223390033540043121152612223753072287695449489189457199918397820 0 0 0 0 0 0 0 0 0 0 0 0 0 0 0 0 0 0 1 0 0]
[378003067580884491659879194186742153850950997104124072887293607168 0 0 0 0 0 0 0 0 0 0 0 0 0 0 0 0 0 0 0 1 0]
[723284067364201247410840273185988672080271916363553163145971895106 0 0 0 0 0 0 0 0 0 0 0 0 0 0 0 0 0 0 0 0 1]
]
