[[860511892229142717343156741327094892285111890342111635350169481977 0 0 0 0 0 0 0 0 0 0 0 0 0 0 0 0 0 0 0 0 0]
[24623766887862276164889614115547818915023801502933623613641191819 1 0 0 0 0 0 0 0 0 0 0 0 0 0 0 0 0 0 0 0 0]
[851742606228973423648583031623089941528419539505256462479203899573 0 1 0 0 0 0 0 0 0 0 0 0 0 0 0 0 0 0 0 0 0]
[165750946832381873803740177503081617471821110939656405163676561169 0 0 1 0 0 0 0 0 0 0 0 0 0 0 0 0 0 0 0 0 0]
[517495588592025965083036491686451533309876147200323881834992291245 0 0 0 1 0 0 0 0 0 0 0 0 0 0 0 0 0 0 0 0 0]
[580354411505571655510500407045226498695095032031582516578031715548 0 0 0 0 1 0 0 0 0 0 0 0 0 0 0 0 0 0 0 0 0]
[47106220479848394007396211563439583783256892190922655594896209140 0 0 0 0 0 1 0 0 0 0 0 0 0 0 0 0 0 0 0 0 0]
[660287155327002454781669202450472071103849673026259616010522471887 0 0 0 0 0 0 1 0 0 0 0 0 0 0 0 0 0 0 0 0 0]
[603574374873523401726350323580986805116595100621733468723427167938 0 0 0 0 0 0 0 1 0 0 0 0 0 0 0 0 0 0 0 0 0]
[822340508602891910754359316757742214811804946716251682612141981672 0 0 0 0 0 0 0 0 1 0 0 0 0 0 0 0 0 0 0 0 0]
[817370839742864185272889315052307819184340459996912572252686928601 0 0 0 0 0 0 0 0 0 1 0 0 0 0 0 0 0 0 0 0 0]
[251737164470027731462682586579342777711929301399547425596099797325 0 0 0 0 0 0 0 0 0 0 1 0 0 0 0 0 0 0 0 0 0]
[58842132259778875160973411856294174585961080780284865966416082819 0 0 0 0 0 0 0 0 0 0 0 1 0 0 0 0 0 0 0 0 0]
[311068256200995302100415150367390428560544623106247522773339672372 0 0 0 0 0 0 0 0 0 0 0 0 1 0 0 0 0 0 0 0 0]
[696883568525920339155997075102663973986392371762252731906935796384 0 0 0 0 0 0 0 0 0 0 0 0 0 1 0 0 0 0 0 0 0]
[445207252137629945162134445347257661515557665025044586266856390431 0 0 0 0 0 0 0 0 0 0 0 0 0 0 1 0 0 0 0 0 0]
[491307272503652991216040451511272026640706022129648650021728658115 0 0 0 0 0 0 0 0 0 0 0 0 0 0 0 1 0 0 0 0 0]
[12724421883167971617939241194977303396468328147639689865982297916 0 0 0 0 0 0 0 0 0 0 0 0 0 0 0 0 1 0 0 0 0]
[226228670186459467545556829570895473109456577936745911395329349063 0 0 0 0 0 0 0 0 0 0 0 0 0 0 0 0 0 1 0 0 0]
[302758068308933924707608953094301507560207547031722543464137615000 0 0 0 0 0 0 0 0 0 0 0 0 0 0 0 0 0 0 1 0 0]
[498297205694096326753478159822069117453661068985356333411115728182 0 0 0 0 0 0 0 0 0 0 0 0 0 0 0 0 0 0 0 1 0]
[10618066574394549756355407910262918193135607342300822493575830991 0 0 0 0 0 0 0 0 0 0 0 0 0 0 0 0 0 0 0 0 1]
]
