[[1615262131856110561616955334036049502006889833163055107799415550357 0 0 0 0 0 0 0 0 0 0 0 0 0 0 0 0 0 0 0 0 0]
[1438163829115926970188720951387982196344462351223880776128361728020 1 0 0 0 0 0 0 0 0 0 0 0 0 0 0 0 0 0 0 0 0]
[1289521541186534613254798403528055069605998980183988162025274266224 0 1 0 0 0 0 0 0 0 0 0 0 0 0 0 0 0 0 0 0 0]
[1235301451133553876075169135765828517227914684430817432594142419102 0 0 1 0 0 0 0 0 0 0 0 0 0 0 0 0 0 0 0 0 0]
[234724607377602413771476193728357909975051235929326140136052574008 0 0 0 1 0 0 0 0 0 0 0 0 0 0 0 0 0 0 0 0 0]
[983847810731325248913448388455383009734947443167133439297775945450 0 0 0 0 1 0 0 0 0 0 0 0 0 0 0 0 0 0 0 0 0]
[487273350467104175021703057548471863522333405630831104950209750602 0 0 0 0 0 1 0 0 0 0 0 0 0 0 0 0 0 0 0 0 0]
[769468376776821001440509792560515163875385718607500840320578536877 0 0 0 0 0 0 1 0 0 0 0 0 0 0 0 0 0 0 0 0 0]
[320040975605294586251653771233471847651281302539355229193842802418 0 0 0 0 0 0 0 1 0 0 0 0 0 0 0 0 0 0 0 0 0]
[545083986309800214307694511949910751731832114095400166505939196165 0 0 0 0 0 0 0 0 1 0 0 0 0 0 0 0 0 0 0 0 0]
[114102232382907456372340860701379752264306700092853438275935370229 0 0 0 0 0 0 0 0 0 1 0 0 0 0 0 0 0 0 0 0 0]
[1285848218363457262481228265059395040458381587638937175607277290564 0 0 0 0 0 0 0 0 0 0 1 0 0 0 0 0 0 0 0 0 0]
[658811271483579499637486025075062995686471367362157394586297504843 0 0 0 0 0 0 0 0 0 0 0 1 0 0 0 0 0 0 0 0 0]
[702084391504912918249189729945915483082564009529305001205240084924 0 0 0 0 0 0 0 0 0 0 0 0 1 0 0 0 0 0 0 0 0]
[1468548743672837128617621683724759284420684658143717978578390483386 0 0 0 0 0 0 0 0 0 0 0 0 0 1 0 0 0 0 0 0 0]
[1030669645804021109830956978125062936834134935076152110133328011620 0 0 0 0 0 0 0 0 0 0 0 0 0 0 1 0 0 0 0 0 0]
[32215262767479411402561393070831100354242091238393568823096125612 0 0 0 0 0 0 0 0 0 0 0 0 0 0 0 1 0 0 0 0 0]
[300481320037589646594500812471090276015896559022921673449545931645 0 0 0 0 0 0 0 0 0 0 0 0 0 0 0 0 1 0 0 0 0]
[650128948063414689000495581837770190427706447821592314811054169652 0 0 0 0 0 0 0 0 0 0 0 0 0 0 0 0 0 1 0 0 0]
[511983383310485935944214721139457237977413747951206395164204060357 0 0 0 0 0 0 0 0 0 0 0 0 0 0 0 0 0 0 1 0 0]
[789137611230808022068951179484134000910725073850614303109853837673 0 0 0 0 0 0 0 0 0 0 0 0 0 0 0 0 0 0 0 1 0]
[932623208030379572115686905144387943942456513412514824975511994898 0 0 0 0 0 0 0 0 0 0 0 0 0 0 0 0 0 0 0 0 1]
]
