[[1247567557362089257734633080550816134878389318653244750485681703409 0 0 0 0 0 0 0 0 0 0 0 0 0 0 0 0 0 0 0 0 0]
[771363319983734832331182961955865137783140727813382048433301897404 1 0 0 0 0 0 0 0 0 0 0 0 0 0 0 0 0 0 0 0 0]
[83160029587066627459236099656429599028788824935501484599907412197 0 1 0 0 0 0 0 0 0 0 0 0 0 0 0 0 0 0 0 0 0]
[464996448337982514921519087588795353973004609871092410540349984209 0 0 1 0 0 0 0 0 0 0 0 0 0 0 0 0 0 0 0 0 0]
[912768322739896306651828438592770893057913592435036842539429060886 0 0 0 1 0 0 0 0 0 0 0 0 0 0 0 0 0 0 0 0 0]
[640654852931018181653819518679943843626728590179962570511415232034 0 0 0 0 1 0 0 0 0 0 0 0 0 0 0 0 0 0 0 0 0]
[299827961166962570611778260467425278646483274763426292930100161093 0 0 0 0 0 1 0 0 0 0 0 0 0 0 0 0 0 0 0 0 0]
[1117251023008115583584873728467845934529956110979994890150635016828 0 0 0 0 0 0 1 0 0 0 0 0 0 0 0 0 0 0 0 0 0]
[591831637205189579408253449138104238320488708316947095222414874223 0 0 0 0 0 0 0 1 0 0 0 0 0 0 0 0 0 0 0 0 0]
[135925838606460266015892990908085381411872230875157675064037278964 0 0 0 0 0 0 0 0 1 0 0 0 0 0 0 0 0 0 0 0 0]
[113270924421931710107555936420076063265816177419590444863848851466 0 0 0 0 0 0 0 0 0 1 0 0 0 0 0 0 0 0 0 0 0]
[1234124833810372653996608272234212831688210090363694909161543452855 0 0 0 0 0 0 0 0 0 0 1 0 0 0 0 0 0 0 0 0 0]
[827508332751701552847699441872018394970815055525189365613679137838 0 0 0 0 0 0 0 0 0 0 0 1 0 0 0 0 0 0 0 0 0]
[143485244752140939181603497988204813670227796951584122743423062516 0 0 0 0 0 0 0 0 0 0 0 0 1 0 0 0 0 0 0 0 0]
[1003234153031173662208523522470599749607574531811075693775588660548 0 0 0 0 0 0 0 0 0 0 0 0 0 1 0 0 0 0 0 0 0]
[20696535743150803317839474214236619765443311149220951135323299846 0 0 0 0 0 0 0 0 0 0 0 0 0 0 1 0 0 0 0 0 0]
[684991368748927233571618550509341262710501112606169406309071620034 0 0 0 0 0 0 0 0 0 0 0 0 0 0 0 1 0 0 0 0 0]
[788490524532710664250236853035347657557887612283534438346453974714 0 0 0 0 0 0 0 0 0 0 0 0 0 0 0 0 1 0 0 0 0]
[190596851757809792154833350317905111537463145455765554150988289567 0 0 0 0 0 0 0 0 0 0 0 0 0 0 0 0 0 1 0 0 0]
[714468498302803908527664316998997290373880268261135350853884907968 0 0 0 0 0 0 0 0 0 0 0 0 0 0 0 0 0 0 1 0 0]
[252750996443373120564083695090210922272900085099983460937427579090 0 0 0 0 0 0 0 0 0 0 0 0 0 0 0 0 0 0 0 1 0]
[337280147690894022542318831826417923770864233390764808915375860225 0 0 0 0 0 0 0 0 0 0 0 0 0 0 0 0 0 0 0 0 1]
]
