[[1077035813190685037863183419192623987721628748969356530148315547909 0 0 0 0 0 0 0 0 0 0 0 0 0 0 0 0 0 0 0 0 0]
[1061252699536024940628479766034120513134639387329025796009002792046 1 0 0 0 0 0 0 0 0 0 0 0 0 0 0 0 0 0 0 0 0]
[529770967847641853906425864932388623022388394389710523302111577866 0 1 0 0 0 0 0 0 0 0 0 0 0 0 0 0 0 0 0 0 0]
[1055333688657494657409766464202211857055065011489990557338333327363 0 0 1 0 0 0 0 0 0 0 0 0 0 0 0 0 0 0 0 0 0]
[426893331897338157615861948287676343188333625881607945232509075947 0 0 0 1 0 0 0 0 0 0 0 0 0 0 0 0 0 0 0 0 0]
[637045110369263333421640746732312286710796503590362250408197995846 0 0 0 0 1 0 0 0 0 0 0 0 0 0 0 0 0 0 0 0 0]
[754879452518957267654010363809675785736383154970954264113336482609 0 0 0 0 0 1 0 0 0 0 0 0 0 0 0 0 0 0 0 0 0]
[246131080121170672532819249639918028400872468949607928473314102812 0 0 0 0 0 0 1 0 0 0 0 0 0 0 0 0 0 0 0 0 0]
[142078694310798048827436170317051853396634007267880284552420614431 0 0 0 0 0 0 0 1 0 0 0 0 0 0 0 0 0 0 0 0 0]
[110978173094882600943670494662977798864828581090462546557513900921 0 0 0 0 0 0 0 0 1 0 0 0 0 0 0 0 0 0 0 0 0]
[114013433822977206223871740130033908214652519294773035797455043898 0 0 0 0 0 0 0 0 0 1 0 0 0 0 0 0 0 0 0 0 0]
[735385062047716599579228273587872550908816328783513640721316028991 0 0 0 0 0 0 0 0 0 0 1 0 0 0 0 0 0 0 0 0 0]
[846584136367430708786090034259176266208987993342220010413944086042 0 0 0 0 0 0 0 0 0 0 0 1 0 0 0 0 0 0 0 0 0]
[465976237739688844939291546273151264516279505793157298666134000300 0 0 0 0 0 0 0 0 0 0 0 0 1 0 0 0 0 0 0 0 0]
[966858735806053545119525283371234145593212303266320826753280295485 0 0 0 0 0 0 0 0 0 0 0 0 0 1 0 0 0 0 0 0 0]
[876444886566501247264412129805681488135682343712250563164128118093 0 0 0 0 0 0 0 0 0 0 0 0 0 0 1 0 0 0 0 0 0]
[222263543291019032509778936649484429108101848759777654537470198734 0 0 0 0 0 0 0 0 0 0 0 0 0 0 0 1 0 0 0 0 0]
[961069967420154097018962908352676089770628019733299968210905493660 0 0 0 0 0 0 0 0 0 0 0 0 0 0 0 0 1 0 0 0 0]
[775198757001797866510232523071723604530089587103119726970538447433 0 0 0 0 0 0 0 0 0 0 0 0 0 0 0 0 0 1 0 0 0]
[643902628950691251738813440895376525102505652017842298224283706765 0 0 0 0 0 0 0 0 0 0 0 0 0 0 0 0 0 0 1 0 0]
[1068326739056393648941430616300137315835518338530698812445874144667 0 0 0 0 0 0 0 0 0 0 0 0 0 0 0 0 0 0 0 1 0]
[738188952345374342897637686297674897572864591429989003903317639219 0 0 0 0 0 0 0 0 0 0 0 0 0 0 0 0 0 0 0 0 1]
]
