[[1067886856794232222483924001864992574400807613293047735042725216663 0 0 0 0 0 0 0 0 0 0 0 0 0 0 0 0 0 0 0 0 0]
[375180379157525836160564910203109423462432496266228541052534692524 1 0 0 0 0 0 0 0 0 0 0 0 0 0 0 0 0 0 0 0 0]
[657159901049375922486288960538887835496117080637807784426085628883 0 1 0 0 0 0 0 0 0 0 0 0 0 0 0 0 0 0 0 0 0]
[478080722995165699519306621474783871032235293472796949041178716001 0 0 1 0 0 0 0 0 0 0 0 0 0 0 0 0 0 0 0 0 0]
[757103074638405198767646360044237587185964763745699375967689462250 0 0 0 1 0 0 0 0 0 0 0 0 0 0 0 0 0 0 0 0 0]
[843259119496747732613590548554843723354139922654681855280446320359 0 0 0 0 1 0 0 0 0 0 0 0 0 0 0 0 0 0 0 0 0]
[217659222432560686508707352908286723560146305216005240062083978046 0 0 0 0 0 1 0 0 0 0 0 0 0 0 0 0 0 0 0 0 0]
[228044392999584023933682041510762870648064325540387813034030712082 0 0 0 0 0 0 1 0 0 0 0 0 0 0 0 0 0 0 0 0 0]
[538367176848634641740249414285729871380174456804165512043852178017 0 0 0 0 0 0 0 1 0 0 0 0 0 0 0 0 0 0 0 0 0]
[673456886163740723201927343486242509373017485117145313477368560940 0 0 0 0 0 0 0 0 1 0 0 0 0 0 0 0 0 0 0 0 0]
[824464523970380876819725376959769619823213598762467876688213493366 0 0 0 0 0 0 0 0 0 1 0 0 0 0 0 0 0 0 0 0 0]
[1053347913390145152566283156377959521632071653875849890972171496412 0 0 0 0 0 0 0 0 0 0 1 0 0 0 0 0 0 0 0 0 0]
[743822683916338557406179782550173148190049468828956721273778267383 0 0 0 0 0 0 0 0 0 0 0 1 0 0 0 0 0 0 0 0 0]
[205753385171173021673051274790640529833934811062661846292310868276 0 0 0 0 0 0 0 0 0 0 0 0 1 0 0 0 0 0 0 0 0]
[400782002667533508549467434895158596398442754698502214939432363663 0 0 0 0 0 0 0 0 0 0 0 0 0 1 0 0 0 0 0 0 0]
[1047023815392075741560166298493886017179227501866133001835308496751 0 0 0 0 0 0 0 0 0 0 0 0 0 0 1 0 0 0 0 0 0]
[853351523578229261360490039523847265814167159111319996241172434936 0 0 0 0 0 0 0 0 0 0 0 0 0 0 0 1 0 0 0 0 0]
[279381459128019354346858550389136437682413389274880369935223491485 0 0 0 0 0 0 0 0 0 0 0 0 0 0 0 0 1 0 0 0 0]
[591109119454801648414669035291102349741573682819486308757428515509 0 0 0 0 0 0 0 0 0 0 0 0 0 0 0 0 0 1 0 0 0]
[49336990580284606719139654795420230311839981525008888236786233467 0 0 0 0 0 0 0 0 0 0 0 0 0 0 0 0 0 0 1 0 0]
[74402913549141291267584687753399123707872028173080898757703630637 0 0 0 0 0 0 0 0 0 0 0 0 0 0 0 0 0 0 0 1 0]
[608293296321279981058785686617591204990077909733658919362363215637 0 0 0 0 0 0 0 0 0 0 0 0 0 0 0 0 0 0 0 0 1]
]
