[[1605621462747614676113778188372599096173535966379138989294640008469 0 0 0 0 0 0 0 0 0 0 0 0 0 0 0 0 0 0 0 0 0]
[973823684671896060312860004757142461916679602614033132783736126056 1 0 0 0 0 0 0 0 0 0 0 0 0 0 0 0 0 0 0 0 0]
[844565282300733784987334992334305509905097748994924775826027564554 0 1 0 0 0 0 0 0 0 0 0 0 0 0 0 0 0 0 0 0 0]
[1021480202813080377340781299910318736953736943514072444794309398174 0 0 1 0 0 0 0 0 0 0 0 0 0 0 0 0 0 0 0 0 0]
[1361158838170732791572891862471618201458802779217274703048624455975 0 0 0 1 0 0 0 0 0 0 0 0 0 0 0 0 0 0 0 0 0]
[1026535853670619979780347712034681934774329327591362411170341206683 0 0 0 0 1 0 0 0 0 0 0 0 0 0 0 0 0 0 0 0 0]
[1117304130393627455186384403216416842104245117647385528406337309804 0 0 0 0 0 1 0 0 0 0 0 0 0 0 0 0 0 0 0 0 0]
[1352058456410349429305465745399093591613803508639786892734675698917 0 0 0 0 0 0 1 0 0 0 0 0 0 0 0 0 0 0 0 0 0]
[1242255592789132562082237376539571583143991045093981975917859755506 0 0 0 0 0 0 0 1 0 0 0 0 0 0 0 0 0 0 0 0 0]
[1203553732941887265742155039047125438567858500514494582136059652578 0 0 0 0 0 0 0 0 1 0 0 0 0 0 0 0 0 0 0 0 0]
[1178918433326800187856455272819188448804515998117765990330800794576 0 0 0 0 0 0 0 0 0 1 0 0 0 0 0 0 0 0 0 0 0]
[673257054287082338710227947143398682241934757006615170880901850297 0 0 0 0 0 0 0 0 0 0 1 0 0 0 0 0 0 0 0 0 0]
[1526758400703807330562971218338362195217759428771212475171363667431 0 0 0 0 0 0 0 0 0 0 0 1 0 0 0 0 0 0 0 0 0]
[1286641246325858036435739350621037082455050939088978963767520050152 0 0 0 0 0 0 0 0 0 0 0 0 1 0 0 0 0 0 0 0 0]
[1143695219254911759084982554151329596564059253926723270550936329999 0 0 0 0 0 0 0 0 0 0 0 0 0 1 0 0 0 0 0 0 0]
[1088396233133107070715161635231446448665556685484183244788834998104 0 0 0 0 0 0 0 0 0 0 0 0 0 0 1 0 0 0 0 0 0]
[1530270087252097855682030821606257981862023631639580688276943418604 0 0 0 0 0 0 0 0 0 0 0 0 0 0 0 1 0 0 0 0 0]
[1043060747303145019449745352351540551895351879302768687154810074573 0 0 0 0 0 0 0 0 0 0 0 0 0 0 0 0 1 0 0 0 0]
[201512191377466877377474320557468649117823687928533787046496294322 0 0 0 0 0 0 0 0 0 0 0 0 0 0 0 0 0 1 0 0 0]
[348309518504408667950031697737215649177189895913774437876108629002 0 0 0 0 0 0 0 0 0 0 0 0 0 0 0 0 0 0 1 0 0]
[10774622635836959694335974652255604545033967594794779030186746584 0 0 0 0 0 0 0 0 0 0 0 0 0 0 0 0 0 0 0 1 0]
[1487674223777866001710876263803473462646370577573194661805287107363 0 0 0 0 0 0 0 0 0 0 0 0 0 0 0 0 0 0 0 0 1]
]
