[[947807722962177586875955882838596788136568042616314802712550464823 0 0 0 0 0 0 0 0 0 0 0 0 0 0 0 0 0 0 0 0 0]
[842770634816450207782340774816979578005889376556356365125420801272 1 0 0 0 0 0 0 0 0 0 0 0 0 0 0 0 0 0 0 0 0]
[229038855524761281095976709851356526906219252993653676853514728751 0 1 0 0 0 0 0 0 0 0 0 0 0 0 0 0 0 0 0 0 0]
[581463483716782217567838412438767377664847673601812098909592008963 0 0 1 0 0 0 0 0 0 0 0 0 0 0 0 0 0 0 0 0 0]
[612364618858983348298665280450330750352316395205750764963206099862 0 0 0 1 0 0 0 0 0 0 0 0 0 0 0 0 0 0 0 0 0]
[287075308415757124632760680596738468862755051431803440262824669000 0 0 0 0 1 0 0 0 0 0 0 0 0 0 0 0 0 0 0 0 0]
[219644007818700204983001814588438007120710555436502873438537100892 0 0 0 0 0 1 0 0 0 0 0 0 0 0 0 0 0 0 0 0 0]
[638363227283256675227635826214915055615747465897994089451413871556 0 0 0 0 0 0 1 0 0 0 0 0 0 0 0 0 0 0 0 0 0]
[890487186607368179366947882759343622836643439678574601125238674730 0 0 0 0 0 0 0 1 0 0 0 0 0 0 0 0 0 0 0 0 0]
[658221621557931388867313089405646504640833011556748009812276665964 0 0 0 0 0 0 0 0 1 0 0 0 0 0 0 0 0 0 0 0 0]
[875469597951827679984289072711161182222575185186694454022367399760 0 0 0 0 0 0 0 0 0 1 0 0 0 0 0 0 0 0 0 0 0]
[154002819487751971568873192766049703853995330897955536114853297706 0 0 0 0 0 0 0 0 0 0 1 0 0 0 0 0 0 0 0 0 0]
[229722200787299168137260798996061193053420400924780103930708072716 0 0 0 0 0 0 0 0 0 0 0 1 0 0 0 0 0 0 0 0 0]
[513686613955936358671051420050071851359784483312219234144368723192 0 0 0 0 0 0 0 0 0 0 0 0 1 0 0 0 0 0 0 0 0]
[436252069969074212816901987663222012309435871793557888709769292778 0 0 0 0 0 0 0 0 0 0 0 0 0 1 0 0 0 0 0 0 0]
[859494996801300639069184781251080377514543700375110712987815280195 0 0 0 0 0 0 0 0 0 0 0 0 0 0 1 0 0 0 0 0 0]
[586518664297498681920415995212575770193523983472484945956890714828 0 0 0 0 0 0 0 0 0 0 0 0 0 0 0 1 0 0 0 0 0]
[494028197221592745655483095803618246669002634348982046138430825836 0 0 0 0 0 0 0 0 0 0 0 0 0 0 0 0 1 0 0 0 0]
[704269711743380629855872249697849084303165973811966371722249958469 0 0 0 0 0 0 0 0 0 0 0 0 0 0 0 0 0 1 0 0 0]
[60277647762881129458398834654128411754663723481910896716278624320 0 0 0 0 0 0 0 0 0 0 0 0 0 0 0 0 0 0 1 0 0]
[765506449426098091842470728042197525069693411073726322499412131310 0 0 0 0 0 0 0 0 0 0 0 0 0 0 0 0 0 0 0 1 0]
[31548651871057853349707392002839542294527890979296044253500586387 0 0 0 0 0 0 0 0 0 0 0 0 0 0 0 0 0 0 0 0 1]
]
