[[1495540117062687093591602223053962565971418151064232751467303101081 0 0 0 0 0 0 0 0 0 0 0 0 0 0 0 0 0 0 0 0 0]
[151770612589134668717404450999907243323833435322885950250818550632 1 0 0 0 0 0 0 0 0 0 0 0 0 0 0 0 0 0 0 0 0]
[1214830382747987492820589996096973867679570672765027350380573970503 0 1 0 0 0 0 0 0 0 0 0 0 0 0 0 0 0 0 0 0 0]
[660631321531506973317459397534772727939994461260097302592880438433 0 0 1 0 0 0 0 0 0 0 0 0 0 0 0 0 0 0 0 0 0]
[394622159713517041882262717632489717197559790805952631882890369727 0 0 0 1 0 0 0 0 0 0 0 0 0 0 0 0 0 0 0 0 0]
[1121790264085030732544574113949593668116147542493184478229770800874 0 0 0 0 1 0 0 0 0 0 0 0 0 0 0 0 0 0 0 0 0]
[435658328255144413652332415296742252351568384336927576501527378516 0 0 0 0 0 1 0 0 0 0 0 0 0 0 0 0 0 0 0 0 0]
[332564308303639222279146131899726595015876178208562965392064328680 0 0 0 0 0 0 1 0 0 0 0 0 0 0 0 0 0 0 0 0 0]
[5876901171825042713222633309958382086046887193965848783728695291 0 0 0 0 0 0 0 1 0 0 0 0 0 0 0 0 0 0 0 0 0]
[514581540738442937053451763584143448675286891250392139699174501134 0 0 0 0 0 0 0 0 1 0 0 0 0 0 0 0 0 0 0 0 0]
[383216468653704251978765657275243692133166840209211925579877861657 0 0 0 0 0 0 0 0 0 1 0 0 0 0 0 0 0 0 0 0 0]
[176980518757030916791478597679760885439597930329546870036868616825 0 0 0 0 0 0 0 0 0 0 1 0 0 0 0 0 0 0 0 0 0]
[380450644686899339657915564267228781457511098479018196152770509082 0 0 0 0 0 0 0 0 0 0 0 1 0 0 0 0 0 0 0 0 0]
[837453126242272843747528882977722567523430831252315800766616797770 0 0 0 0 0 0 0 0 0 0 0 0 1 0 0 0 0 0 0 0 0]
[388822483391832551669432041955305865418846614316852277092177739720 0 0 0 0 0 0 0 0 0 0 0 0 0 1 0 0 0 0 0 0 0]
[581160197346732083613685789166835606181716674341019099535555501542 0 0 0 0 0 0 0 0 0 0 0 0 0 0 1 0 0 0 0 0 0]
[691786598467362692888125988097917055878590219439004771795803634144 0 0 0 0 0 0 0 0 0 0 0 0 0 0 0 1 0 0 0 0 0]
[1312494222981888827517742135149141637275879330565699301931281413779 0 0 0 0 0 0 0 0 0 0 0 0 0 0 0 0 1 0 0 0 0]
[449092371902227415600872928853482893514057048639048610978250693292 0 0 0 0 0 0 0 0 0 0 0 0 0 0 0 0 0 1 0 0 0]
[1283011825367079402615527682173887365143581640301618759321724076785 0 0 0 0 0 0 0 0 0 0 0 0 0 0 0 0 0 0 1 0 0]
[1371680457411740243627880505409741806193264875477998629358791600817 0 0 0 0 0 0 0 0 0 0 0 0 0 0 0 0 0 0 0 1 0]
[163695737531889301473632510855698963698898729475438373581967349200 0 0 0 0 0 0 0 0 0 0 0 0 0 0 0 0 0 0 0 0 1]
]
