[[934770356682185742889256171412407010378842105496546799703003198963 0 0 0 0 0 0 0 0 0 0 0 0 0 0 0 0 0 0 0 0 0]
[210666381118572155068629052578919258964694457176505701756350045473 1 0 0 0 0 0 0 0 0 0 0 0 0 0 0 0 0 0 0 0 0]
[924651220662482441410613681468803526642792275738551885247146445593 0 1 0 0 0 0 0 0 0 0 0 0 0 0 0 0 0 0 0 0 0]
[396341203444451740804624545714453072012651549518012956511188219436 0 0 1 0 0 0 0 0 0 0 0 0 0 0 0 0 0 0 0 0 0]
[252432469689091862833502520398842998125703408738535738181149961440 0 0 0 1 0 0 0 0 0 0 0 0 0 0 0 0 0 0 0 0 0]
[357420972381589722229681667150991818738772933530794493577382633664 0 0 0 0 1 0 0 0 0 0 0 0 0 0 0 0 0 0 0 0 0]
[458039147795272378681574467978141918490300479604135344225765047610 0 0 0 0 0 1 0 0 0 0 0 0 0 0 0 0 0 0 0 0 0]
[386113461735483892745977223142017970343758628312144705707094421654 0 0 0 0 0 0 1 0 0 0 0 0 0 0 0 0 0 0 0 0 0]
[265526654491201314554754196256250073774002059962674396837015277170 0 0 0 0 0 0 0 1 0 0 0 0 0 0 0 0 0 0 0 0 0]
[711525279794173192447587632104114339560192946142210859153092087526 0 0 0 0 0 0 0 0 1 0 0 0 0 0 0 0 0 0 0 0 0]
[638371852865294041765078897163465239836160878440236240587647202097 0 0 0 0 0 0 0 0 0 1 0 0 0 0 0 0 0 0 0 0 0]
[716513326854874402260098051584572426352157572590556157695087288110 0 0 0 0 0 0 0 0 0 0 1 0 0 0 0 0 0 0 0 0 0]
[137892427986739380555356709906441571416637351740825127431068587849 0 0 0 0 0 0 0 0 0 0 0 1 0 0 0 0 0 0 0 0 0]
[21533243014847316588482574958856435935778003441047900746667409218 0 0 0 0 0 0 0 0 0 0 0 0 1 0 0 0 0 0 0 0 0]
[782590628880922038134121143067989890259454629281910193354813973244 0 0 0 0 0 0 0 0 0 0 0 0 0 1 0 0 0 0 0 0 0]
[180413325984151296366191971098881629773508386626102991175977146968 0 0 0 0 0 0 0 0 0 0 0 0 0 0 1 0 0 0 0 0 0]
[780947239462766056155007019831329303383457868164854135228487074488 0 0 0 0 0 0 0 0 0 0 0 0 0 0 0 1 0 0 0 0 0]
[629998243102737853429258419325301889576009930746931909004258499504 0 0 0 0 0 0 0 0 0 0 0 0 0 0 0 0 1 0 0 0 0]
[885748854698997209925070481481200320338119438756106360081609999282 0 0 0 0 0 0 0 0 0 0 0 0 0 0 0 0 0 1 0 0 0]
[908010127761599234360167917901220772421582241748335515903386919767 0 0 0 0 0 0 0 0 0 0 0 0 0 0 0 0 0 0 1 0 0]
[508913792984624194422751951186217588650330689054787458487747221179 0 0 0 0 0 0 0 0 0 0 0 0 0 0 0 0 0 0 0 1 0]
[290251979596625464310948147639469837976848530726897008602147308276 0 0 0 0 0 0 0 0 0 0 0 0 0 0 0 0 0 0 0 0 1]
]
