[[1045499570673523522933649222417039561098112376013617142307490873239 0 0 0 0 0 0 0 0 0 0 0 0 0 0 0 0 0 0 0 0 0]
[286310552755110721673574194869498103326605990648243486314489664935 1 0 0 0 0 0 0 0 0 0 0 0 0 0 0 0 0 0 0 0 0]
[283324265970585737314485963690154926359932646743820576170326603906 0 1 0 0 0 0 0 0 0 0 0 0 0 0 0 0 0 0 0 0 0]
[622771656433394287312563676272503753315169968376992415786137882908 0 0 1 0 0 0 0 0 0 0 0 0 0 0 0 0 0 0 0 0 0]
[13515953540303141629344252987132266098631528260470289607379383440 0 0 0 1 0 0 0 0 0 0 0 0 0 0 0 0 0 0 0 0 0]
[395932838857820776735889246080553638837524554306039265204427910962 0 0 0 0 1 0 0 0 0 0 0 0 0 0 0 0 0 0 0 0 0]
[932011567413730384969238675347467648193618127454786865505932492703 0 0 0 0 0 1 0 0 0 0 0 0 0 0 0 0 0 0 0 0 0]
[669498108007850683893569749239743373817750885627187064379476351168 0 0 0 0 0 0 1 0 0 0 0 0 0 0 0 0 0 0 0 0 0]
[836320002252238718854931509597730686833772083781412765732321088925 0 0 0 0 0 0 0 1 0 0 0 0 0 0 0 0 0 0 0 0 0]
[177248917317018732202409285363967746213200206892297169852891440659 0 0 0 0 0 0 0 0 1 0 0 0 0 0 0 0 0 0 0 0 0]
[916008494391227689766212210578864682010644895566841339469836495198 0 0 0 0 0 0 0 0 0 1 0 0 0 0 0 0 0 0 0 0 0]
[231610018008793196175268105835548130266216048368481974056887001073 0 0 0 0 0 0 0 0 0 0 1 0 0 0 0 0 0 0 0 0 0]
[112843704540004728513452364733534768132279556099880585886451016560 0 0 0 0 0 0 0 0 0 0 0 1 0 0 0 0 0 0 0 0 0]
[674605461229542263986621048790516415288474613598852231369421416794 0 0 0 0 0 0 0 0 0 0 0 0 1 0 0 0 0 0 0 0 0]
[700349975195807660760925593858094770492616577079724004480501543485 0 0 0 0 0 0 0 0 0 0 0 0 0 1 0 0 0 0 0 0 0]
[267556698994795141864619901309654944550781850289233651419589161858 0 0 0 0 0 0 0 0 0 0 0 0 0 0 1 0 0 0 0 0 0]
[441190310104882747603979567627491924980216154480357656725600798373 0 0 0 0 0 0 0 0 0 0 0 0 0 0 0 1 0 0 0 0 0]
[697010723462618195328293688360991359727945444308670963521532562231 0 0 0 0 0 0 0 0 0 0 0 0 0 0 0 0 1 0 0 0 0]
[394935404821869178564856808123082621655824556291850595112891891472 0 0 0 0 0 0 0 0 0 0 0 0 0 0 0 0 0 1 0 0 0]
[663309923230900657907623142307002179494114534311439690269929823286 0 0 0 0 0 0 0 0 0 0 0 0 0 0 0 0 0 0 1 0 0]
[427089364522371826316689997924499952279291585183214666987878365902 0 0 0 0 0 0 0 0 0 0 0 0 0 0 0 0 0 0 0 1 0]
[855131218001572795098695369105010420379252627342160302999847535677 0 0 0 0 0 0 0 0 0 0 0 0 0 0 0 0 0 0 0 0 1]
]
