[[1096058938035771875756961813411291772046470620381066503467550040301 0 0 0 0 0 0 0 0 0 0 0 0 0 0 0 0 0 0 0 0 0]
[39143273488365212785510353959305874500502892182151715286127165379 1 0 0 0 0 0 0 0 0 0 0 0 0 0 0 0 0 0 0 0 0]
[746521941559479669512769623240387175341692095803350924449563350521 0 1 0 0 0 0 0 0 0 0 0 0 0 0 0 0 0 0 0 0 0]
[36173308099466805366278874992003517149445255436011585389363051762 0 0 1 0 0 0 0 0 0 0 0 0 0 0 0 0 0 0 0 0 0]
[560905434789541111745128636755141927475054083999399697956452339979 0 0 0 1 0 0 0 0 0 0 0 0 0 0 0 0 0 0 0 0 0]
[856547023769818227034025721657387740172479080846764562490523612412 0 0 0 0 1 0 0 0 0 0 0 0 0 0 0 0 0 0 0 0 0]
[415987643854436280351942731655817285015908399990702127360269638205 0 0 0 0 0 1 0 0 0 0 0 0 0 0 0 0 0 0 0 0 0]
[365784689593219223556936309489171655838733404631008522552055991647 0 0 0 0 0 0 1 0 0 0 0 0 0 0 0 0 0 0 0 0 0]
[327011224298198866037904558304206877783280586066852149373338511492 0 0 0 0 0 0 0 1 0 0 0 0 0 0 0 0 0 0 0 0 0]
[948324831912809646992898423866716167340370512632124156889746833512 0 0 0 0 0 0 0 0 1 0 0 0 0 0 0 0 0 0 0 0 0]
[351161775505844071253056399778355977179673349852911685118273678442 0 0 0 0 0 0 0 0 0 1 0 0 0 0 0 0 0 0 0 0 0]
[723477984525374917769401838239975076408293994539523429332280596687 0 0 0 0 0 0 0 0 0 0 1 0 0 0 0 0 0 0 0 0 0]
[227798810553053578380225025544979162602066288905383447161664850097 0 0 0 0 0 0 0 0 0 0 0 1 0 0 0 0 0 0 0 0 0]
[1009826656526215995532735693640488232190974485047590349255497686994 0 0 0 0 0 0 0 0 0 0 0 0 1 0 0 0 0 0 0 0 0]
[663368947187187980268433579805000377061152377994737455012628734937 0 0 0 0 0 0 0 0 0 0 0 0 0 1 0 0 0 0 0 0 0]
[270175171192291625254818234772710171647852089493736226435731977272 0 0 0 0 0 0 0 0 0 0 0 0 0 0 1 0 0 0 0 0 0]
[1016331405218384485747562807811662334989020226031568339311143688918 0 0 0 0 0 0 0 0 0 0 0 0 0 0 0 1 0 0 0 0 0]
[314210622343661582245099099269414356149419450050170902214263198154 0 0 0 0 0 0 0 0 0 0 0 0 0 0 0 0 1 0 0 0 0]
[572363411843938327510748412599623556792565314974244851959925395953 0 0 0 0 0 0 0 0 0 0 0 0 0 0 0 0 0 1 0 0 0]
[91360575013987602226673432265984800540951186965479476992901536079 0 0 0 0 0 0 0 0 0 0 0 0 0 0 0 0 0 0 1 0 0]
[816401301757746983501630092881434804535464678224833407595436357868 0 0 0 0 0 0 0 0 0 0 0 0 0 0 0 0 0 0 0 1 0]
[546633722049520712698956624900204923765320044158957891770930813957 0 0 0 0 0 0 0 0 0 0 0 0 0 0 0 0 0 0 0 0 1]
]
