[[1570817976074662596001598655270712276481142730305051445835606174147 0 0 0 0 0 0 0 0 0 0 0 0 0 0 0 0 0 0 0 0 0]
[1075233529159804577380532536115944451257494669836481750917175856992 1 0 0 0 0 0 0 0 0 0 0 0 0 0 0 0 0 0 0 0 0]
[1391386511376155159709508029024808068370582967946751902951508372447 0 1 0 0 0 0 0 0 0 0 0 0 0 0 0 0 0 0 0 0 0]
[1280253012438556939515142756952063223188089770672944026156913418406 0 0 1 0 0 0 0 0 0 0 0 0 0 0 0 0 0 0 0 0 0]
[843878185681481859685892972187627441743679509096816166738016147370 0 0 0 1 0 0 0 0 0 0 0 0 0 0 0 0 0 0 0 0 0]
[1101347913856570969342107076122555751575291538675064477761086815465 0 0 0 0 1 0 0 0 0 0 0 0 0 0 0 0 0 0 0 0 0]
[1478063766024982637742360713664779847109981030661028206648869351951 0 0 0 0 0 1 0 0 0 0 0 0 0 0 0 0 0 0 0 0 0]
[1120633901756722876420480345108970799689902642344738870305830725202 0 0 0 0 0 0 1 0 0 0 0 0 0 0 0 0 0 0 0 0 0]
[1285401505887734506352297577649767497019475157981615934694076006088 0 0 0 0 0 0 0 1 0 0 0 0 0 0 0 0 0 0 0 0 0]
[1288910424408399459310403279550814841015316661900867130283316510738 0 0 0 0 0 0 0 0 1 0 0 0 0 0 0 0 0 0 0 0 0]
[520128791719374241604001421860548774280952639082041951636630764272 0 0 0 0 0 0 0 0 0 1 0 0 0 0 0 0 0 0 0 0 0]
[1442322794251774612598989641106608984263209581204855456313268641888 0 0 0 0 0 0 0 0 0 0 1 0 0 0 0 0 0 0 0 0 0]
[1303567769135297873941079994246098390738260498948059153612636357233 0 0 0 0 0 0 0 0 0 0 0 1 0 0 0 0 0 0 0 0 0]
[631196833095846414938137054183634399604072687086103044786126765063 0 0 0 0 0 0 0 0 0 0 0 0 1 0 0 0 0 0 0 0 0]
[674762153467273926907556262319669873048154100363647892951593209558 0 0 0 0 0 0 0 0 0 0 0 0 0 1 0 0 0 0 0 0 0]
[1230486296370698961740096646944722625364326797913097463010502690498 0 0 0 0 0 0 0 0 0 0 0 0 0 0 1 0 0 0 0 0 0]
[1255677283988734085341261963922378632832203311958672873461382694886 0 0 0 0 0 0 0 0 0 0 0 0 0 0 0 1 0 0 0 0 0]
[25299438544822364808947391661776851766388951928537805539924349633 0 0 0 0 0 0 0 0 0 0 0 0 0 0 0 0 1 0 0 0 0]
[927506689981341163530783878397009908228242074967071008743086633569 0 0 0 0 0 0 0 0 0 0 0 0 0 0 0 0 0 1 0 0 0]
[1244439946335529312369055042922049818612112334029808292965430262357 0 0 0 0 0 0 0 0 0 0 0 0 0 0 0 0 0 0 1 0 0]
[416120270227953128894576459936761616886630002169829037153846558865 0 0 0 0 0 0 0 0 0 0 0 0 0 0 0 0 0 0 0 1 0]
[1356805850389786120762350791320934665221033538249177412156788172358 0 0 0 0 0 0 0 0 0 0 0 0 0 0 0 0 0 0 0 0 1]
]
