[[1393506320112505501662536785460910883437901885784475621489467752031 0 0 0 0 0 0 0 0 0 0 0 0 0 0 0 0 0 0 0 0 0]
[1138466242922789083517974524818604148472093448115879260817056721892 1 0 0 0 0 0 0 0 0 0 0 0 0 0 0 0 0 0 0 0 0]
[1298300788318085028448245445433665893576808615446131463836784528210 0 1 0 0 0 0 0 0 0 0 0 0 0 0 0 0 0 0 0 0 0]
[1381038608825482121112405346970572965606159139987094346248007136761 0 0 1 0 0 0 0 0 0 0 0 0 0 0 0 0 0 0 0 0 0]
[1357608830815906088369167083852181238831908695410800838684031704415 0 0 0 1 0 0 0 0 0 0 0 0 0 0 0 0 0 0 0 0 0]
[436069617398101964017383105961445342036871297029341676266374259659 0 0 0 0 1 0 0 0 0 0 0 0 0 0 0 0 0 0 0 0 0]
[1183370661480742218684092534600799728644675611051648355558131549806 0 0 0 0 0 1 0 0 0 0 0 0 0 0 0 0 0 0 0 0 0]
[675881051042434762301980249964112777066544622131329904467988486252 0 0 0 0 0 0 1 0 0 0 0 0 0 0 0 0 0 0 0 0 0]
[1229960458584380759856892845112607216963087895247965383510388045701 0 0 0 0 0 0 0 1 0 0 0 0 0 0 0 0 0 0 0 0 0]
[1134250040717831659679615778074072833060062404076747679023365365611 0 0 0 0 0 0 0 0 1 0 0 0 0 0 0 0 0 0 0 0 0]
[560299916628988133982442696266963876278010630419227271730520215968 0 0 0 0 0 0 0 0 0 1 0 0 0 0 0 0 0 0 0 0 0]
[33049177559880827480275832645000455139642953168865815661978247934 0 0 0 0 0 0 0 0 0 0 1 0 0 0 0 0 0 0 0 0 0]
[710386806498058393485081032588408476695848932906073938433594962604 0 0 0 0 0 0 0 0 0 0 0 1 0 0 0 0 0 0 0 0 0]
[1238347931381461241743417356817406356258963494581475799278612613294 0 0 0 0 0 0 0 0 0 0 0 0 1 0 0 0 0 0 0 0 0]
[880365143429094611811105150907890630647085492990139038065120492474 0 0 0 0 0 0 0 0 0 0 0 0 0 1 0 0 0 0 0 0 0]
[341603790683312914001261813039890385929898224298748074282025066546 0 0 0 0 0 0 0 0 0 0 0 0 0 0 1 0 0 0 0 0 0]
[558679364875810419119644529986028432482337503983226912301832451684 0 0 0 0 0 0 0 0 0 0 0 0 0 0 0 1 0 0 0 0 0]
[219862593845717090793462702292860491846896456075104363961948749087 0 0 0 0 0 0 0 0 0 0 0 0 0 0 0 0 1 0 0 0 0]
[1176408902134177741781618294149652789351994091146405822812720515565 0 0 0 0 0 0 0 0 0 0 0 0 0 0 0 0 0 1 0 0 0]
[1012120265189529145092776261804735820616497661573909046272834245482 0 0 0 0 0 0 0 0 0 0 0 0 0 0 0 0 0 0 1 0 0]
[857507821510621035387216539563375942618029659343126724148795626193 0 0 0 0 0 0 0 0 0 0 0 0 0 0 0 0 0 0 0 1 0]
[17191105436651146532802787155429978230499677068212402064637324152 0 0 0 0 0 0 0 0 0 0 0 0 0 0 0 0 0 0 0 0 1]
]
