[[956931324591511831233156158946072999728135864181376127404986418117 0 0 0 0 0 0 0 0 0 0 0 0 0 0 0 0 0 0 0 0 0]
[508636974308025833050167022536272695913028331066282798516426200109 1 0 0 0 0 0 0 0 0 0 0 0 0 0 0 0 0 0 0 0 0]
[589682069312541445600543442062285265572689685845815906000657724253 0 1 0 0 0 0 0 0 0 0 0 0 0 0 0 0 0 0 0 0 0]
[654201657122794338513702891196265162663746090887403822154311425057 0 0 1 0 0 0 0 0 0 0 0 0 0 0 0 0 0 0 0 0 0]
[300949830620395768707990230865322450669313893114464811916585025816 0 0 0 1 0 0 0 0 0 0 0 0 0 0 0 0 0 0 0 0 0]
[110834722923239616731185432408032361432833956136393975644290388490 0 0 0 0 1 0 0 0 0 0 0 0 0 0 0 0 0 0 0 0 0]
[572712123842325830727910205804393609109430183367759009639376675784 0 0 0 0 0 1 0 0 0 0 0 0 0 0 0 0 0 0 0 0 0]
[389100113745364228959469495228514709873269864238980076992455083885 0 0 0 0 0 0 1 0 0 0 0 0 0 0 0 0 0 0 0 0 0]
[467062377900953291409864984700522997133142087975850566908841141922 0 0 0 0 0 0 0 1 0 0 0 0 0 0 0 0 0 0 0 0 0]
[175495491245046550459077703587031786431965486759540481198023478868 0 0 0 0 0 0 0 0 1 0 0 0 0 0 0 0 0 0 0 0 0]
[93563789718384286759078883572002799729788604671167320330350282406 0 0 0 0 0 0 0 0 0 1 0 0 0 0 0 0 0 0 0 0 0]
[580894022131414850898408064874628434466979133207340096780203218154 0 0 0 0 0 0 0 0 0 0 1 0 0 0 0 0 0 0 0 0 0]
[336411169707971583646378832310179980421797182184492359785273850950 0 0 0 0 0 0 0 0 0 0 0 1 0 0 0 0 0 0 0 0 0]
[393813365575689026367814898144462796835220376564644778486351276151 0 0 0 0 0 0 0 0 0 0 0 0 1 0 0 0 0 0 0 0 0]
[251557295207850377183082369111691323615195934507083785332649013757 0 0 0 0 0 0 0 0 0 0 0 0 0 1 0 0 0 0 0 0 0]
[170258025464314650543625668010721327459768422621280943516020955684 0 0 0 0 0 0 0 0 0 0 0 0 0 0 1 0 0 0 0 0 0]
[672036331571917486515316351617059602719878996747154722197034098057 0 0 0 0 0 0 0 0 0 0 0 0 0 0 0 1 0 0 0 0 0]
[513326971120202146949687030215662068278799780719526248485756959905 0 0 0 0 0 0 0 0 0 0 0 0 0 0 0 0 1 0 0 0 0]
[717918038945719921730039951627429326711428512475470380880206804880 0 0 0 0 0 0 0 0 0 0 0 0 0 0 0 0 0 1 0 0 0]
[370456033452586607284520561064229414255013997109753504280526051079 0 0 0 0 0 0 0 0 0 0 0 0 0 0 0 0 0 0 1 0 0]
[881125871367221653925380948699923477850043925000038694294081587656 0 0 0 0 0 0 0 0 0 0 0 0 0 0 0 0 0 0 0 1 0]
[232368326228435370412745541434406545499518280408338705132548828106 0 0 0 0 0 0 0 0 0 0 0 0 0 0 0 0 0 0 0 0 1]
]
