[[1496293122867212161665009021139782043513539560253353776929401665979 0 0 0 0 0 0 0 0 0 0 0 0 0 0 0 0 0 0 0 0 0]
[1165455275226708394909402511534885120024881667039816989946699733589 1 0 0 0 0 0 0 0 0 0 0 0 0 0 0 0 0 0 0 0 0]
[1077708950546044412554310742352977530437036573670184958900220599504 0 1 0 0 0 0 0 0 0 0 0 0 0 0 0 0 0 0 0 0 0]
[1129747689212801090782605019519961849407946066090009140126446752608 0 0 1 0 0 0 0 0 0 0 0 0 0 0 0 0 0 0 0 0 0]
[66880016921540299196704766308340759315938103431597429969648274316 0 0 0 1 0 0 0 0 0 0 0 0 0 0 0 0 0 0 0 0 0]
[979918722495223629539982415658227137742710441042912955557901448630 0 0 0 0 1 0 0 0 0 0 0 0 0 0 0 0 0 0 0 0 0]
[590771297027924211731149502457647511670259077589519427232936844892 0 0 0 0 0 1 0 0 0 0 0 0 0 0 0 0 0 0 0 0 0]
[951149270891911999185871228250728799268002391695353222802064471471 0 0 0 0 0 0 1 0 0 0 0 0 0 0 0 0 0 0 0 0 0]
[268979450596514247918298505651340860768803589223295152950126976428 0 0 0 0 0 0 0 1 0 0 0 0 0 0 0 0 0 0 0 0 0]
[472944638131723972541176944060341300688111550705331186064720302367 0 0 0 0 0 0 0 0 1 0 0 0 0 0 0 0 0 0 0 0 0]
[834334646958561855715957196928530344546777443214995808286364491558 0 0 0 0 0 0 0 0 0 1 0 0 0 0 0 0 0 0 0 0 0]
[1426498167848161181835908047159550551439722680985594618756758517459 0 0 0 0 0 0 0 0 0 0 1 0 0 0 0 0 0 0 0 0 0]
[494951504559167136160562829197011403956683831714955520991105238949 0 0 0 0 0 0 0 0 0 0 0 1 0 0 0 0 0 0 0 0 0]
[1210979578327802660896603170172220120101058800919772963099147144995 0 0 0 0 0 0 0 0 0 0 0 0 1 0 0 0 0 0 0 0 0]
[562781945977562013342981320125305967583804682813485807141975708347 0 0 0 0 0 0 0 0 0 0 0 0 0 1 0 0 0 0 0 0 0]
[816832302402606985835060390925346739968793596947298274711583894029 0 0 0 0 0 0 0 0 0 0 0 0 0 0 1 0 0 0 0 0 0]
[315640557224447717992826234791675001985863542459457990822840800287 0 0 0 0 0 0 0 0 0 0 0 0 0 0 0 1 0 0 0 0 0]
[772646621651748736868612443871109608054458177876785712522473439488 0 0 0 0 0 0 0 0 0 0 0 0 0 0 0 0 1 0 0 0 0]
[1313024674291807830929957292031161284882034481638951385196181002899 0 0 0 0 0 0 0 0 0 0 0 0 0 0 0 0 0 1 0 0 0]
[331335755514183543538221298419774326937771755168704381369105243010 0 0 0 0 0 0 0 0 0 0 0 0 0 0 0 0 0 0 1 0 0]
[880303738191597875483667497888504411287462663338795340067663591529 0 0 0 0 0 0 0 0 0 0 0 0 0 0 0 0 0 0 0 1 0]
[875838923380358571140648451911698517342714153721749015354737436448 0 0 0 0 0 0 0 0 0 0 0 0 0 0 0 0 0 0 0 0 1]
]
