[[1142279936919784596236831537654092339106657761742763225447387313001 0 0 0 0 0 0 0 0 0 0 0 0 0 0 0 0 0 0 0 0 0]
[275255960083919200746098440641874146547652228937502303162204068539 1 0 0 0 0 0 0 0 0 0 0 0 0 0 0 0 0 0 0 0 0]
[156187023468442973633949961266246716933898263304675501187395791257 0 1 0 0 0 0 0 0 0 0 0 0 0 0 0 0 0 0 0 0 0]
[787460247834018726456801066604903170909166632516761235462035945095 0 0 1 0 0 0 0 0 0 0 0 0 0 0 0 0 0 0 0 0 0]
[314143679727686487328842552700454636410801630017591010320781302360 0 0 0 1 0 0 0 0 0 0 0 0 0 0 0 0 0 0 0 0 0]
[598817151161021699860801384773951156647525246748123604154567734436 0 0 0 0 1 0 0 0 0 0 0 0 0 0 0 0 0 0 0 0 0]
[985385601948439858748728508048648211155783271854231252571091060080 0 0 0 0 0 1 0 0 0 0 0 0 0 0 0 0 0 0 0 0 0]
[1063484265598283335021143314217490735243809918656794652857262053116 0 0 0 0 0 0 1 0 0 0 0 0 0 0 0 0 0 0 0 0 0]
[26581629421827644681478319039740137309699959442624890640531950249 0 0 0 0 0 0 0 1 0 0 0 0 0 0 0 0 0 0 0 0 0]
[335136572907122762042879727463942347852051309079187140816614779597 0 0 0 0 0 0 0 0 1 0 0 0 0 0 0 0 0 0 0 0 0]
[701360942580812401741840071365919340544245272971618387152542888134 0 0 0 0 0 0 0 0 0 1 0 0 0 0 0 0 0 0 0 0 0]
[1134456546551751451309155816267085096822111355842732573305790075840 0 0 0 0 0 0 0 0 0 0 1 0 0 0 0 0 0 0 0 0 0]
[810762480493084664894823813431007501466704242402998033890098714730 0 0 0 0 0 0 0 0 0 0 0 1 0 0 0 0 0 0 0 0 0]
[529493011270879563866669797931467044043147461923581386185663715339 0 0 0 0 0 0 0 0 0 0 0 0 1 0 0 0 0 0 0 0 0]
[926843218676478309989982999512041185367474501843663148499983205207 0 0 0 0 0 0 0 0 0 0 0 0 0 1 0 0 0 0 0 0 0]
[544189064256571890246476573042362073064544486063744310983091958572 0 0 0 0 0 0 0 0 0 0 0 0 0 0 1 0 0 0 0 0 0]
[1122709799919753943046373822243859692093045633091715046178130280295 0 0 0 0 0 0 0 0 0 0 0 0 0 0 0 1 0 0 0 0 0]
[1128515174491652214636692708456487851056908824913623143464888421526 0 0 0 0 0 0 0 0 0 0 0 0 0 0 0 0 1 0 0 0 0]
[737729140429626716795336543610653452579067200824436226490295933039 0 0 0 0 0 0 0 0 0 0 0 0 0 0 0 0 0 1 0 0 0]
[27904770598230935524490665739464095093036320240005418849176294426 0 0 0 0 0 0 0 0 0 0 0 0 0 0 0 0 0 0 1 0 0]
[58321505354260209118501622549323713491881304602545961070311307089 0 0 0 0 0 0 0 0 0 0 0 0 0 0 0 0 0 0 0 1 0]
[718512885432853759795511983199385481599070522786659521924772337961 0 0 0 0 0 0 0 0 0 0 0 0 0 0 0 0 0 0 0 0 1]
]
