[[971460456936737703072763020417467263006994529534367434257569725727 0 0 0 0 0 0 0 0 0 0 0 0 0 0 0 0 0 0 0 0 0]
[825623053167258021243310288715086923251673749746917588677858521743 1 0 0 0 0 0 0 0 0 0 0 0 0 0 0 0 0 0 0 0 0]
[635896113258746663780750226698244882386539441272005047408816839032 0 1 0 0 0 0 0 0 0 0 0 0 0 0 0 0 0 0 0 0 0]
[297594021511153447773546475866881686539948978237461199855278304474 0 0 1 0 0 0 0 0 0 0 0 0 0 0 0 0 0 0 0 0 0]
[887650198810428018880770387147478255490946825108218818357855607384 0 0 0 1 0 0 0 0 0 0 0 0 0 0 0 0 0 0 0 0 0]
[142467642980243333306417321057708910033888264801734769042918930915 0 0 0 0 1 0 0 0 0 0 0 0 0 0 0 0 0 0 0 0 0]
[289974959780761770105668172275579014533822494280769700749778513465 0 0 0 0 0 1 0 0 0 0 0 0 0 0 0 0 0 0 0 0 0]
[844926198880016550054636203093625918408074537713974345764799842454 0 0 0 0 0 0 1 0 0 0 0 0 0 0 0 0 0 0 0 0 0]
[966488558213387050607013091527011624092858956202384100887319018380 0 0 0 0 0 0 0 1 0 0 0 0 0 0 0 0 0 0 0 0 0]
[231792439000675293106322801971164607017036639174977038655374185193 0 0 0 0 0 0 0 0 1 0 0 0 0 0 0 0 0 0 0 0 0]
[29154854778103869180725124946488212132321840983117651413842083808 0 0 0 0 0 0 0 0 0 1 0 0 0 0 0 0 0 0 0 0 0]
[521727689446279758664351934235526392901112008385337503078449919875 0 0 0 0 0 0 0 0 0 0 1 0 0 0 0 0 0 0 0 0 0]
[226585442681413318110024505663531768513476483644509588142426615260 0 0 0 0 0 0 0 0 0 0 0 1 0 0 0 0 0 0 0 0 0]
[271273355840653193717959470724073547887383197031118181016960988892 0 0 0 0 0 0 0 0 0 0 0 0 1 0 0 0 0 0 0 0 0]
[576914372275578048336328578528187248717326666657424345614578905341 0 0 0 0 0 0 0 0 0 0 0 0 0 1 0 0 0 0 0 0 0]
[899058883193057218785652147988291293303273930983289550305141025182 0 0 0 0 0 0 0 0 0 0 0 0 0 0 1 0 0 0 0 0 0]
[438888055900509008715946041017320060154883452628415735991547447540 0 0 0 0 0 0 0 0 0 0 0 0 0 0 0 1 0 0 0 0 0]
[200416526986495148522023863282275415239828813361233197911688757374 0 0 0 0 0 0 0 0 0 0 0 0 0 0 0 0 1 0 0 0 0]
[907228447665903239680978454616682712285050357669844235711828963668 0 0 0 0 0 0 0 0 0 0 0 0 0 0 0 0 0 1 0 0 0]
[730570196827463498509565868064648019658975890901774203764497237677 0 0 0 0 0 0 0 0 0 0 0 0 0 0 0 0 0 0 1 0 0]
[708770086330884011864975479999525910373529972224035533797332460637 0 0 0 0 0 0 0 0 0 0 0 0 0 0 0 0 0 0 0 1 0]
[625819136309761843796646128250292928000333438106056945111941620954 0 0 0 0 0 0 0 0 0 0 0 0 0 0 0 0 0 0 0 0 1]
]
