[[1000669452534907466221307933901607566900748643905589514133570349321 0 0 0 0 0 0 0 0 0 0 0 0 0 0 0 0 0 0 0 0 0]
[11337958005721131729970664590367285227258783800208032988677254674 1 0 0 0 0 0 0 0 0 0 0 0 0 0 0 0 0 0 0 0 0]
[674965665393723087778160750414093694492741453489178578321018939563 0 1 0 0 0 0 0 0 0 0 0 0 0 0 0 0 0 0 0 0 0]
[740262445824071065266849388729156647787018264879078702453775693075 0 0 1 0 0 0 0 0 0 0 0 0 0 0 0 0 0 0 0 0 0]
[350777849630491843947365423464979790469383404767729678006853855723 0 0 0 1 0 0 0 0 0 0 0 0 0 0 0 0 0 0 0 0 0]
[461613214483925959420998526747999002482454948311992859987478461913 0 0 0 0 1 0 0 0 0 0 0 0 0 0 0 0 0 0 0 0 0]
[688038485405494199010287158993450718302958457398546692578289868768 0 0 0 0 0 1 0 0 0 0 0 0 0 0 0 0 0 0 0 0 0]
[772220713623661750878363518262450044259752087670149183897319060544 0 0 0 0 0 0 1 0 0 0 0 0 0 0 0 0 0 0 0 0 0]
[831491050476902589493444505166581485237847897095321964831404634469 0 0 0 0 0 0 0 1 0 0 0 0 0 0 0 0 0 0 0 0 0]
[43042090574421870252704885403411882586815111437024850756003630523 0 0 0 0 0 0 0 0 1 0 0 0 0 0 0 0 0 0 0 0 0]
[126964832293943237375880963762113506696962654320077365862222282205 0 0 0 0 0 0 0 0 0 1 0 0 0 0 0 0 0 0 0 0 0]
[428094658960549734729892362740123920260707388029464684322657460724 0 0 0 0 0 0 0 0 0 0 1 0 0 0 0 0 0 0 0 0 0]
[38882662233096232602205213157593824999000092891393509378550111281 0 0 0 0 0 0 0 0 0 0 0 1 0 0 0 0 0 0 0 0 0]
[495822366884336346215400559031925502712789525066488251372229004425 0 0 0 0 0 0 0 0 0 0 0 0 1 0 0 0 0 0 0 0 0]
[231343086817064975164823148701656470032973316875749395459532135452 0 0 0 0 0 0 0 0 0 0 0 0 0 1 0 0 0 0 0 0 0]
[118566370560982225938220564457535412626549244612771579762860791592 0 0 0 0 0 0 0 0 0 0 0 0 0 0 1 0 0 0 0 0 0]
[927801724879692140531319187157291449060842201904794240702011697723 0 0 0 0 0 0 0 0 0 0 0 0 0 0 0 1 0 0 0 0 0]
[329626542368929883944506534112305666963621448277317508002138564466 0 0 0 0 0 0 0 0 0 0 0 0 0 0 0 0 1 0 0 0 0]
[50042562049311922450034604699400375353430258726270072230470230134 0 0 0 0 0 0 0 0 0 0 0 0 0 0 0 0 0 1 0 0 0]
[573041765263478316040602225741209553485186149882910609156609899818 0 0 0 0 0 0 0 0 0 0 0 0 0 0 0 0 0 0 1 0 0]
[129873244051567617739995556496408417355103259326413656839621986910 0 0 0 0 0 0 0 0 0 0 0 0 0 0 0 0 0 0 0 1 0]
[794879203353226560402719005777418611903224721354571379658863779365 0 0 0 0 0 0 0 0 0 0 0 0 0 0 0 0 0 0 0 0 1]
]
