[[900432699966608468272159383730927877807633257483601502187292525669 0 0 0 0 0 0 0 0 0 0 0 0 0 0 0 0 0 0 0 0 0]
[575649062951837335310494361155857395516739171684296754002093413523 1 0 0 0 0 0 0 0 0 0 0 0 0 0 0 0 0 0 0 0 0]
[708541617789632768312917142033584538337776318179145088853910122102 0 1 0 0 0 0 0 0 0 0 0 0 0 0 0 0 0 0 0 0 0]
[794672425204826555549494588883057261816886648872749184995169341122 0 0 1 0 0 0 0 0 0 0 0 0 0 0 0 0 0 0 0 0 0]
[411708396956830477500862202443878933996225463794013623480194872897 0 0 0 1 0 0 0 0 0 0 0 0 0 0 0 0 0 0 0 0 0]
[426925428000530148610261726340614407466901729695515007097707504060 0 0 0 0 1 0 0 0 0 0 0 0 0 0 0 0 0 0 0 0 0]
[619766801021227952104244522312094618419764273147328517104121560491 0 0 0 0 0 1 0 0 0 0 0 0 0 0 0 0 0 0 0 0 0]
[164581864067147910146844768593274609115724567851346006831119977654 0 0 0 0 0 0 1 0 0 0 0 0 0 0 0 0 0 0 0 0 0]
[837684586706320605363873439385334135363053150723927946809420431152 0 0 0 0 0 0 0 1 0 0 0 0 0 0 0 0 0 0 0 0 0]
[772854029620823310963170398793692840459092262669213434534891954555 0 0 0 0 0 0 0 0 1 0 0 0 0 0 0 0 0 0 0 0 0]
[533053585810496202895772913740408004664825586328951735643011891776 0 0 0 0 0 0 0 0 0 1 0 0 0 0 0 0 0 0 0 0 0]
[242527301499530660691768775323713464534737046295336316329669751948 0 0 0 0 0 0 0 0 0 0 1 0 0 0 0 0 0 0 0 0 0]
[397938092237032207194022227425716156241178669385320450192349979099 0 0 0 0 0 0 0 0 0 0 0 1 0 0 0 0 0 0 0 0 0]
[736401428440064021813576749825363848327653758169007755576665402480 0 0 0 0 0 0 0 0 0 0 0 0 1 0 0 0 0 0 0 0 0]
[204788651877756397528789437579845878330447029171032374788805833030 0 0 0 0 0 0 0 0 0 0 0 0 0 1 0 0 0 0 0 0 0]
[594263799780670277765796208305421248445892198343739730712518092235 0 0 0 0 0 0 0 0 0 0 0 0 0 0 1 0 0 0 0 0 0]
[818535405787432016020690450728795536665970381134239955706850104292 0 0 0 0 0 0 0 0 0 0 0 0 0 0 0 1 0 0 0 0 0]
[211928614479899160859311101737574076812199535042419451623615276145 0 0 0 0 0 0 0 0 0 0 0 0 0 0 0 0 1 0 0 0 0]
[868338378759983751342193188458508960004289560089234005937501337319 0 0 0 0 0 0 0 0 0 0 0 0 0 0 0 0 0 1 0 0 0]
[535199075519672290186401273920471543502533930640142861389873901853 0 0 0 0 0 0 0 0 0 0 0 0 0 0 0 0 0 0 1 0 0]
[227113959389154589190827369444769571272713853245273616911573621203 0 0 0 0 0 0 0 0 0 0 0 0 0 0 0 0 0 0 0 1 0]
[395840026664233036842136097227441080374249615219607739343201951728 0 0 0 0 0 0 0 0 0 0 0 0 0 0 0 0 0 0 0 0 1]
]
