[[1519378902448259636640644088037402555661508711455271881214328812863 0 0 0 0 0 0 0 0 0 0 0 0 0 0 0 0 0 0 0 0 0]
[1337653686871078541631043270064746370839293720329727782266507077144 1 0 0 0 0 0 0 0 0 0 0 0 0 0 0 0 0 0 0 0 0]
[852629226382766176119691246207077596638657111617657093861812852158 0 1 0 0 0 0 0 0 0 0 0 0 0 0 0 0 0 0 0 0 0]
[951737315932890112602780589784259952245919996436866391419032668090 0 0 1 0 0 0 0 0 0 0 0 0 0 0 0 0 0 0 0 0 0]
[1108016916520397261762975768671973419213120029205611105832847117066 0 0 0 1 0 0 0 0 0 0 0 0 0 0 0 0 0 0 0 0 0]
[1063408067012155560442609115915408399617802338377740711573104628961 0 0 0 0 1 0 0 0 0 0 0 0 0 0 0 0 0 0 0 0 0]
[442607986065149040303707383059466934565793061065636581165003233775 0 0 0 0 0 1 0 0 0 0 0 0 0 0 0 0 0 0 0 0 0]
[130357807689751998920253899963955574455592408052966330007922032980 0 0 0 0 0 0 1 0 0 0 0 0 0 0 0 0 0 0 0 0 0]
[54720948038724091451083127890642833316851091855447009139836049777 0 0 0 0 0 0 0 1 0 0 0 0 0 0 0 0 0 0 0 0 0]
[1243325183172555727471355730070064291214209238070023521547973626186 0 0 0 0 0 0 0 0 1 0 0 0 0 0 0 0 0 0 0 0 0]
[1226722322542730349756458467628601787862397973094297498014471990454 0 0 0 0 0 0 0 0 0 1 0 0 0 0 0 0 0 0 0 0 0]
[1377723268557152382633073058587696542547868788218038273732221384910 0 0 0 0 0 0 0 0 0 0 1 0 0 0 0 0 0 0 0 0 0]
[1157793241630046622433584689960041257468043232192188011067818749245 0 0 0 0 0 0 0 0 0 0 0 1 0 0 0 0 0 0 0 0 0]
[1237292265561249487779458372209953040151481794391098287478782982795 0 0 0 0 0 0 0 0 0 0 0 0 1 0 0 0 0 0 0 0 0]
[163186304535795530300952595270307358876392237347306220239677268772 0 0 0 0 0 0 0 0 0 0 0 0 0 1 0 0 0 0 0 0 0]
[172736497152120077937363537364343673905454292987899912081263102657 0 0 0 0 0 0 0 0 0 0 0 0 0 0 1 0 0 0 0 0 0]
[1185612293106843411245775503790683701333052909813104687278218556684 0 0 0 0 0 0 0 0 0 0 0 0 0 0 0 1 0 0 0 0 0]
[304648837062864053322775139307856794402123014226135670863855830432 0 0 0 0 0 0 0 0 0 0 0 0 0 0 0 0 1 0 0 0 0]
[1171519189615089915917538646593351281773400756679338491301924273936 0 0 0 0 0 0 0 0 0 0 0 0 0 0 0 0 0 1 0 0 0]
[929664809495350340679196046766728223863674098039613510003260410714 0 0 0 0 0 0 0 0 0 0 0 0 0 0 0 0 0 0 1 0 0]
[31658491972610715311089509956857853117096750998332094594544141247 0 0 0 0 0 0 0 0 0 0 0 0 0 0 0 0 0 0 0 1 0]
[1359458297140334127376242725764188397316028741776257073281393920236 0 0 0 0 0 0 0 0 0 0 0 0 0 0 0 0 0 0 0 0 1]
]
