[[1252996017931990996770460538351806136324180189596289839611049792117 0 0 0 0 0 0 0 0 0 0 0 0 0 0 0 0 0 0 0 0 0]
[1216055105058657302863629483557445939836837076037855377760086393491 1 0 0 0 0 0 0 0 0 0 0 0 0 0 0 0 0 0 0 0 0]
[244425192201929896196000410067505428647241066684341908751161045359 0 1 0 0 0 0 0 0 0 0 0 0 0 0 0 0 0 0 0 0 0]
[881364323272930689378812899027719935453455624202606169460856039197 0 0 1 0 0 0 0 0 0 0 0 0 0 0 0 0 0 0 0 0 0]
[712989362319367958551201844527955430641450055525686370284720092186 0 0 0 1 0 0 0 0 0 0 0 0 0 0 0 0 0 0 0 0 0]
[484467041074589125862862859260908805912246142554706499113051071233 0 0 0 0 1 0 0 0 0 0 0 0 0 0 0 0 0 0 0 0 0]
[906801787868477960721483107221220663301770171716317312896559171141 0 0 0 0 0 1 0 0 0 0 0 0 0 0 0 0 0 0 0 0 0]
[824303611972704946335404726741570195530376597419165316002105960555 0 0 0 0 0 0 1 0 0 0 0 0 0 0 0 0 0 0 0 0 0]
[238879232359113862158846020465471649363567580786549414185634643559 0 0 0 0 0 0 0 1 0 0 0 0 0 0 0 0 0 0 0 0 0]
[336630055245875791748257392226355556393396373613720486893392965709 0 0 0 0 0 0 0 0 1 0 0 0 0 0 0 0 0 0 0 0 0]
[995770558821578832585397780122676569360071877003862166094460157662 0 0 0 0 0 0 0 0 0 1 0 0 0 0 0 0 0 0 0 0 0]
[143029819701332521667093038646118820082078863517168674612900371740 0 0 0 0 0 0 0 0 0 0 1 0 0 0 0 0 0 0 0 0 0]
[218178690597010502645975123028482351808334108749271779824309753 0 0 0 0 0 0 0 0 0 0 0 1 0 0 0 0 0 0 0 0 0]
[87127350929218772926269936577779016312540941799076183675831649359 0 0 0 0 0 0 0 0 0 0 0 0 1 0 0 0 0 0 0 0 0]
[995673321151910531364668850590170907442512949093084615294392086235 0 0 0 0 0 0 0 0 0 0 0 0 0 1 0 0 0 0 0 0 0]
[124467656601835929594757658733574518477568404157578354702071990679 0 0 0 0 0 0 0 0 0 0 0 0 0 0 1 0 0 0 0 0 0]
[476907508977433045679382887307258682967695257621405670089711220426 0 0 0 0 0 0 0 0 0 0 0 0 0 0 0 1 0 0 0 0 0]
[1168629840052463664059689391410682872530441640185597281179633401118 0 0 0 0 0 0 0 0 0 0 0 0 0 0 0 0 1 0 0 0 0]
[531008108953507696388085833799885258580807533116813191834710854218 0 0 0 0 0 0 0 0 0 0 0 0 0 0 0 0 0 1 0 0 0]
[740654191288336479138188879618666987970948229746196453361664358614 0 0 0 0 0 0 0 0 0 0 0 0 0 0 0 0 0 0 1 0 0]
[625589206421719804612492489213471577084396249660597726891087943641 0 0 0 0 0 0 0 0 0 0 0 0 0 0 0 0 0 0 0 1 0]
[658076340883640559717067894721293809114590066921558963908646893602 0 0 0 0 0 0 0 0 0 0 0 0 0 0 0 0 0 0 0 0 1]
]
