[[1242932254155484992191572313756269048908646003385822219493800550901 0 0 0 0 0 0 0 0 0 0 0 0 0 0 0 0 0 0 0 0 0]
[990646554419055568501264122814955882236641816916918812504675690083 1 0 0 0 0 0 0 0 0 0 0 0 0 0 0 0 0 0 0 0 0]
[537905968808029147691799020842702348395520581235251503861877661304 0 1 0 0 0 0 0 0 0 0 0 0 0 0 0 0 0 0 0 0 0]
[1009181335258082358109049526958317164204328596408686974204298281284 0 0 1 0 0 0 0 0 0 0 0 0 0 0 0 0 0 0 0 0 0]
[1232500660386296447269760613970469746884059425132243294848882369948 0 0 0 1 0 0 0 0 0 0 0 0 0 0 0 0 0 0 0 0 0]
[843817556514122726383657854678667150869003585146434026822257677830 0 0 0 0 1 0 0 0 0 0 0 0 0 0 0 0 0 0 0 0 0]
[358672534859316271599296595238631469509801562990972543167606162138 0 0 0 0 0 1 0 0 0 0 0 0 0 0 0 0 0 0 0 0 0]
[176847574511172195870556218074930663917390672714615957328907703637 0 0 0 0 0 0 1 0 0 0 0 0 0 0 0 0 0 0 0 0 0]
[899394927342036394469324199224066715865853201407538956972857046415 0 0 0 0 0 0 0 1 0 0 0 0 0 0 0 0 0 0 0 0 0]
[627053142408695309866903153894427017865454877411299387900667230884 0 0 0 0 0 0 0 0 1 0 0 0 0 0 0 0 0 0 0 0 0]
[337167488624450887692451214356698156300072151228627479876562699331 0 0 0 0 0 0 0 0 0 1 0 0 0 0 0 0 0 0 0 0 0]
[794737775770463336234248186613551618594738119439449855483548537342 0 0 0 0 0 0 0 0 0 0 1 0 0 0 0 0 0 0 0 0 0]
[423882637183644337156540016428698530960224322529979703012688211824 0 0 0 0 0 0 0 0 0 0 0 1 0 0 0 0 0 0 0 0 0]
[1216950724230404938361972792618100969924184078583395525308407372397 0 0 0 0 0 0 0 0 0 0 0 0 1 0 0 0 0 0 0 0 0]
[64083621407093925945309865194741420933589732742120341065124285002 0 0 0 0 0 0 0 0 0 0 0 0 0 1 0 0 0 0 0 0 0]
[313462271342352540986387081046822026309602185742747482913184377603 0 0 0 0 0 0 0 0 0 0 0 0 0 0 1 0 0 0 0 0 0]
[1116767512786869539871039992470753808101558145741327050997092558341 0 0 0 0 0 0 0 0 0 0 0 0 0 0 0 1 0 0 0 0 0]
[363340905359757975608397600609078262901966531207385299014705452380 0 0 0 0 0 0 0 0 0 0 0 0 0 0 0 0 1 0 0 0 0]
[1090303139115580000110984531290968665902796481519848388672763023432 0 0 0 0 0 0 0 0 0 0 0 0 0 0 0 0 0 1 0 0 0]
[672167498264985405009312386691044183675345561330413556418610938623 0 0 0 0 0 0 0 0 0 0 0 0 0 0 0 0 0 0 1 0 0]
[1236051093663620670855266830429498969560909185153983270682245292359 0 0 0 0 0 0 0 0 0 0 0 0 0 0 0 0 0 0 0 1 0]
[173082875575050249348302918272717963416343132488790914993150990515 0 0 0 0 0 0 0 0 0 0 0 0 0 0 0 0 0 0 0 0 1]
]
