[[1603166291561133025439953387248168957726137046218748655715420417641 0 0 0 0 0 0 0 0 0 0 0 0 0 0 0 0 0 0 0 0 0]
[1301192945119580765108145528452303355771558859303749934981274484840 1 0 0 0 0 0 0 0 0 0 0 0 0 0 0 0 0 0 0 0 0]
[1039644118350409989740885922052881597397536488464319722210867603893 0 1 0 0 0 0 0 0 0 0 0 0 0 0 0 0 0 0 0 0 0]
[1102184821468280423550825084508833308077607329103931252328543414148 0 0 1 0 0 0 0 0 0 0 0 0 0 0 0 0 0 0 0 0 0]
[858439822973192123059723342210461693459929783879790573777583475840 0 0 0 1 0 0 0 0 0 0 0 0 0 0 0 0 0 0 0 0 0]
[397477478525419353974926589299215176571694250367022667316580543870 0 0 0 0 1 0 0 0 0 0 0 0 0 0 0 0 0 0 0 0 0]
[421028350081320641422428797239352373725678183218439266352468898531 0 0 0 0 0 1 0 0 0 0 0 0 0 0 0 0 0 0 0 0 0]
[371164041832587394854237154455770351855434643902090335934412462361 0 0 0 0 0 0 1 0 0 0 0 0 0 0 0 0 0 0 0 0 0]
[1345908891625607566617245904179880226727554716323999137002831201491 0 0 0 0 0 0 0 1 0 0 0 0 0 0 0 0 0 0 0 0 0]
[1442005333238747108523378086214472140473116163265126684848255906565 0 0 0 0 0 0 0 0 1 0 0 0 0 0 0 0 0 0 0 0 0]
[54039649402638402588144808801398892694021095818286578708070173482 0 0 0 0 0 0 0 0 0 1 0 0 0 0 0 0 0 0 0 0 0]
[926193136122855511146784170496920839729678782579937284772799395720 0 0 0 0 0 0 0 0 0 0 1 0 0 0 0 0 0 0 0 0 0]
[1370359361500371811795637820480092560647975211991387569573114963583 0 0 0 0 0 0 0 0 0 0 0 1 0 0 0 0 0 0 0 0 0]
[1283310729757995068438162568258993981832051390088195837382709267780 0 0 0 0 0 0 0 0 0 0 0 0 1 0 0 0 0 0 0 0 0]
[310627328918503995460544117474505936930558609385773873914408521395 0 0 0 0 0 0 0 0 0 0 0 0 0 1 0 0 0 0 0 0 0]
[750045030159855361795566274760747685886564122919606719062683639950 0 0 0 0 0 0 0 0 0 0 0 0 0 0 1 0 0 0 0 0 0]
[1575180609523894610834007396096324147920115546559518016564871909408 0 0 0 0 0 0 0 0 0 0 0 0 0 0 0 1 0 0 0 0 0]
[102676009959338882820288193183105240621788062296936433903998359662 0 0 0 0 0 0 0 0 0 0 0 0 0 0 0 0 1 0 0 0 0]
[254270589914202555165821072394533211340612599220033025736555391917 0 0 0 0 0 0 0 0 0 0 0 0 0 0 0 0 0 1 0 0 0]
[395174393152687527262635188862222297309504720789625462510356122224 0 0 0 0 0 0 0 0 0 0 0 0 0 0 0 0 0 0 1 0 0]
[1069829140649069880812594365197423732344449459475695450332654249359 0 0 0 0 0 0 0 0 0 0 0 0 0 0 0 0 0 0 0 1 0]
[472916713230299627444346259648140474864738625289636396408299037848 0 0 0 0 0 0 0 0 0 0 0 0 0 0 0 0 0 0 0 0 1]
]
