[[1402680872129526205357253142699096376130848558019720567951915532001 0 0 0 0 0 0 0 0 0 0 0 0 0 0 0 0 0 0 0 0 0]
[1026405760093335453918239686244841265865207267890733909878521359645 1 0 0 0 0 0 0 0 0 0 0 0 0 0 0 0 0 0 0 0 0]
[318266114939154560846473975104770445847156168713202234804737705231 0 1 0 0 0 0 0 0 0 0 0 0 0 0 0 0 0 0 0 0 0]
[1103585346427045745710720000450442378086897146291670699094993159447 0 0 1 0 0 0 0 0 0 0 0 0 0 0 0 0 0 0 0 0 0]
[191869762036988480327148051409250860773942022410930698742915633767 0 0 0 1 0 0 0 0 0 0 0 0 0 0 0 0 0 0 0 0 0]
[27371301373219240918770052307741407840945439648056859807034233614 0 0 0 0 1 0 0 0 0 0 0 0 0 0 0 0 0 0 0 0 0]
[357317986688782986397653909677533431578368258900534913378268417703 0 0 0 0 0 1 0 0 0 0 0 0 0 0 0 0 0 0 0 0 0]
[39444908536839241252436879980674613084624392506496420446372923756 0 0 0 0 0 0 1 0 0 0 0 0 0 0 0 0 0 0 0 0 0]
[1099685053115334732951114706743235018074731817406555270179763220211 0 0 0 0 0 0 0 1 0 0 0 0 0 0 0 0 0 0 0 0 0]
[1107748847449774399472270290485885160960403812524869796383746929015 0 0 0 0 0 0 0 0 1 0 0 0 0 0 0 0 0 0 0 0 0]
[1107689373751330643488370088368156832417605412474038701244118531480 0 0 0 0 0 0 0 0 0 1 0 0 0 0 0 0 0 0 0 0 0]
[1029771429282743561764000452637653336930365689950897921101530737929 0 0 0 0 0 0 0 0 0 0 1 0 0 0 0 0 0 0 0 0 0]
[789040457849182679008888992833973562442361549862336423719588270331 0 0 0 0 0 0 0 0 0 0 0 1 0 0 0 0 0 0 0 0 0]
[769570306085639601747594346562771562778149980562125383649504259767 0 0 0 0 0 0 0 0 0 0 0 0 1 0 0 0 0 0 0 0 0]
[633368012167291374511062335837494829652400771332760888678513923219 0 0 0 0 0 0 0 0 0 0 0 0 0 1 0 0 0 0 0 0 0]
[215036678094626360034355913166987278378851923082223543034585263403 0 0 0 0 0 0 0 0 0 0 0 0 0 0 1 0 0 0 0 0 0]
[388719538783970570276721945629435225313336869353656867675433669959 0 0 0 0 0 0 0 0 0 0 0 0 0 0 0 1 0 0 0 0 0]
[1241347966660551673624858625917819340927538826111925277781043293062 0 0 0 0 0 0 0 0 0 0 0 0 0 0 0 0 1 0 0 0 0]
[657458574121233716663978078652266625002897966214433895815726894776 0 0 0 0 0 0 0 0 0 0 0 0 0 0 0 0 0 1 0 0 0]
[1380603783612601561950715641094371506885594570114458532750872456965 0 0 0 0 0 0 0 0 0 0 0 0 0 0 0 0 0 0 1 0 0]
[1059840175057521027906753607308968851384481624603426831813241425618 0 0 0 0 0 0 0 0 0 0 0 0 0 0 0 0 0 0 0 1 0]
[1077488132105466806665720174508996696059636460112796592501372360388 0 0 0 0 0 0 0 0 0 0 0 0 0 0 0 0 0 0 0 0 1]
]
