[[1175001235074312623290780856981517564583334335860604335128536962947 0 0 0 0 0 0 0 0 0 0 0 0 0 0 0 0 0 0 0 0 0]
[64870768380534867059665232024296052231960843888554809209042246402 1 0 0 0 0 0 0 0 0 0 0 0 0 0 0 0 0 0 0 0 0]
[626137222598815830026293326021540812419815910057523549502130874286 0 1 0 0 0 0 0 0 0 0 0 0 0 0 0 0 0 0 0 0 0]
[1121335151652126128462794603290380158937706633297279521355663379358 0 0 1 0 0 0 0 0 0 0 0 0 0 0 0 0 0 0 0 0 0]
[290593988474359343088988769820023106779336892794222163175556178564 0 0 0 1 0 0 0 0 0 0 0 0 0 0 0 0 0 0 0 0 0]
[971804480156777370070287157416121224433860738646288485559920719918 0 0 0 0 1 0 0 0 0 0 0 0 0 0 0 0 0 0 0 0 0]
[148183776578925350431448822970609259662829652746951659696834044398 0 0 0 0 0 1 0 0 0 0 0 0 0 0 0 0 0 0 0 0 0]
[228478064948824170746769727508822884599254129032850489724812827346 0 0 0 0 0 0 1 0 0 0 0 0 0 0 0 0 0 0 0 0 0]
[1071692767555487663299077964989782166190718321630847595108166731459 0 0 0 0 0 0 0 1 0 0 0 0 0 0 0 0 0 0 0 0 0]
[857545830269038356613757342156280215717306546166021650711040191906 0 0 0 0 0 0 0 0 1 0 0 0 0 0 0 0 0 0 0 0 0]
[213734393230480961836323433034969784027842597755304119549342473174 0 0 0 0 0 0 0 0 0 1 0 0 0 0 0 0 0 0 0 0 0]
[417170405640056549980552881785501873354881458393311583762214817873 0 0 0 0 0 0 0 0 0 0 1 0 0 0 0 0 0 0 0 0 0]
[478191106672151027409179511186823252185682454814592448110123098293 0 0 0 0 0 0 0 0 0 0 0 1 0 0 0 0 0 0 0 0 0]
[549303753351499071626016606779813034775057423358815459062534805178 0 0 0 0 0 0 0 0 0 0 0 0 1 0 0 0 0 0 0 0 0]
[232748390500516709423944957789793890680091111757893903291202516441 0 0 0 0 0 0 0 0 0 0 0 0 0 1 0 0 0 0 0 0 0]
[319011065698249027192742531382334079986129800878281507670068376480 0 0 0 0 0 0 0 0 0 0 0 0 0 0 1 0 0 0 0 0 0]
[505288507567405481869156986062213149528076501061651349154398006707 0 0 0 0 0 0 0 0 0 0 0 0 0 0 0 1 0 0 0 0 0]
[1021443806334099306043151218726411873230142937505951991510231101905 0 0 0 0 0 0 0 0 0 0 0 0 0 0 0 0 1 0 0 0 0]
[592245022653843288435365203210587505944018226964275870240966502615 0 0 0 0 0 0 0 0 0 0 0 0 0 0 0 0 0 1 0 0 0]
[678115409944156018364064389778916758327196076007454254858294451280 0 0 0 0 0 0 0 0 0 0 0 0 0 0 0 0 0 0 1 0 0]
[276712188977877427700136000251076010285377531413440711501417753602 0 0 0 0 0 0 0 0 0 0 0 0 0 0 0 0 0 0 0 1 0]
[177903443444416536833756364221611583696212825969825077557444077259 0 0 0 0 0 0 0 0 0 0 0 0 0 0 0 0 0 0 0 0 1]
]
