[[917558822340741179675304274675347910710872674388801061712382354387 0 0 0 0 0 0 0 0 0 0 0 0 0 0 0 0 0 0 0 0 0]
[880009199435103673667431825536587185946102757655739418216308445919 1 0 0 0 0 0 0 0 0 0 0 0 0 0 0 0 0 0 0 0 0]
[748632855287152120475423808115722463856487343272324468292903177511 0 1 0 0 0 0 0 0 0 0 0 0 0 0 0 0 0 0 0 0 0]
[898264063040602701401120253782453794122651978584604510946298133786 0 0 1 0 0 0 0 0 0 0 0 0 0 0 0 0 0 0 0 0 0]
[209547531187903551612239730999083112135321206455713050228059068842 0 0 0 1 0 0 0 0 0 0 0 0 0 0 0 0 0 0 0 0 0]
[395679374848280163040457523030243631815117432372828730669173386943 0 0 0 0 1 0 0 0 0 0 0 0 0 0 0 0 0 0 0 0 0]
[376485667402305048239141346664621311060705051801856495369279502093 0 0 0 0 0 1 0 0 0 0 0 0 0 0 0 0 0 0 0 0 0]
[413417397161483232804185074612748618699795795115220473675784334735 0 0 0 0 0 0 1 0 0 0 0 0 0 0 0 0 0 0 0 0 0]
[333892800247828919764839045637275321230024214800909013446287274932 0 0 0 0 0 0 0 1 0 0 0 0 0 0 0 0 0 0 0 0 0]
[479710185855954581386874844795686424610802017046040845200314644993 0 0 0 0 0 0 0 0 1 0 0 0 0 0 0 0 0 0 0 0 0]
[399990457035875725671488465412322476132805261908748128139281960430 0 0 0 0 0 0 0 0 0 1 0 0 0 0 0 0 0 0 0 0 0]
[125834864944636418274646392520171852237405980464029907084672272820 0 0 0 0 0 0 0 0 0 0 1 0 0 0 0 0 0 0 0 0 0]
[821271454815652191896472560369145355026409027854350097933264853745 0 0 0 0 0 0 0 0 0 0 0 1 0 0 0 0 0 0 0 0 0]
[59484871658833527744535066461580750194339821634023682056370662524 0 0 0 0 0 0 0 0 0 0 0 0 1 0 0 0 0 0 0 0 0]
[710373935592759419212572806778422610115683396944669067300176355939 0 0 0 0 0 0 0 0 0 0 0 0 0 1 0 0 0 0 0 0 0]
[248192271045936732979992169871873511000945263360080622456076756181 0 0 0 0 0 0 0 0 0 0 0 0 0 0 1 0 0 0 0 0 0]
[557251437966558403124056070696872712131039026809043043064218209626 0 0 0 0 0 0 0 0 0 0 0 0 0 0 0 1 0 0 0 0 0]
[785899343952046635322444607409353949332172251243425648672848146460 0 0 0 0 0 0 0 0 0 0 0 0 0 0 0 0 1 0 0 0 0]
[102854162678285512370720458500053936640639102211381925982787507290 0 0 0 0 0 0 0 0 0 0 0 0 0 0 0 0 0 1 0 0 0]
[297228650141137481639559865683488899838675277459837542381575602590 0 0 0 0 0 0 0 0 0 0 0 0 0 0 0 0 0 0 1 0 0]
[387388152720034484255388690923520431513429672208372818546671295150 0 0 0 0 0 0 0 0 0 0 0 0 0 0 0 0 0 0 0 1 0]
[225801941251683801014916784544438789904401420572029783815384713607 0 0 0 0 0 0 0 0 0 0 0 0 0 0 0 0 0 0 0 0 1]
]
