Time:6.12992 rounds: 9
14197546291959761402314135513549847
56500771237520336579816171213048717
                                    
                                           
                                           
After LLL, the matrix is:
-144805098377753105095680057933651270795521048558086964397579370484560287034010028386752214129050034148079626424450320135 -3 1 0 0 0 0 0 0 0 0 0 0 0 0 0 0 0 0 0 0 0 0 0 0 0 0 0 0 0 0 0 0 0 0 0 0 0 0 0 
-62770732694727566701410088133206828916154901300680150911468289714864706232793784732118912615172793123028642781711027073 -8 3 0 0 0 0 0 0 0 0 0 0 0 0 0 0 0 0 0 0 0 0 0 0 0 0 0 0 0 0 0 0 0 0 0 0 0 0 0 
31340806118432334265592938204139730272713744874944866384974850823653149663932330825166480491281071629150388672567607800 -3 -1 0 0 0 0 0 0 0 0 0 0 0 0 0 0 0 0 0 0 0 0 0 0 0 0 0 0 0 0 0 0 0 0 0 0 0 0 0 
-44838940376454270638542839052402629111891161491954791850336389613079332347744345987325861327807202031175914978442998124 -4 2 1 0 0 0 0 0 0 0 0 0 0 0 0 0 0 0 0 0 0 0 0 0 0 0 0 0 0 0 0 0 0 0 0 0 0 0 0 
36326950296787886570785262165034398108661947471755048909216049801392385562395908779684066706709259890910443866827401961 3 -2 0 1 0 0 0 0 0 0 0 0 0 0 0 0 0 0 0 0 0 0 0 0 0 0 0 0 0 0 0 0 0 0 0 0 0 0 0 
-52677712402859595273688866237294133203220316813425203015430404220603828925047104164484430066944434150180094970223706765 -3 2 0 0 1 0 0 0 0 0 0 0 0 0 0 0 0 0 0 0 0 0 0 0 0 0 0 0 0 0 0 0 0 0 0 0 0 0 0 
-69316368546335544342606969561376521087276044390284547129058733605001731630038301142068113177702694810474091227714415549 -1 0 0 0 0 1 0 0 0 0 0 0 0 0 0 0 0 0 0 0 0 0 0 0 0 0 0 0 0 0 0 0 0 0 0 0 0 0 0 

After reduction, the matrix is:
6172361285082016410466118810898228620968959777517870139461903274556823773933426102615987773644644527131443969021489037 1 -1 0 0 0 2 0 0 0 0 0 0 0 0 0 0 0 0 0 0 0 0 0 0 0 0 0 0 0 0 0 0 0 0 0 0 0 0 0 
18395157978514590507918013084230198304398207663029689848084149699607011677346470034891015419343668799057716063559373012 -1 -1 -1 1 0 0 0 0 0 0 0 0 0 0 0 0 0 0 0 0 0 0 0 0 0 0 0 0 0 0 0 0 0 0 0 0 0 0 0 
41433826410300305693314160100052425985648329362199814281012736317914026971679011392800963039509430601998936484054928108 2 -2 0 0 1 0 0 0 0 0 0 0 0 0 0 0 0 0 0 0 0 0 0 0 0 0 0 0 0 0 0 0 0 0 0 0 0 0 0 
7838772026405324635146027184891504091329155321470411165094014607524496577302758177158568739137232119004179991780708641 -1 0 1 0 -1 0 0 0 0 0 0 0 0 0 0 0 0 0 0 0 0 0 0 0 0 0 0 0 0 0 0 0 0 0 0 0 0 0 0 
36326950296787886570785262165034398108661947471755048909216049801392385562395908779684066706709259890910443866827401961 3 -2 0 1 0 0 0 0 0 0 0 0 0 0 0 0 0 0 0 0 0 0 0 0 0 0 0 0 0 0 0 0 0 0 0 0 0 0 0 
-16350762106071708702903604072259735094558369341670154106214354419211443362651195384800363360235174259269651103396304804 0 0 0 1 1 0 0 0 0 0 0 0 0 0 0 0 0 0 0 0 0 0 0 0 0 0 0 0 0 0 0 0 0 0 0 0 0 0 0 
75488729831417560753073088372274749708245004167802417268520636879558555403971727244684100951347339337605535196735904586 2 -1 0 0 0 1 0 0 0 0 0 0 0 0 0 0 0 0 0 0 0 0 0 0 0 0 0 0 0 0 0 0 0 0 0 0 0 0 0 
Round1 done

After LLL, the matrix is:
-806879006792912387 1043490863843264355 1093325454346146142 3115397640150279505 1864844863934431098 -2037736699911748804 833941003195217286 0 0 0 0 0 0 0 0 0 0 0 0 0 0 0 0 0 0 0 0 0 0 0 0 0 0 0 0 0 0 0 0 0 
-1557860171041395096 4893569707215420694 712323162117688177 1987520928936478100 -5190236551565541141 2807280619445536825 -2639408572663389443 0 0 0 0 0 0 0 0 0 0 0 0 0 0 0 0 0 0 0 0 0 0 0 0 0 0 0 0 0 0 0 0 0 
-2437070032217895428 -995327882602329916 544144076951624045 -225986727180585913 -3423781360288983540 911045758128916228 3216537319732954002 0 0 0 0 0 0 0 0 0 0 0 0 0 0 0 0 0 0 0 0 0 0 0 0 0 0 0 0 0 0 0 0 0 
2713773789620168355 -248994904052796647 -648099490646276572 -1785912004285708373 1160005340583714425 625948648642918205 -991904805797034933 0 0 0 0 0 0 0 0 0 0 0 0 0 0 0 0 0 0 0 0 0 0 0 0 0 0 0 0 0 0 0 0 0 
473158230063058133 -592863941685163747 -602415762025116574 -415832200300173463 2076777781969480603 -923877072592596892 337276993614147614 0 0 0 0 0 0 0 0 0 0 0 0 0 0 0 0 0 0 0 0 0 0 0 0 0 0 0 0 0 0 0 0 0 
-730900185771221313 -1716144197807173712 -116741446702128115 260348940123855081 -335283877372537368 -1024014857278750756 2024696743733365925 0 0 0 0 0 0 0 0 0 0 0 0 0 0 0 0 0 0 0 0 0 0 0 0 0 0 0 0 0 0 0 0 0 
676717851152858648 -1696724620511263816 -340563525895115714 -960010889991032780 650013508308221731 -440646978251227691 883250760793707788 0 0 0 0 0 0 0 0 0 0 0 0 0 0 0 0 0 0 0 0 0 0 0 0 0 0 0 0 0 0 0 0 0 

After reduction, the matrix is:
-1702372630697188622 -43462498360910234 2426034503703239640 7642627964939604547 7309994566482633133 -7225081259716630992 3309917359347744363 0 0 0 0 0 0 0 0 0 0 0 0 0 0 0 0 0 0 0 0 0 0 0 0 0 0 0 0 0 0 0 0 0 
3614299961736714818 801170555819145529 -5494280005056597373 -18017101693564315517 -18957811385813081207 18035357061217842529 -8326369582425847803 0 0 0 0 0 0 0 0 0 0 0 0 0 0 0 0 0 0 0 0 0 0 0 0 0 0 0 0 0 0 0 0 0 
15610828454760519543 -14382524116830044065 -14475174433636277831 -31133996023791228734 5693320651646467476 8738154950106540443 -2561271177497343273 0 0 0 0 0 0 0 0 0 0 0 0 0 0 0 0 0 0 0 0 0 0 0 0 0 0 0 0 0 0 0 0 0 
2456031833912005175 -2558003043545134106 -1367256699373521261 -1941395264462026755 2901499245180657660 -1321943281228429443 1370068931550478606 0 0 0 0 0 0 0 0 0 0 0 0 0 0 0 0 0 0 0 0 0 0 0 0 0 0 0 0 0 0 0 0 0 
473158230063058133 -592863941685163747 -602415762025116574 -415832200300173463 2076777781969480603 -923877072592596892 337276993614147614 0 0 0 0 0 0 0 0 0 0 0 0 0 0 0 0 0 0 0 0 0 0 0 0 0 0 0 0 0 0 0 0 0 
-1407618036924079961 -19419577295909896 223822079192987599 1220359830114887861 -985297385680759099 -583367879027523065 1141445982939658137 0 0 0 0 0 0 0 0 0 0 0 0 0 0 0 0 0 0 0 0 0 0 0 0 0 0 0 0 0 0 0 0 0 
676717851152858648 -1696724620511263816 -340563525895115714 -960010889991032780 650013508308221731 -440646978251227691 883250760793707788 0 0 0 0 0 0 0 0 0 0 0 0 0 0 0 0 0 0 0 0 0 0 0 0 0 0 0 0 0 0 0 0 0 
Round2 done

After LLL, the matrix is:
-1702372630697188622 -43462498360910234 2426034503703239640 7642627964939604547 7309994566482633133 -7225081259716630992 3309917359347744363 0 0 0 0 0 0 0 0 0 0 0 0 0 0 0 0 0 0 0 0 0 0 0 0 0 0 0 0 0 0 0 0 0 
209554700342337574 714245559097325061 -642210997650118093 -2731845763685106423 -4337822252847814941 3585194541784580545 -1706534863730359077 0 0 0 0 0 0 0 0 0 0 0 0 0 0 0 0 0 0 0 0 0 0 0 0 0 0 0 0 0 0 0 0 0 
-416994406416654867 95082643882859408 1150808660150117896 3208778518096790947 2318988139633951311 -2673734789016840016 1320504996338048466 0 0 0 0 0 0 0 0 0 0 0 0 0 0 0 0 0 0 0 0 0 0 0 0 0 0 0 0 0 0 0 0 0 
-978878443976900661 -21573590004283380 1040385500835489495 3641548539422779300 2842217653969394673 -3308939315206320207 1832671561996178455 0 0 0 0 0 0 0 0 0 0 0 0 0 0 0 0 0 0 0 0 0 0 0 0 0 0 0 0 0 0 0 0 0 
265718523988740840 216464261295020722 -93818099525116771 61100554111511061 57943668755616973 -12417319824856363 -48752873778162997 0 0 0 0 0 0 0 0 0 0 0 0 0 0 0 0 0 0 0 0 0 0 0 0 0 0 0 0 0 0 0 0 0 
1168186712236370421 -357397461202504687 -1198132865038361668 -3702560952260041608 -2797196286351559893 3072103415965160632 -1378281716758632682 0 0 0 0 0 0 0 0 0 0 0 0 0 0 0 0 0 0 0 0 0 0 0 0 0 0 0 0 0 0 0 0 0 
35386295230848627 -90821674209828154 -302555533974831449 -1075350954875375604 -769948460148205234 911153839474958928 -481171550200123021 0 0 0 0 0 0 0 0 0 0 0 0 0 0 0 0 0 0 0 0 0 0 0 0 0 0 0 0 0 0 0 0 0 

After reduction, the matrix is:
1129562691096009686 -144269130717193090 -1343609322869823279 -3746334131255811666 -2581564990111208286 3071301816905553906 -1514444854865792128 0 0 0 0 0 0 0 0 0 0 0 0 0 0 0 0 0 0 0 0 0 0 0 0 0 0 0 0 0 0 0 0 0 
-2337235804312169614 257580510412306562 2662554026111920976 7503619788128989904 5223635730963747575 -6179889273738210491 3065747296570019305 0 0 0 0 0 0 0 0 0 0 0 0 0 0 0 0 0 0 0 0 0 0 0 0 0 0 0 0 0 0 0 0 0 
1047505729182870015 37038592597185305 -1197544306002210055 -3059937407546680741 -2023906578614977421 2506683069292328525 -1307145954737795875 0 0 0 0 0 0 0 0 0 0 0 0 0 0 0 0 0 0 0 0 0 0 0 0 0 0 0 0 0 0 0 0 0 
-642387329526462567 13247322871081034 341456333360709826 1551947183783539153 1360264402428601178 -1499048956081258714 821575587817769416 0 0 0 0 0 0 0 0 0 0 0 0 0 0 0 0 0 0 0 0 0 0 0 0 0 0 0 0 0 0 0 0 0 
-902468188247629581 573861722497525409 1104314765513244897 3763661506371552669 2855139955107176866 -3084520735790016995 1329528842980469685 0 0 0 0 0 0 0 0 0 0 0 0 0 0 0 0 0 0 0 0 0 0 0 0 0 0 0 0 0 0 0 0 0 
1168186712236370421 -357397461202504687 -1198132865038361668 -3702560952260041608 -2797196286351559893 3072103415965160632 -1378281716758632682 0 0 0 0 0 0 0 0 0 0 0 0 0 0 0 0 0 0 0 0 0 0 0 0 0 0 0 0 0 0 0 0 0 
35386295230848627 -90821674209828154 -302555533974831449 -1075350954875375604 -769948460148205234 911153839474958928 -481171550200123021 0 0 0 0 0 0 0 0 0 0 0 0 0 0 0 0 0 0 0 0 0 0 0 0 0 0 0 0 0 0 0 0 0 
Round3 done

After LLL, the matrix is:
1129562691096009686 -144269130717193090 -1343609322869823279 -3746334131255811666 -2581564990111208286 3071301816905553906 -1514444854865792128 0 0 0 0 0 0 0 0 0 0 0 0 0 0 0 0 0 0 0 0 0 0 0 0 0 0 0 0 0 0 0 0 0 
-78110422120150242 -30957751022079618 -24664619627725582 10951525617366572 60505750741331003 -37285639927102679 36857586838435049 0 0 0 0 0 0 0 0 0 0 0 0 0 0 0 0 0 0 0 0 0 0 0 0 0 0 0 0 0 0 0 0 0 
-160167384033289913 150349972292298777 121400397239887642 697348249326497497 618164162237561868 -601904387540328060 244156486966431302 0 0 0 0 0 0 0 0 0 0 0 0 0 0 0 0 0 0 0 0 0 0 0 0 0 0 0 0 0 0 0 0 0 
-169778257012571686 -13271645332899271 318714414631724512 810792831987575368 500077237225715298 -748002008832519938 429988753497597918 0 0 0 0 0 0 0 0 0 0 0 0 0 0 0 0 0 0 0 0 0 0 0 0 0 0 0 0 0 0 0 0 0 
-578186880388060326 60896303576469842 690784334538130807 1693519809626793322 1121658969877153268 -1353378853023238173 670774555758045877 0 0 0 0 0 0 0 0 0 0 0 0 0 0 0 0 0 0 0 0 0 0 0 0 0 0 0 0 0 0 0 0 0 
269665063781730269 4198786958562709 -264547736020455577 -614344643980253292 -439208991999282889 514915787861266339 -219194187067724201 0 0 0 0 0 0 0 0 0 0 0 0 0 0 0 0 0 0 0 0 0 0 0 0 0 0 0 0 0 0 0 0 0 
-168214029575220222 27707690911537421 110386337964131028 352167197156022876 190242817345235892 -254567696618987787 106446975001463980 0 0 0 0 0 0 0 0 0 0 0 0 0 0 0 0 0 0 0 0 0 0 0 0 0 0 0 0 0 0 0 0 0 

After reduction, the matrix is:
167755532492296745 10899660792321455 -172777544976004522 -769401376572173495 -505902001111665998 589009817832622229 -142766421695413812 0 0 0 0 0 0 0 0 0 0 0 0 0 0 0 0 0 0 0 0 0 0 0 0 0 0 0 0 0 0 0 0 0 
191554641661580027 -26758964063516909 -289212355648181159 -603393118362886720 -378703241257951886 477630147934163660 -182336600229289152 0 0 0 0 0 0 0 0 0 0 0 0 0 0 0 0 0 0 0 0 0 0 0 0 0 0 0 0 0 0 0 0 0 
29470469981461851 50659044956394401 -2864154078180310 -83784863497058214 -7870076693080811 164106640289535891 -84855359808740222 0 0 0 0 0 0 0 0 0 0 0 0 0 0 0 0 0 0 0 0 0 0 0 0 0 0 0 0 0 0 0 0 0 
-48234894119642508 49506712860113549 51837559560375259 69671403665307813 97544371228505037 -146899220351798604 49669128424007170 0 0 0 0 0 0 0 0 0 0 0 0 0 0 0 0 0 0 0 0 0 0 0 0 0 0 0 0 0 0 0 0 0 
-308521816606330057 65095090535032551 426236598517675230 1079175165646540030 682449977877870379 -838463065161971834 451580368690321676 0 0 0 0 0 0 0 0 0 0 0 0 0 0 0 0 0 0 0 0 0 0 0 0 0 0 0 0 0 0 0 0 0 
101451034206510047 31906477870100130 -154161398056324549 -262177446824230416 -248966174654046997 260348091242278552 -112747212066260221 0 0 0 0 0 0 0 0 0 0 0 0 0 0 0 0 0 0 0 0 0 0 0 0 0 0 0 0 0 0 0 0 0 
-168214029575220222 27707690911537421 110386337964131028 352167197156022876 190242817345235892 -254567696618987787 106446975001463980 0 0 0 0 0 0 0 0 0 0 0 0 0 0 0 0 0 0 0 0 0 0 0 0 0 0 0 0 0 0 0 0 0 
Round4 done

After LLL, the matrix is:
167755532492296745 10899660792321455 -172777544976004522 -769401376572173495 -505902001111665998 589009817832622229 -142766421695413812 0 0 0 0 0 0 0 0 0 0 0 0 0 0 0 0 0 0 0 0 0 0 0 0 0 0 0 0 0 0 0 0 0 
23799109169283282 -37658624855838364 -116434810672176637 166008258209286775 127198759853714112 -111379669898458569 -39570178533875340 0 0 0 0 0 0 0 0 0 0 0 0 0 0 0 0 0 0 0 0 0 0 0 0 0 0 0 0 0 0 0 0 0 
29470469981461851 50659044956394401 -2864154078180310 -83784863497058214 -7870076693080811 164106640289535891 -84855359808740222 0 0 0 0 0 0 0 0 0 0 0 0 0 0 0 0 0 0 0 0 0 0 0 0 0 0 0 0 0 0 0 0 0 
-48234894119642508 49506712860113549 51837559560375259 69671403665307813 97544371228505037 -146899220351798604 49669128424007170 0 0 0 0 0 0 0 0 0 0 0 0 0 0 0 0 0 0 0 0 0 0 0 0 0 0 0 0 0 0 0 0 0 
74587466716829997 11577162407998733 -152188112778687088 -127611071079233410 -74956504638033393 116797230706355486 86907168231743372 0 0 0 0 0 0 0 0 0 0 0 0 0 0 0 0 0 0 0 0 0 0 0 0 0 0 0 0 0 0 0 0 0 
-90103607455069980 58665441933617039 135050957591856610 341215671538656304 129737066603904889 -217282056691885108 69589388163028931 0 0 0 0 0 0 0 0 0 0 0 0 0 0 0 0 0 0 0 0 0 0 0 0 0 0 0 0 0 0 0 0 0 
-168214029575220222 27707690911537421 110386337964131028 352167197156022876 190242817345235892 -254567696618987787 106446975001463980 0 0 0 0 0 0 0 0 0 0 0 0 0 0 0 0 0 0 0 0 0 0 0 0 0 0 0 0 0 0 0 0 0 

After reduction, the matrix is:
24435784950359226 -11848088004275185 64597251111801378 -235679661874594588 -224743131082219149 258278890250257173 -10098949890131830 0 0 0 0 0 0 0 0 0 0 0 0 0 0 0 0 0 0 0 0 0 0 0 0 0 0 0 0 0 0 0 0 0 
-24894282033282703 50455439708134061 -126988458123674872 -181554517541556031 -90916052684210957 76163230963377269 -26220496803818002 0 0 0 0 0 0 0 0 0 0 0 0 0 0 0 0 0 0 0 0 0 0 0 0 0 0 0 0 0 0 0 0 0 
29470469981461851 50659044956394401 -2864154078180310 -83784863497058214 -7870076693080811 164106640289535891 -84855359808740222 0 0 0 0 0 0 0 0 0 0 0 0 0 0 0 0 0 0 0 0 0 0 0 0 0 0 0 0 0 0 0 0 0 
-48234894119642508 49506712860113549 51837559560375259 69671403665307813 97544371228505037 -146899220351798604 49669128424007170 0 0 0 0 0 0 0 0 0 0 0 0 0 0 0 0 0 0 0 0 0 0 0 0 0 0 0 0 0 0 0 0 0 
-15516140738239983 70242604341615772 -17137155186830478 213604600459422894 54780561965871496 -100484825985529622 156496556394772303 0 0 0 0 0 0 0 0 0 0 0 0 0 0 0 0 0 0 0 0 0 0 0 0 0 0 0 0 0 0 0 0 0 
-90103607455069980 58665441933617039 135050957591856610 341215671538656304 129737066603904889 -217282056691885108 69589388163028931 0 0 0 0 0 0 0 0 0 0 0 0 0 0 0 0 0 0 0 0 0 0 0 0 0 0 0 0 0 0 0 0 0 
-78110422120150242 -30957751022079618 -24664619627725582 10951525617366572 60505750741331003 -37285639927102679 36857586838435049 0 0 0 0 0 0 0 0 0 0 0 0 0 0 0 0 0 0 0 0 0 0 0 0 0 0 0 0 0 0 0 0 0 
Round5 done

After LLL, the matrix is:
24435784950359226 -11848088004275185 64597251111801378 -235679661874594588 -224743131082219149 258278890250257173 -10098949890131830 0 0 0 0 0 0 0 0 0 0 0 0 0 0 0 0 0 0 0 0 0 0 0 0 0 0 0 0 0 0 0 0 0 
-24894282033282703 50455439708134061 -126988458123674872 -181554517541556031 -90916052684210957 76163230963377269 -26220496803818002 0 0 0 0 0 0 0 0 0 0 0 0 0 0 0 0 0 0 0 0 0 0 0 0 0 0 0 0 0 0 0 0 0 
29470469981461851 50659044956394401 -2864154078180310 -83784863497058214 -7870076693080811 164106640289535891 -84855359808740222 0 0 0 0 0 0 0 0 0 0 0 0 0 0 0 0 0 0 0 0 0 0 0 0 0 0 0 0 0 0 0 0 0 
-48234894119642508 49506712860113549 51837559560375259 69671403665307813 97544371228505037 -146899220351798604 49669128424007170 0 0 0 0 0 0 0 0 0 0 0 0 0 0 0 0 0 0 0 0 0 0 0 0 0 0 0 0 0 0 0 0 0 
8919644212119243 58394516337340587 47460095924970900 -22075061415171694 -169962569116347653 157794064264727551 146397606504640473 0 0 0 0 0 0 0 0 0 0 0 0 0 0 0 0 0 0 0 0 0 0 0 0 0 0 0 0 0 0 0 0 0 
-66762995368710175 59614168781637551 -43775060092193521 89989750331792460 -58723357308811105 5780394623290765 -6300237064796241 0 0 0 0 0 0 0 0 0 0 0 0 0 0 0 0 0 0 0 0 0 0 0 0 0 0 0 0 0 0 0 0 0 
-78110422120150242 -30957751022079618 -24664619627725582 10951525617366572 60505750741331003 -37285639927102679 36857586838435049 0 0 0 0 0 0 0 0 0 0 0 0 0 0 0 0 0 0 0 0 0 0 0 0 0 0 0 0 0 0 0 0 0 

After reduction, the matrix is:
-73129176152925211 99962152568247610 -75150898563299613 -111883113876248218 6628318544294080 -70735989388421335 23448631620189168 0 0 0 0 0 0 0 0 0 0 0 0 0 0 0 0 0 0 0 0 0 0 0 0 0 0 0 0 0 0 0 0 0 
28780355136508313 93261278734488864 -166921089607750668 43173618715671985 73321327656677189 -144830019359777225 -52979133752121221 0 0 0 0 0 0 0 0 0 0 0 0 0 0 0 0 0 0 0 0 0 0 0 0 0 0 0 0 0 0 0 0 0 
29470469981461851 50659044956394401 -2864154078180310 -83784863497058214 -7870076693080811 164106640289535891 -84855359808740222 0 0 0 0 0 0 0 0 0 0 0 0 0 0 0 0 0 0 0 0 0 0 0 0 0 0 0 0 0 0 0 0 0 
-48234894119642508 49506712860113549 51837559560375259 69671403665307813 97544371228505037 -146899220351798604 49669128424007170 0 0 0 0 0 0 0 0 0 0 0 0 0 0 0 0 0 0 0 0 0 0 0 0 0 0 0 0 0 0 0 0 0 
99481748750112700 -38878277300135328 -25199654655012216 53943446462322621 15959548046177564 40633999742978217 113127665035561374 0 0 0 0 0 0 0 0 0 0 0 0 0 0 0 0 0 0 0 0 0 0 0 0 0 0 0 0 0 0 0 0 0 
-66762995368710175 59614168781637551 -43775060092193521 89989750331792460 -58723357308811105 5780394623290765 -6300237064796241 0 0 0 0 0 0 0 0 0 0 0 0 0 0 0 0 0 0 0 0 0 0 0 0 0 0 0 0 0 0 0 0 0 
-78110422120150242 -30957751022079618 -24664619627725582 10951525617366572 60505750741331003 -37285639927102679 36857586838435049 0 0 0 0 0 0 0 0 0 0 0 0 0 0 0 0 0 0 0 0 0 0 0 0 0 0 0 0 0 0 0 0 0 
Round6 done

After LLL, the matrix is:
-73129176152925211 99962152568247610 -75150898563299613 -111883113876248218 6628318544294080 -70735989388421335 23448631620189168 0 0 0 0 0 0 0 0 0 0 0 0 0 0 0 0 0 0 0 0 0 0 0 0 0 0 0 0 0 0 0 0 0 
101909531289433524 -6700873833758746 -91770191044451055 155056732591920203 66693009112383109 -74094029971355890 -76427765372310389 0 0 0 0 0 0 0 0 0 0 0 0 0 0 0 0 0 0 0 0 0 0 0 0 0 0 0 0 0 0 0 0 0 
29470469981461851 50659044956394401 -2864154078180310 -83784863497058214 -7870076693080811 164106640289535891 -84855359808740222 0 0 0 0 0 0 0 0 0 0 0 0 0 0 0 0 0 0 0 0 0 0 0 0 0 0 0 0 0 0 0 0 0 
-18764424138180657 100165757816507950 48973405482194949 -14113459831750401 89674294535424226 17207419937737287 -35186231384733052 0 0 0 0 0 0 0 0 0 0 0 0 0 0 0 0 0 0 0 0 0 0 0 0 0 0 0 0 0 0 0 0 0 
99481748750112700 -38878277300135328 -25199654655012216 53943446462322621 15959548046177564 40633999742978217 113127665035561374 0 0 0 0 0 0 0 0 0 0 0 0 0 0 0 0 0 0 0 0 0 0 0 0 0 0 0 0 0 0 0 0 0 
-66762995368710175 59614168781637551 -43775060092193521 89989750331792460 -58723357308811105 5780394623290765 -6300237064796241 0 0 0 0 0 0 0 0 0 0 0 0 0 0 0 0 0 0 0 0 0 0 0 0 0 0 0 0 0 0 0 0 0 
-78110422120150242 -30957751022079618 -24664619627725582 10951525617366572 60505750741331003 -37285639927102679 36857586838435049 0 0 0 0 0 0 0 0 0 0 0 0 0 0 0 0 0 0 0 0 0 0 0 0 0 0 0 0 0 0 0 0 0 

After reduction, the matrix is:
-73129176152925211 99962152568247610 -75150898563299613 -111883113876248218 6628318544294080 -70735989388421335 23448631620189168 0 0 0 0 0 0 0 0 0 0 0 0 0 0 0 0 0 0 0 0 0 0 0 0 0 0 0 0 0 0 0 0 0 
131380001270895375 43958171122635655 -94634345122631365 71271869094861989 58822932419302298 90012610318180001 -161283125181050611 0 0 0 0 0 0 0 0 0 0 0 0 0 0 0 0 0 0 0 0 0 0 0 0 0 0 0 0 0 0 0 0 0 
-48639952138688391 19701293934314783 -27528773705905892 -72833337879691642 52635674048250192 126821000362433212 -47997772970305173 0 0 0 0 0 0 0 0 0 0 0 0 0 0 0 0 0 0 0 0 0 0 0 0 0 0 0 0 0 0 0 0 0 
-18764424138180657 100165757816507950 48973405482194949 -14113459831750401 89674294535424226 17207419937737287 -35186231384733052 0 0 0 0 0 0 0 0 0 0 0 0 0 0 0 0 0 0 0 0 0 0 0 0 0 0 0 0 0 0 0 0 0 
99481748750112700 -38878277300135328 -25199654655012216 53943446462322621 15959548046177564 40633999742978217 113127665035561374 0 0 0 0 0 0 0 0 0 0 0 0 0 0 0 0 0 0 0 0 0 0 0 0 0 0 0 0 0 0 0 0 0 
-66762995368710175 59614168781637551 -43775060092193521 89989750331792460 -58723357308811105 5780394623290765 -6300237064796241 0 0 0 0 0 0 0 0 0 0 0 0 0 0 0 0 0 0 0 0 0 0 0 0 0 0 0 0 0 0 0 0 0 
-78110422120150242 -30957751022079618 -24664619627725582 10951525617366572 60505750741331003 -37285639927102679 36857586838435049 0 0 0 0 0 0 0 0 0 0 0 0 0 0 0 0 0 0 0 0 0 0 0 0 0 0 0 0 0 0 0 0 0 
Round7 done

After LLL, the matrix is:
-73129176152925211 99962152568247610 -75150898563299613 -111883113876248218 6628318544294080 -70735989388421335 23448631620189168 0 0 0 0 0 0 0 0 0 0 0 0 0 0 0 0 0 0 0 0 0 0 0 0 0 0 0 0 0 0 0 0 0 
131380001270895375 43958171122635655 -94634345122631365 71271869094861989 58822932419302298 90012610318180001 -161283125181050611 0 0 0 0 0 0 0 0 0 0 0 0 0 0 0 0 0 0 0 0 0 0 0 0 0 0 0 0 0 0 0 0 0 
-48639952138688391 19701293934314783 -27528773705905892 -72833337879691642 52635674048250192 126821000362433212 -47997772970305173 0 0 0 0 0 0 0 0 0 0 0 0 0 0 0 0 0 0 0 0 0 0 0 0 0 0 0 0 0 0 0 0 0 
-18764424138180657 100165757816507950 48973405482194949 -14113459831750401 89674294535424226 17207419937737287 -35186231384733052 0 0 0 0 0 0 0 0 0 0 0 0 0 0 0 0 0 0 0 0 0 0 0 0 0 0 0 0 0 0 0 0 0 
99481748750112700 -38878277300135328 -25199654655012216 53943446462322621 15959548046177564 40633999742978217 113127665035561374 0 0 0 0 0 0 0 0 0 0 0 0 0 0 0 0 0 0 0 0 0 0 0 0 0 0 0 0 0 0 0 0 0 
-66762995368710175 59614168781637551 -43775060092193521 89989750331792460 -58723357308811105 5780394623290765 -6300237064796241 0 0 0 0 0 0 0 0 0 0 0 0 0 0 0 0 0 0 0 0 0 0 0 0 0 0 0 0 0 0 0 0 0 
-78110422120150242 -30957751022079618 -24664619627725582 10951525617366572 60505750741331003 -37285639927102679 36857586838435049 0 0 0 0 0 0 0 0 0 0 0 0 0 0 0 0 0 0 0 0 0 0 0 0 0 0 0 0 0 0 0 0 0 

After reduction, the matrix is:
-73129176152925211 99962152568247610 -75150898563299613 -111883113876248218 6628318544294080 -70735989388421335 23448631620189168 0 0 0 0 0 0 0 0 0 0 0 0 0 0 0 0 0 0 0 0 0 0 0 0 0 0 0 0 0 0 0 0 0 
53269579150745133 13000420100556037 -119298964750356947 82223394712228561 119328683160633301 52726970391077322 -124425538342615562 0 0 0 0 0 0 0 0 0 0 0 0 0 0 0 0 0 0 0 0 0 0 0 0 0 0 0 0 0 0 0 0 0 
-48639952138688391 19701293934314783 -27528773705905892 -72833337879691642 52635674048250192 126821000362433212 -47997772970305173 0 0 0 0 0 0 0 0 0 0 0 0 0 0 0 0 0 0 0 0 0 0 0 0 0 0 0 0 0 0 0 0 0 
-18764424138180657 100165757816507950 48973405482194949 -14113459831750401 89674294535424226 17207419937737287 -35186231384733052 0 0 0 0 0 0 0 0 0 0 0 0 0 0 0 0 0 0 0 0 0 0 0 0 0 0 0 0 0 0 0 0 0 
99481748750112700 -38878277300135328 -25199654655012216 53943446462322621 15959548046177564 40633999742978217 113127665035561374 0 0 0 0 0 0 0 0 0 0 0 0 0 0 0 0 0 0 0 0 0 0 0 0 0 0 0 0 0 0 0 0 0 
-66762995368710175 59614168781637551 -43775060092193521 89989750331792460 -58723357308811105 5780394623290765 -6300237064796241 0 0 0 0 0 0 0 0 0 0 0 0 0 0 0 0 0 0 0 0 0 0 0 0 0 0 0 0 0 0 0 0 0 
-78110422120150242 -30957751022079618 -24664619627725582 10951525617366572 60505750741331003 -37285639927102679 36857586838435049 0 0 0 0 0 0 0 0 0 0 0 0 0 0 0 0 0 0 0 0 0 0 0 0 0 0 0 0 0 0 0 0 0 
Round8 done

After LLL, the matrix is:
-73129176152925211 99962152568247610 -75150898563299613 -111883113876248218 6628318544294080 -70735989388421335 23448631620189168 0 0 0 0 0 0 0 0 0 0 0 0 0 0 0 0 0 0 0 0 0 0 0 0 0 0 0 0 0 0 0 0 0 
53269579150745133 13000420100556037 -119298964750356947 82223394712228561 119328683160633301 52726970391077322 -124425538342615562 0 0 0 0 0 0 0 0 0 0 0 0 0 0 0 0 0 0 0 0 0 0 0 0 0 0 0 0 0 0 0 0 0 
-48639952138688391 19701293934314783 -27528773705905892 -72833337879691642 52635674048250192 126821000362433212 -47997772970305173 0 0 0 0 0 0 0 0 0 0 0 0 0 0 0 0 0 0 0 0 0 0 0 0 0 0 0 0 0 0 0 0 0 
-18764424138180657 100165757816507950 48973405482194949 -14113459831750401 89674294535424226 17207419937737287 -35186231384733052 0 0 0 0 0 0 0 0 0 0 0 0 0 0 0 0 0 0 0 0 0 0 0 0 0 0 0 0 0 0 0 0 0 
99481748750112700 -38878277300135328 -25199654655012216 53943446462322621 15959548046177564 40633999742978217 113127665035561374 0 0 0 0 0 0 0 0 0 0 0 0 0 0 0 0 0 0 0 0 0 0 0 0 0 0 0 0 0 0 0 0 0 
-66762995368710175 59614168781637551 -43775060092193521 89989750331792460 -58723357308811105 5780394623290765 -6300237064796241 0 0 0 0 0 0 0 0 0 0 0 0 0 0 0 0 0 0 0 0 0 0 0 0 0 0 0 0 0 0 0 0 0 
-78110422120150242 -30957751022079618 -24664619627725582 10951525617366572 60505750741331003 -37285639927102679 36857586838435049 0 0 0 0 0 0 0 0 0 0 0 0 0 0 0 0 0 0 0 0 0 0 0 0 0 0 0 0 0 0 0 0 0 

After reduction, the matrix is:
-73129176152925211 99962152568247610 -75150898563299613 -111883113876248218 6628318544294080 -70735989388421335 23448631620189168 0 0 0 0 0 0 0 0 0 0 0 0 0 0 0 0 0 0 0 0 0 0 0 0 0 0 0 0 0 0 0 0 0 
53269579150745133 13000420100556037 -119298964750356947 82223394712228561 119328683160633301 52726970391077322 -124425538342615562 0 0 0 0 0 0 0 0 0 0 0 0 0 0 0 0 0 0 0 0 0 0 0 0 0 0 0 0 0 0 0 0 0 
-48639952138688391 19701293934314783 -27528773705905892 -72833337879691642 52635674048250192 126821000362433212 -47997772970305173 0 0 0 0 0 0 0 0 0 0 0 0 0 0 0 0 0 0 0 0 0 0 0 0 0 0 0 0 0 0 0 0 0 
-18764424138180657 100165757816507950 48973405482194949 -14113459831750401 89674294535424226 17207419937737287 -35186231384733052 0 0 0 0 0 0 0 0 0 0 0 0 0 0 0 0 0 0 0 0 0 0 0 0 0 0 0 0 0 0 0 0 0 
99481748750112700 -38878277300135328 -25199654655012216 53943446462322621 15959548046177564 40633999742978217 113127665035561374 0 0 0 0 0 0 0 0 0 0 0 0 0 0 0 0 0 0 0 0 0 0 0 0 0 0 0 0 0 0 0 0 0 
-66762995368710175 59614168781637551 -43775060092193521 89989750331792460 -58723357308811105 5780394623290765 -6300237064796241 0 0 0 0 0 0 0 0 0 0 0 0 0 0 0 0 0 0 0 0 0 0 0 0 0 0 0 0 0 0 0 0 0 
-78110422120150242 -30957751022079618 -24664619627725582 10951525617366572 60505750741331003 -37285639927102679 36857586838435049 0 0 0 0 0 0 0 0 0 0 0 0 0 0 0 0 0 0 0 0 0 0 0 0 0 0 0 0 0 0 0 0 0 
Round9 done

