[[968737343858970286167484226251456402288850188037962295820139 0 0 0 0 0 0 0 0 0 0 0 0 0 0 0 0 0 0 0]
[935093578483095410019179971764176672823424185182129044747916 1 0 0 0 0 0 0 0 0 0 0 0 0 0 0 0 0 0 0]
[338830056956465480914039324667257121657077755230175104103112 0 1 0 0 0 0 0 0 0 0 0 0 0 0 0 0 0 0 0]
[82569145571278686408116343764881900103114489250789774396298 0 0 1 0 0 0 0 0 0 0 0 0 0 0 0 0 0 0 0]
[152145389351013457677238175178239912081599830718790901548683 0 0 0 1 0 0 0 0 0 0 0 0 0 0 0 0 0 0 0]
[332771517636913030014139165176639077254883598695071324436438 0 0 0 0 1 0 0 0 0 0 0 0 0 0 0 0 0 0 0]
[738223516052915207957695836861937886240270107433936820594863 0 0 0 0 0 1 0 0 0 0 0 0 0 0 0 0 0 0 0]
[245351253765639171683222879208882879890074702790933591663695 0 0 0 0 0 0 1 0 0 0 0 0 0 0 0 0 0 0 0]
[850085938520218040185989689958540924767924350499838998162459 0 0 0 0 0 0 0 1 0 0 0 0 0 0 0 0 0 0 0]
[694488313280901588909665489686503244853917573494114445797619 0 0 0 0 0 0 0 0 1 0 0 0 0 0 0 0 0 0 0]
[388929222090808208414939238967773467870166287972422191068290 0 0 0 0 0 0 0 0 0 1 0 0 0 0 0 0 0 0 0]
[946364570591351058189704569169360302102517238204820517876762 0 0 0 0 0 0 0 0 0 0 1 0 0 0 0 0 0 0 0]
[599722374711072104724198135395841585154332919073618982895487 0 0 0 0 0 0 0 0 0 0 0 1 0 0 0 0 0 0 0]
[915403762362757073587943139138426253243235225629948983153953 0 0 0 0 0 0 0 0 0 0 0 0 1 0 0 0 0 0 0]
[278382714794769633260432184147375313047768538118445909255106 0 0 0 0 0 0 0 0 0 0 0 0 0 1 0 0 0 0 0]
[449537400552656571900737815454534456873091400652510453784344 0 0 0 0 0 0 0 0 0 0 0 0 0 0 1 0 0 0 0]
[30941549497645609338876474050887632928071907268152293142587 0 0 0 0 0 0 0 0 0 0 0 0 0 0 0 1 0 0 0]
[149354766918723499986411485389270032215622726409062563635999 0 0 0 0 0 0 0 0 0 0 0 0 0 0 0 0 1 0 0]
[506878102304916363776692897380692229877552440481847123991109 0 0 0 0 0 0 0 0 0 0 0 0 0 0 0 0 0 1 0]
[463181679808952272076536594805313319316083047420669995828966 0 0 0 0 0 0 0 0 0 0 0 0 0 0 0 0 0 0 1]
]
