[[874231660219567646958656844034355522326692803561018425869941 0 0 0 0 0 0 0 0 0 0 0 0 0 0 0 0 0 0 0]
[414166449240000396966622921388043515731551700047071150490736 1 0 0 0 0 0 0 0 0 0 0 0 0 0 0 0 0 0 0]
[477295931059632442949522337601293876238987536326098411813641 0 1 0 0 0 0 0 0 0 0 0 0 0 0 0 0 0 0 0]
[186802045860103208247298784935183058204159465087717147887608 0 0 1 0 0 0 0 0 0 0 0 0 0 0 0 0 0 0 0]
[775750090104397104933136491184471792509580348384304508183824 0 0 0 1 0 0 0 0 0 0 0 0 0 0 0 0 0 0 0]
[41591495386296868531946407769288785446375947623729541706771 0 0 0 0 1 0 0 0 0 0 0 0 0 0 0 0 0 0 0]
[44532852064594331104236209941520197086532435104668472561572 0 0 0 0 0 1 0 0 0 0 0 0 0 0 0 0 0 0 0]
[537460440698115198889219922908899171254478185772584334872705 0 0 0 0 0 0 1 0 0 0 0 0 0 0 0 0 0 0 0]
[241584967599209450420410658097634287222366314072431874451908 0 0 0 0 0 0 0 1 0 0 0 0 0 0 0 0 0 0 0]
[248656488916413904989551293797394203571803460388181247669553 0 0 0 0 0 0 0 0 1 0 0 0 0 0 0 0 0 0 0]
[819429744219243204695167334272906856113987783561476700594802 0 0 0 0 0 0 0 0 0 1 0 0 0 0 0 0 0 0 0]
[286861594931724034840918054540962094681851907464215187769611 0 0 0 0 0 0 0 0 0 0 1 0 0 0 0 0 0 0 0]
[80145377057881956898294302459845154838047060205948364005041 0 0 0 0 0 0 0 0 0 0 0 1 0 0 0 0 0 0 0]
[381903990098482401909681656746924253796172421135025779393929 0 0 0 0 0 0 0 0 0 0 0 0 1 0 0 0 0 0 0]
[162179634001093009903447566165349778422215457876831800803638 0 0 0 0 0 0 0 0 0 0 0 0 0 1 0 0 0 0 0]
[45615921766479918655780107558013640559939447909145936710545 0 0 0 0 0 0 0 0 0 0 0 0 0 0 1 0 0 0 0]
[22998069298473023299630464073956655552884105737077016658246 0 0 0 0 0 0 0 0 0 0 0 0 0 0 0 1 0 0 0]
[595511940132856359602930538826050043524315417300335584146242 0 0 0 0 0 0 0 0 0 0 0 0 0 0 0 0 1 0 0]
[149914268404708346734837530483577919887316448260131006904204 0 0 0 0 0 0 0 0 0 0 0 0 0 0 0 0 0 1 0]
[520329083746246256903230830039673122462825311661163268941352 0 0 0 0 0 0 0 0 0 0 0 0 0 0 0 0 0 0 1]
]
