[[1039083591851589552903524066283898393718158210290750498829297 0 0 0 0 0 0 0 0 0 0 0 0 0 0 0 0 0 0 0]
[75890398551651174292492767019846005904457032481909683854892 1 0 0 0 0 0 0 0 0 0 0 0 0 0 0 0 0 0 0]
[275040915864615917318855858268819977457520206854547709371149 0 1 0 0 0 0 0 0 0 0 0 0 0 0 0 0 0 0 0]
[485244336531545340357372458015898590803905933487545080691200 0 0 1 0 0 0 0 0 0 0 0 0 0 0 0 0 0 0 0]
[767131501102282354119146262360272696594087999907677070962785 0 0 0 1 0 0 0 0 0 0 0 0 0 0 0 0 0 0 0]
[544354284732575607246645530982365740899954730884915575374854 0 0 0 0 1 0 0 0 0 0 0 0 0 0 0 0 0 0 0]
[802335543105432792591325459734790380384937509141293481481069 0 0 0 0 0 1 0 0 0 0 0 0 0 0 0 0 0 0 0]
[230723255440373432208737337680767485936094117736107394343587 0 0 0 0 0 0 1 0 0 0 0 0 0 0 0 0 0 0 0]
[522582911110714018711611504140152203248405588431924241365482 0 0 0 0 0 0 0 1 0 0 0 0 0 0 0 0 0 0 0]
[330810582031076597529117579982865267045700221850117862421639 0 0 0 0 0 0 0 0 1 0 0 0 0 0 0 0 0 0 0]
[1019699338504564273786451410260865234000942210873584180143085 0 0 0 0 0 0 0 0 0 1 0 0 0 0 0 0 0 0 0]
[444637677874268821386639583519105800105977427531366885195066 0 0 0 0 0 0 0 0 0 0 1 0 0 0 0 0 0 0 0]
[38925781902355961616575461706324597790396069019522297753456 0 0 0 0 0 0 0 0 0 0 0 1 0 0 0 0 0 0 0]
[111430196618345144763842637637758016580630339960033640894502 0 0 0 0 0 0 0 0 0 0 0 0 1 0 0 0 0 0 0]
[834370909387038552882999999870376601535712702610109541719648 0 0 0 0 0 0 0 0 0 0 0 0 0 1 0 0 0 0 0]
[393999245529185981753925246345894130027459128598807647005405 0 0 0 0 0 0 0 0 0 0 0 0 0 0 1 0 0 0 0]
[333288714867263922490127932353055684359649790125401371390894 0 0 0 0 0 0 0 0 0 0 0 0 0 0 0 1 0 0 0]
[751339163109154503283830380760810967041350594936389730919611 0 0 0 0 0 0 0 0 0 0 0 0 0 0 0 0 1 0 0]
[76869784840545491849111832366475073124191381581840603737800 0 0 0 0 0 0 0 0 0 0 0 0 0 0 0 0 0 1 0]
[443431482388753500046989855648857221519191084373701369701849 0 0 0 0 0 0 0 0 0 0 0 0 0 0 0 0 0 0 1]
]
