[[1425184706664554214079678006498031092995420938165048468091631 0 0 0 0 0 0 0 0 0 0 0 0 0 0 0 0 0 0 0]
[1392287306005145952368565498199617540841378533177767437570839 1 0 0 0 0 0 0 0 0 0 0 0 0 0 0 0 0 0 0]
[149500833288830400308510572457246401068253604145598876242479 0 1 0 0 0 0 0 0 0 0 0 0 0 0 0 0 0 0 0]
[1182012118435252516259503315633884938181594234134971049954695 0 0 1 0 0 0 0 0 0 0 0 0 0 0 0 0 0 0 0]
[990010071967468304281846843981531534272525581605305685826908 0 0 0 1 0 0 0 0 0 0 0 0 0 0 0 0 0 0 0]
[1211175205411550518442974608546015686684988234494550614432202 0 0 0 0 1 0 0 0 0 0 0 0 0 0 0 0 0 0 0]
[690945923987026503485318620017117795880115129978845574073524 0 0 0 0 0 1 0 0 0 0 0 0 0 0 0 0 0 0 0]
[250576194006399915276132259115859765454021525220343605330433 0 0 0 0 0 0 1 0 0 0 0 0 0 0 0 0 0 0 0]
[712973926233121671389768856054615207972741261328170048191552 0 0 0 0 0 0 0 1 0 0 0 0 0 0 0 0 0 0 0]
[1015135703165915813098296421841110361401573273381919624184483 0 0 0 0 0 0 0 0 1 0 0 0 0 0 0 0 0 0 0]
[1152217899152279051069345898461210372310374747255066407087706 0 0 0 0 0 0 0 0 0 1 0 0 0 0 0 0 0 0 0]
[191901332138148781635018025699886204204550412436003705968447 0 0 0 0 0 0 0 0 0 0 1 0 0 0 0 0 0 0 0]
[994395241187611066753737986002332785310148114071671059884073 0 0 0 0 0 0 0 0 0 0 0 1 0 0 0 0 0 0 0]
[456716951478808963557710989876296810362371866378495630918686 0 0 0 0 0 0 0 0 0 0 0 0 1 0 0 0 0 0 0]
[820584535864856244632610995613937619319690153042197267441681 0 0 0 0 0 0 0 0 0 0 0 0 0 1 0 0 0 0 0]
[140632661223497571636297949137305627958750907860184650227664 0 0 0 0 0 0 0 0 0 0 0 0 0 0 1 0 0 0 0]
[1320587163435879191317597510107389781201678756817677126311137 0 0 0 0 0 0 0 0 0 0 0 0 0 0 0 1 0 0 0]
[586776157933064372282837246086329858219163175039182596717131 0 0 0 0 0 0 0 0 0 0 0 0 0 0 0 0 1 0 0]
[807998488971616932811418146788519540381415889306563603068236 0 0 0 0 0 0 0 0 0 0 0 0 0 0 0 0 0 1 0]
[327604661386802096532516063048480916075886927140970420463469 0 0 0 0 0 0 0 0 0 0 0 0 0 0 0 0 0 0 1]
]
