[[1028630441805383803243903108750070013455148675134054131200001 0 0 0 0 0 0 0 0 0 0 0 0 0 0 0 0 0 0 0]
[713782540395016230515599010816588517407967526706076126754791 1 0 0 0 0 0 0 0 0 0 0 0 0 0 0 0 0 0 0]
[119804515437032038163817684287846708595245256874640538896368 0 1 0 0 0 0 0 0 0 0 0 0 0 0 0 0 0 0 0]
[317477560445835316131137971528688861134371769723679180156577 0 0 1 0 0 0 0 0 0 0 0 0 0 0 0 0 0 0 0]
[744016048649276912439208958640548279940874687883744287241752 0 0 0 1 0 0 0 0 0 0 0 0 0 0 0 0 0 0 0]
[429411350945575256482194002885929225613225095594088756923326 0 0 0 0 1 0 0 0 0 0 0 0 0 0 0 0 0 0 0]
[192287855483822023150784985991552734774924912859741380822415 0 0 0 0 0 1 0 0 0 0 0 0 0 0 0 0 0 0 0]
[317947357417694514113098505125597256062229272140069616414483 0 0 0 0 0 0 1 0 0 0 0 0 0 0 0 0 0 0 0]
[251562326002129991404422863582410921261249504257896553007991 0 0 0 0 0 0 0 1 0 0 0 0 0 0 0 0 0 0 0]
[189131379704822614971276826397309720406045172852654828477034 0 0 0 0 0 0 0 0 1 0 0 0 0 0 0 0 0 0 0]
[42173355451200244055689733293987333462013233997919278959640 0 0 0 0 0 0 0 0 0 1 0 0 0 0 0 0 0 0 0]
[479250554419210730986046034114876868608973740697856355420240 0 0 0 0 0 0 0 0 0 0 1 0 0 0 0 0 0 0 0]
[595969170968289163504483147534694139015751428449994322428011 0 0 0 0 0 0 0 0 0 0 0 1 0 0 0 0 0 0 0]
[843288203032053041997475272537924526833487075007674768647287 0 0 0 0 0 0 0 0 0 0 0 0 1 0 0 0 0 0 0]
[64634018621779486145955132187122327108618689113293931069104 0 0 0 0 0 0 0 0 0 0 0 0 0 1 0 0 0 0 0]
[731045448009297313569137429788783275199849302947333975151216 0 0 0 0 0 0 0 0 0 0 0 0 0 0 1 0 0 0 0]
[161063526670700758419605812348541140221755852367610971688641 0 0 0 0 0 0 0 0 0 0 0 0 0 0 0 1 0 0 0]
[954879140616777044460904901200201955730282919050836193785073 0 0 0 0 0 0 0 0 0 0 0 0 0 0 0 0 1 0 0]
[171784688853377876254488711932848644377369896102777853230717 0 0 0 0 0 0 0 0 0 0 0 0 0 0 0 0 0 1 0]
[876882433060059031968320766076363704936717451627399223699622 0 0 0 0 0 0 0 0 0 0 0 0 0 0 0 0 0 0 1]
]
