[[1206579274263842173473626455999949578001798472613343809167403 0 0 0 0 0 0 0 0 0 0 0 0 0 0 0 0 0 0 0]
[284051025858027126812215535757447122430445623748734400811433 1 0 0 0 0 0 0 0 0 0 0 0 0 0 0 0 0 0 0]
[662090286670720605034949520050944909763890057649005212845644 0 1 0 0 0 0 0 0 0 0 0 0 0 0 0 0 0 0 0]
[840030994927434385440996163176100430408154580978417403720895 0 0 1 0 0 0 0 0 0 0 0 0 0 0 0 0 0 0 0]
[833019019345601435450695493120712628177419595953300690758612 0 0 0 1 0 0 0 0 0 0 0 0 0 0 0 0 0 0 0]
[990460940355189904363681744319490402698825382242927898972154 0 0 0 0 1 0 0 0 0 0 0 0 0 0 0 0 0 0 0]
[1197595310835668075174836146424934336362765797950494148232152 0 0 0 0 0 1 0 0 0 0 0 0 0 0 0 0 0 0 0]
[7223233559465642061697599645308207391099174002921966317510 0 0 0 0 0 0 1 0 0 0 0 0 0 0 0 0 0 0 0]
[631241354069347251283805979703175770295005014290285009477591 0 0 0 0 0 0 0 1 0 0 0 0 0 0 0 0 0 0 0]
[879770042839852479292164200031121493981897237186329697388757 0 0 0 0 0 0 0 0 1 0 0 0 0 0 0 0 0 0 0]
[180047347301538201983281994258590832129708198221763722996823 0 0 0 0 0 0 0 0 0 1 0 0 0 0 0 0 0 0 0]
[510997104129127739735296015780844072157729492013534986817723 0 0 0 0 0 0 0 0 0 0 1 0 0 0 0 0 0 0 0]
[568362147379406986749893023109289774184993142552477543741234 0 0 0 0 0 0 0 0 0 0 0 1 0 0 0 0 0 0 0]
[416390275567200773138642935937013821672830238547317768526262 0 0 0 0 0 0 0 0 0 0 0 0 1 0 0 0 0 0 0]
[639355657597952048865816393650996638106382805905866950990115 0 0 0 0 0 0 0 0 0 0 0 0 0 1 0 0 0 0 0]
[111613636934927080711321454866898486361170161299556250041035 0 0 0 0 0 0 0 0 0 0 0 0 0 0 1 0 0 0 0]
[821027011325760977692339239307405985816477570767250609706145 0 0 0 0 0 0 0 0 0 0 0 0 0 0 0 1 0 0 0]
[1000589474187773277922473885015753579974898918909147188997631 0 0 0 0 0 0 0 0 0 0 0 0 0 0 0 0 1 0 0]
[215670663269046000644534963338695644757504164849309841755052 0 0 0 0 0 0 0 0 0 0 0 0 0 0 0 0 0 1 0]
[1120287741674443544468430448674596939870489581672544224147656 0 0 0 0 0 0 0 0 0 0 0 0 0 0 0 0 0 0 1]
]
