[[1161761543523857233573067128665638689414126439275372708682261 0 0 0 0 0 0 0 0 0 0 0 0 0 0 0 0 0 0 0]
[816868086213107918526207495742325718086880272759748027840515 1 0 0 0 0 0 0 0 0 0 0 0 0 0 0 0 0 0 0]
[810599461266722157913092438097843261684783724567747757654182 0 1 0 0 0 0 0 0 0 0 0 0 0 0 0 0 0 0 0]
[819490732875507571300796593674134000678649737862969034874354 0 0 1 0 0 0 0 0 0 0 0 0 0 0 0 0 0 0 0]
[1134898026706785603262975181727506005907198925338278236472174 0 0 0 1 0 0 0 0 0 0 0 0 0 0 0 0 0 0 0]
[212487858382348451633592534881669041766844790595784585511925 0 0 0 0 1 0 0 0 0 0 0 0 0 0 0 0 0 0 0]
[432371401429680076313072467742677719472104896287145347101016 0 0 0 0 0 1 0 0 0 0 0 0 0 0 0 0 0 0 0]
[544944977577191287901363478491375817450571669965586395854104 0 0 0 0 0 0 1 0 0 0 0 0 0 0 0 0 0 0 0]
[75823208308135844437269600345120896949679539613794777637506 0 0 0 0 0 0 0 1 0 0 0 0 0 0 0 0 0 0 0]
[216282210235020462219868327427070079975306678003031954952828 0 0 0 0 0 0 0 0 1 0 0 0 0 0 0 0 0 0 0]
[29893887859197397865983161762891794819430692355603486557384 0 0 0 0 0 0 0 0 0 1 0 0 0 0 0 0 0 0 0]
[1010519873218750614320916952783798801947377179112034643689293 0 0 0 0 0 0 0 0 0 0 1 0 0 0 0 0 0 0 0]
[342323823263114508161208295239881507366514986721557215730370 0 0 0 0 0 0 0 0 0 0 0 1 0 0 0 0 0 0 0]
[737271685009058881006907516794920233089692992207493235307295 0 0 0 0 0 0 0 0 0 0 0 0 1 0 0 0 0 0 0]
[642813786414923914760065140113768727839202005767537303809976 0 0 0 0 0 0 0 0 0 0 0 0 0 1 0 0 0 0 0]
[144935195425471328636888446937574826231355032873257029137460 0 0 0 0 0 0 0 0 0 0 0 0 0 0 1 0 0 0 0]
[888984228785222697425877242915272263609001251065966283897505 0 0 0 0 0 0 0 0 0 0 0 0 0 0 0 1 0 0 0]
[60986029566442684454839999448771679710466564284188880899473 0 0 0 0 0 0 0 0 0 0 0 0 0 0 0 0 1 0 0]
[681602160411729513662191322753701980663394045616628622475270 0 0 0 0 0 0 0 0 0 0 0 0 0 0 0 0 0 1 0]
[531174411014007695620383935030460895920887252627893709403841 0 0 0 0 0 0 0 0 0 0 0 0 0 0 0 0 0 0 1]
]
