[[932883687452203187189183828991872215870211801489112865403723 0 0 0 0 0 0 0 0 0 0 0 0 0 0 0 0 0 0 0]
[128728048077704932739639730689594635292156917114288296857508 1 0 0 0 0 0 0 0 0 0 0 0 0 0 0 0 0 0 0]
[201398417812539383692528287370648960150096393768045972228530 0 1 0 0 0 0 0 0 0 0 0 0 0 0 0 0 0 0 0]
[117855007202764674793875147005508100852163923058893448512323 0 0 1 0 0 0 0 0 0 0 0 0 0 0 0 0 0 0 0]
[7365244320798968390865905258393847901965457621693259278443 0 0 0 1 0 0 0 0 0 0 0 0 0 0 0 0 0 0 0]
[201939900694611284105376951769902893504072169576168220163576 0 0 0 0 1 0 0 0 0 0 0 0 0 0 0 0 0 0 0]
[486432598201988717941520935140559023472600948465873110173708 0 0 0 0 0 1 0 0 0 0 0 0 0 0 0 0 0 0 0]
[900536401027898085975921253152391418800569791189875552383636 0 0 0 0 0 0 1 0 0 0 0 0 0 0 0 0 0 0 0]
[500550800587616367148516725964234695691521184725325433811206 0 0 0 0 0 0 0 1 0 0 0 0 0 0 0 0 0 0 0]
[569118421586978479218223205383937347527199360746822634269275 0 0 0 0 0 0 0 0 1 0 0 0 0 0 0 0 0 0 0]
[919839324892708734384074290666567796381612922722874920548639 0 0 0 0 0 0 0 0 0 1 0 0 0 0 0 0 0 0 0]
[198377403280693565115724281481616599061949876769483704595872 0 0 0 0 0 0 0 0 0 0 1 0 0 0 0 0 0 0 0]
[152069512922784210930678171840449793001823204389639602088619 0 0 0 0 0 0 0 0 0 0 0 1 0 0 0 0 0 0 0]
[593289656127356407239328526708431120741443504786636155526060 0 0 0 0 0 0 0 0 0 0 0 0 1 0 0 0 0 0 0]
[444300395427389559902310436585700576217933881362112335333765 0 0 0 0 0 0 0 0 0 0 0 0 0 1 0 0 0 0 0]
[176393372086436278556153914050769640496576632013599486504127 0 0 0 0 0 0 0 0 0 0 0 0 0 0 1 0 0 0 0]
[341519875164213751643111564427736634075793579371734161172536 0 0 0 0 0 0 0 0 0 0 0 0 0 0 0 1 0 0 0]
[859909174801230493523399830200894676433988293252870714735928 0 0 0 0 0 0 0 0 0 0 0 0 0 0 0 0 1 0 0]
[460765805268123405831696183497391436635290201331012613479779 0 0 0 0 0 0 0 0 0 0 0 0 0 0 0 0 0 1 0]
[688781642468866798632797596494524573219854263464315384512267 0 0 0 0 0 0 0 0 0 0 0 0 0 0 0 0 0 0 1]
]
