[[1149548680676521935067659547715559710737619981916909809374877 0 0 0 0 0 0 0 0 0 0 0 0 0 0 0 0 0 0 0]
[1016948861675490462401687478374641134201245873095901068150080 1 0 0 0 0 0 0 0 0 0 0 0 0 0 0 0 0 0 0]
[794033546286189062994279508814318770928615936222739340032993 0 1 0 0 0 0 0 0 0 0 0 0 0 0 0 0 0 0 0]
[333383537707371612740467665782775704131568523599034777364032 0 0 1 0 0 0 0 0 0 0 0 0 0 0 0 0 0 0 0]
[443229806363739273927069876989478578790336227455454643127960 0 0 0 1 0 0 0 0 0 0 0 0 0 0 0 0 0 0 0]
[277840840089704845702008917135575541539535030004191348406702 0 0 0 0 1 0 0 0 0 0 0 0 0 0 0 0 0 0 0]
[995664111861160147089785246204743001136128126373453771754443 0 0 0 0 0 1 0 0 0 0 0 0 0 0 0 0 0 0 0]
[679187388483525969228002704819417327296519771262468885344367 0 0 0 0 0 0 1 0 0 0 0 0 0 0 0 0 0 0 0]
[638372034498568536903603157844959918999612114627371984912879 0 0 0 0 0 0 0 1 0 0 0 0 0 0 0 0 0 0 0]
[610360897518825517208613649289555480964562499003387276003839 0 0 0 0 0 0 0 0 1 0 0 0 0 0 0 0 0 0 0]
[895881970706973385966048822815185810657936841661773585136572 0 0 0 0 0 0 0 0 0 1 0 0 0 0 0 0 0 0 0]
[662180749724353506118829868892332741936442555980032193864866 0 0 0 0 0 0 0 0 0 0 1 0 0 0 0 0 0 0 0]
[981576130369014188120205843454399684647717437108222039398384 0 0 0 0 0 0 0 0 0 0 0 1 0 0 0 0 0 0 0]
[1124103567541550934025226244675441963831447544674141565618338 0 0 0 0 0 0 0 0 0 0 0 0 1 0 0 0 0 0 0]
[665756381118120754787340069597919223592527142974696626384015 0 0 0 0 0 0 0 0 0 0 0 0 0 1 0 0 0 0 0]
[398961894313315068429391762831239558820502363295166410366716 0 0 0 0 0 0 0 0 0 0 0 0 0 0 1 0 0 0 0]
[434183373820874148625970050713128020254970308789860372157848 0 0 0 0 0 0 0 0 0 0 0 0 0 0 0 1 0 0 0]
[463882043323126325035170470514915425448561074467073041656769 0 0 0 0 0 0 0 0 0 0 0 0 0 0 0 0 1 0 0]
[370344836621538745683443743077287210816792074943163303229213 0 0 0 0 0 0 0 0 0 0 0 0 0 0 0 0 0 1 0]
[187757705842790686927148090566109417026013134444395254676810 0 0 0 0 0 0 0 0 0 0 0 0 0 0 0 0 0 0 1]
]
