[[1225538096336179110381063571285425868305622708747368065534701 0 0 0 0 0 0 0 0 0 0 0 0 0 0 0 0 0 0 0]
[320310678408457513121892396679020766421785282442429428732872 1 0 0 0 0 0 0 0 0 0 0 0 0 0 0 0 0 0 0]
[465717634020960956078010990733075611936398402070106912862333 0 1 0 0 0 0 0 0 0 0 0 0 0 0 0 0 0 0 0]
[925664600096246555219721855709368809360373125576668977518208 0 0 1 0 0 0 0 0 0 0 0 0 0 0 0 0 0 0 0]
[507289901259562975145694317127709303675495882048311664988582 0 0 0 1 0 0 0 0 0 0 0 0 0 0 0 0 0 0 0]
[52771010492994899377188781464360018179486006458116388966026 0 0 0 0 1 0 0 0 0 0 0 0 0 0 0 0 0 0 0]
[1076196956206198051120041401526842418126210389019758673064675 0 0 0 0 0 1 0 0 0 0 0 0 0 0 0 0 0 0 0]
[537658915382047523983368378716671338834663567362796038442862 0 0 0 0 0 0 1 0 0 0 0 0 0 0 0 0 0 0 0]
[622445745815433792045432575102858829803140504410261901199635 0 0 0 0 0 0 0 1 0 0 0 0 0 0 0 0 0 0 0]
[1011374574347584502711094486884586093887112759741112116475669 0 0 0 0 0 0 0 0 1 0 0 0 0 0 0 0 0 0 0]
[1197401830499303657592068717459480000781604106008729128824041 0 0 0 0 0 0 0 0 0 1 0 0 0 0 0 0 0 0 0]
[128657202048349747474643139298372234890807509096188046081038 0 0 0 0 0 0 0 0 0 0 1 0 0 0 0 0 0 0 0]
[544244375576529292457223553130704474706039303798632759214307 0 0 0 0 0 0 0 0 0 0 0 1 0 0 0 0 0 0 0]
[662580898664975287355706328029819121021840412863991594953655 0 0 0 0 0 0 0 0 0 0 0 0 1 0 0 0 0 0 0]
[1151338333316346572628842365235609408577168974622939735093458 0 0 0 0 0 0 0 0 0 0 0 0 0 1 0 0 0 0 0]
[463597268495555483545127556511583765740608556792728556814260 0 0 0 0 0 0 0 0 0 0 0 0 0 0 1 0 0 0 0]
[117632850828686497142284485724940445512659074125158434373092 0 0 0 0 0 0 0 0 0 0 0 0 0 0 0 1 0 0 0]
[1118786948878264182479868046417127852605778292755769134309441 0 0 0 0 0 0 0 0 0 0 0 0 0 0 0 0 1 0 0]
[1101055789939139133621181281557419671185306966986966229376138 0 0 0 0 0 0 0 0 0 0 0 0 0 0 0 0 0 1 0]
[317810314283305045699118007562931061374108954930344547551210 0 0 0 0 0 0 0 0 0 0 0 0 0 0 0 0 0 0 1]
]
