[[1034106992811284135935944175098710701971090104830299162570869 0 0 0 0 0 0 0 0 0 0 0 0 0 0 0 0 0 0 0]
[503284399141877821043344126814898341650751831380998176433102 1 0 0 0 0 0 0 0 0 0 0 0 0 0 0 0 0 0 0]
[535839566810448480734072320328833355435644584752868950185260 0 1 0 0 0 0 0 0 0 0 0 0 0 0 0 0 0 0 0]
[803311930750522795386583383017967035477285819471085398486013 0 0 1 0 0 0 0 0 0 0 0 0 0 0 0 0 0 0 0]
[974691824270810271200735325882797132464408901985028441111260 0 0 0 1 0 0 0 0 0 0 0 0 0 0 0 0 0 0 0]
[133633683937417513787312099496335608548800032802552197967715 0 0 0 0 1 0 0 0 0 0 0 0 0 0 0 0 0 0 0]
[190224188727564418822758065746645883535062572807116930681199 0 0 0 0 0 1 0 0 0 0 0 0 0 0 0 0 0 0 0]
[474859231999383142353779925075594223065836909958016931395116 0 0 0 0 0 0 1 0 0 0 0 0 0 0 0 0 0 0 0]
[764658575956398850423901629597913596459219301835602596547209 0 0 0 0 0 0 0 1 0 0 0 0 0 0 0 0 0 0 0]
[1032466567742815271392647028003575856134783991993636380875776 0 0 0 0 0 0 0 0 1 0 0 0 0 0 0 0 0 0 0]
[967820156030592193607582084158531619077584968358560540157640 0 0 0 0 0 0 0 0 0 1 0 0 0 0 0 0 0 0 0]
[212177038868249868083564403271812577784550615458511559064570 0 0 0 0 0 0 0 0 0 0 1 0 0 0 0 0 0 0 0]
[567572535111032106159282319253928037079042302000579154916547 0 0 0 0 0 0 0 0 0 0 0 1 0 0 0 0 0 0 0]
[496508137959774035909353208307690904507127583422986190109273 0 0 0 0 0 0 0 0 0 0 0 0 1 0 0 0 0 0 0]
[951892737426026532793700906603104253967305463877217554397751 0 0 0 0 0 0 0 0 0 0 0 0 0 1 0 0 0 0 0]
[868215044225668219171648904800166070439171353955470321820684 0 0 0 0 0 0 0 0 0 0 0 0 0 0 1 0 0 0 0]
[214939750735597453265440305564722600531249003413930320478192 0 0 0 0 0 0 0 0 0 0 0 0 0 0 0 1 0 0 0]
[818004521486458135913451690705435219389208189437010254126085 0 0 0 0 0 0 0 0 0 0 0 0 0 0 0 0 1 0 0]
[861954108814892742417557146744904870679328461905342624393494 0 0 0 0 0 0 0 0 0 0 0 0 0 0 0 0 0 1 0]
[591948734135937269164848996305186428935819617400910982590950 0 0 0 0 0 0 0 0 0 0 0 0 0 0 0 0 0 0 1]
]
