[[1515949988770611320244360212559129570544240141250074504777651 0 0 0 0 0 0 0 0 0 0 0 0 0 0 0 0 0 0 0]
[1339896214142443029043526885690604551208471000371539362976724 1 0 0 0 0 0 0 0 0 0 0 0 0 0 0 0 0 0 0]
[605761300462703856129637971082267746880328200566368230610450 0 1 0 0 0 0 0 0 0 0 0 0 0 0 0 0 0 0 0]
[3116810891753912728550112266439051370488828562631770369847 0 0 1 0 0 0 0 0 0 0 0 0 0 0 0 0 0 0 0]
[345491683579268392723504703871220314868486999622731229827109 0 0 0 1 0 0 0 0 0 0 0 0 0 0 0 0 0 0 0]
[1216772033441988989658506153203329380536813338777773603097647 0 0 0 0 1 0 0 0 0 0 0 0 0 0 0 0 0 0 0]
[898074761453777453262073192049577011952965021006572344321742 0 0 0 0 0 1 0 0 0 0 0 0 0 0 0 0 0 0 0]
[738903444564788892289231858471845428038658872161219404520720 0 0 0 0 0 0 1 0 0 0 0 0 0 0 0 0 0 0 0]
[1128842142715980029468849340705775330624508358329891594296148 0 0 0 0 0 0 0 1 0 0 0 0 0 0 0 0 0 0 0]
[1245654944769241429029366579362232629741525373159622390574603 0 0 0 0 0 0 0 0 1 0 0 0 0 0 0 0 0 0 0]
[236403447845209839364510426513819959054343533896190995308045 0 0 0 0 0 0 0 0 0 1 0 0 0 0 0 0 0 0 0]
[1381195306078279042130035437592061474545497453955245427585091 0 0 0 0 0 0 0 0 0 0 1 0 0 0 0 0 0 0 0]
[107760078836859365163840357268797153210545751850857786148777 0 0 0 0 0 0 0 0 0 0 0 1 0 0 0 0 0 0 0]
[1462179812129856006059545798585495612752792040002322573612803 0 0 0 0 0 0 0 0 0 0 0 0 1 0 0 0 0 0 0]
[1234697910553944091157775016079816706128707222772096728106436 0 0 0 0 0 0 0 0 0 0 0 0 0 1 0 0 0 0 0]
[1280528638195685263771334323416690235480196519889509201131946 0 0 0 0 0 0 0 0 0 0 0 0 0 0 1 0 0 0 0]
[1431305353449905056064357077455540495476349820574893084848612 0 0 0 0 0 0 0 0 0 0 0 0 0 0 0 1 0 0 0]
[1438256538407894200337405507164309824487659090538349127810344 0 0 0 0 0 0 0 0 0 0 0 0 0 0 0 0 1 0 0]
[1176654212866104656267474555754116864806307309310192270548272 0 0 0 0 0 0 0 0 0 0 0 0 0 0 0 0 0 1 0]
[22358848411475695377484654308102735916403692790663873460289 0 0 0 0 0 0 0 0 0 0 0 0 0 0 0 0 0 0 1]
]
