[[1255937658987023589217303564248563014824659406690464619063883 0 0 0 0 0 0 0 0 0 0 0 0 0 0 0 0 0 0 0]
[18328628055120881001404796091057915741237470027300847781841 1 0 0 0 0 0 0 0 0 0 0 0 0 0 0 0 0 0 0]
[1228923938398201350359008500969378199764494918432179973970303 0 1 0 0 0 0 0 0 0 0 0 0 0 0 0 0 0 0 0]
[436223803876992063076195297783453631382821759718736270773489 0 0 1 0 0 0 0 0 0 0 0 0 0 0 0 0 0 0 0]
[150617355136662092694833565063841041522710163350531162326432 0 0 0 1 0 0 0 0 0 0 0 0 0 0 0 0 0 0 0]
[334617208443797454490436663326067154928186828559260295787486 0 0 0 0 1 0 0 0 0 0 0 0 0 0 0 0 0 0 0]
[1093321962579821827762477386522028897685623082805420978834289 0 0 0 0 0 1 0 0 0 0 0 0 0 0 0 0 0 0 0]
[876750464138065370374209091622056442068377295834961586121336 0 0 0 0 0 0 1 0 0 0 0 0 0 0 0 0 0 0 0]
[1113909351523317884091498449956246165645728908805252029204121 0 0 0 0 0 0 0 1 0 0 0 0 0 0 0 0 0 0 0]
[319661252935228805578514060598194008206873508514496796034819 0 0 0 0 0 0 0 0 1 0 0 0 0 0 0 0 0 0 0]
[551437607207661708865412666476485883845519090660828502817755 0 0 0 0 0 0 0 0 0 1 0 0 0 0 0 0 0 0 0]
[944800588265912342551996564703193234891647876142062072210720 0 0 0 0 0 0 0 0 0 0 1 0 0 0 0 0 0 0 0]
[442630400223322910584137680407469470025128768733893727442954 0 0 0 0 0 0 0 0 0 0 0 1 0 0 0 0 0 0 0]
[1237020832056158863836341914149452862231886511336764885713711 0 0 0 0 0 0 0 0 0 0 0 0 1 0 0 0 0 0 0]
[1103286471910163300865097484130094726907629589391885518831558 0 0 0 0 0 0 0 0 0 0 0 0 0 1 0 0 0 0 0]
[1250065008455925875594696217917148849213623349105319295746831 0 0 0 0 0 0 0 0 0 0 0 0 0 0 1 0 0 0 0]
[690562170016786168986673988308887621428543766330465916320292 0 0 0 0 0 0 0 0 0 0 0 0 0 0 0 1 0 0 0]
[1201759776485748699420347182530583218225748312668136058933881 0 0 0 0 0 0 0 0 0 0 0 0 0 0 0 0 1 0 0]
[74413484313247682989463441140670224621180870980351827685952 0 0 0 0 0 0 0 0 0 0 0 0 0 0 0 0 0 1 0]
[409927453551408972032467000802158431151798949937129621366408 0 0 0 0 0 0 0 0 0 0 0 0 0 0 0 0 0 0 1]
]
