[[1050909562548823300740182585046865082722372702888386750502873 0 0 0 0 0 0 0 0 0 0 0 0 0 0 0 0 0 0 0]
[553639820657719646000001313508562767267452909449087682285043 1 0 0 0 0 0 0 0 0 0 0 0 0 0 0 0 0 0 0]
[507324066785213228038014835352603607811412364384128720371587 0 1 0 0 0 0 0 0 0 0 0 0 0 0 0 0 0 0 0]
[587331701507590863147884058390194852773836463482304062504683 0 0 1 0 0 0 0 0 0 0 0 0 0 0 0 0 0 0 0]
[1019813291034672997176995940683181057420656586380020432991931 0 0 0 1 0 0 0 0 0 0 0 0 0 0 0 0 0 0 0]
[510776979627830926871779268414632706070101723103277193751386 0 0 0 0 1 0 0 0 0 0 0 0 0 0 0 0 0 0 0]
[909608288563984282816710254425685399519484388143440989052246 0 0 0 0 0 1 0 0 0 0 0 0 0 0 0 0 0 0 0]
[201228777823541322073818271043429390968034883475717968441386 0 0 0 0 0 0 1 0 0 0 0 0 0 0 0 0 0 0 0]
[35477714811929274315781411378405881208763742077558163661299 0 0 0 0 0 0 0 1 0 0 0 0 0 0 0 0 0 0 0]
[63346854272209831533415361421058669587985502106451729059271 0 0 0 0 0 0 0 0 1 0 0 0 0 0 0 0 0 0 0]
[319533758846814496150985007503490284687749048422534654289747 0 0 0 0 0 0 0 0 0 1 0 0 0 0 0 0 0 0 0]
[1015964951665207180700927899135267052493563369721936339503661 0 0 0 0 0 0 0 0 0 0 1 0 0 0 0 0 0 0 0]
[232190557906135021717635352819740771657612204256022336579243 0 0 0 0 0 0 0 0 0 0 0 1 0 0 0 0 0 0 0]
[972250108157274977588274631858747285797108382569610717410915 0 0 0 0 0 0 0 0 0 0 0 0 1 0 0 0 0 0 0]
[223536736805934434033317095970958196356315956427005394387181 0 0 0 0 0 0 0 0 0 0 0 0 0 1 0 0 0 0 0]
[432413058346414447730093939168561681034688763943210407493479 0 0 0 0 0 0 0 0 0 0 0 0 0 0 1 0 0 0 0]
[777166632510812229100005007127992901882411278911958235049796 0 0 0 0 0 0 0 0 0 0 0 0 0 0 0 1 0 0 0]
[963104528620948474756379605263147399343841238659734282416306 0 0 0 0 0 0 0 0 0 0 0 0 0 0 0 0 1 0 0]
[670096748360833660870452281788860009421372945657074916484526 0 0 0 0 0 0 0 0 0 0 0 0 0 0 0 0 0 1 0]
[130967710832995978371131145356079653863759658102434597631097 0 0 0 0 0 0 0 0 0 0 0 0 0 0 0 0 0 0 1]
]
