[[1492871927734818503625811736766831660834633077073547810599083 0 0 0 0 0 0 0 0 0 0 0 0 0 0 0 0 0 0 0]
[94813602953435635075004441138128621757805872422106142372412 1 0 0 0 0 0 0 0 0 0 0 0 0 0 0 0 0 0 0]
[1483794259361129753817169445057690975526986435039285480631739 0 1 0 0 0 0 0 0 0 0 0 0 0 0 0 0 0 0 0]
[411267904478457747306610622132663364362171427908992282152213 0 0 1 0 0 0 0 0 0 0 0 0 0 0 0 0 0 0 0]
[165112455782020389810791200101805167645749713454076772882966 0 0 0 1 0 0 0 0 0 0 0 0 0 0 0 0 0 0 0]
[715831120866703862316897769012260507396788244590851688361174 0 0 0 0 1 0 0 0 0 0 0 0 0 0 0 0 0 0 0]
[1287458638155183873635675278439505896225360120997626013157318 0 0 0 0 0 1 0 0 0 0 0 0 0 0 0 0 0 0 0]
[121756849005021976076938726799522235713691372520688274677571 0 0 0 0 0 0 1 0 0 0 0 0 0 0 0 0 0 0 0]
[646264592744286247540999628153868271779347818479776017577782 0 0 0 0 0 0 0 1 0 0 0 0 0 0 0 0 0 0 0]
[938074422581688782873196181297870128268407313312790161608381 0 0 0 0 0 0 0 0 1 0 0 0 0 0 0 0 0 0 0]
[1073676554571180574027919001095844621933518192220753418098918 0 0 0 0 0 0 0 0 0 1 0 0 0 0 0 0 0 0 0]
[1233133285618228738249860281200807320211404540944789648043467 0 0 0 0 0 0 0 0 0 0 1 0 0 0 0 0 0 0 0]
[172522347912791191856863061650210306230108657579300747947339 0 0 0 0 0 0 0 0 0 0 0 1 0 0 0 0 0 0 0]
[169164422894335927626544220793930958251151855443568876388052 0 0 0 0 0 0 0 0 0 0 0 0 1 0 0 0 0 0 0]
[492190683911206366909702872290333246729051129551912001388657 0 0 0 0 0 0 0 0 0 0 0 0 0 1 0 0 0 0 0]
[393935018560894826791372243205543858311284002034176537715616 0 0 0 0 0 0 0 0 0 0 0 0 0 0 1 0 0 0 0]
[1312775691303374101248638577186598816084384605324653858230536 0 0 0 0 0 0 0 0 0 0 0 0 0 0 0 1 0 0 0]
[302515173401154863526903519034211269004137726033506427173802 0 0 0 0 0 0 0 0 0 0 0 0 0 0 0 0 1 0 0]
[1312740961630947585522885236715589350293288972685847069227716 0 0 0 0 0 0 0 0 0 0 0 0 0 0 0 0 0 1 0]
[374418543030489112413060873884503269134477565697278081643784 0 0 0 0 0 0 0 0 0 0 0 0 0 0 0 0 0 0 1]
]
