[[1206302097856388431944485226514713019721054528923939624751717 0 0 0 0 0 0 0 0 0 0 0 0 0 0 0 0 0 0 0]
[292653301437846178098470330289789570158104176691148061076947 1 0 0 0 0 0 0 0 0 0 0 0 0 0 0 0 0 0 0]
[781561470435509211560472575053979283390637518143439131164650 0 1 0 0 0 0 0 0 0 0 0 0 0 0 0 0 0 0 0]
[348545672376275460346662727426974987924020032165746880322214 0 0 1 0 0 0 0 0 0 0 0 0 0 0 0 0 0 0 0]
[370912132021046453635350039447158458065809453749710003805967 0 0 0 1 0 0 0 0 0 0 0 0 0 0 0 0 0 0 0]
[320244761293252455248094764282885530567625796280148150268574 0 0 0 0 1 0 0 0 0 0 0 0 0 0 0 0 0 0 0]
[1118485174439650964566859019275608642397721936273113134191168 0 0 0 0 0 1 0 0 0 0 0 0 0 0 0 0 0 0 0]
[957300170091190640216397855503962748268074280383363339488621 0 0 0 0 0 0 1 0 0 0 0 0 0 0 0 0 0 0 0]
[953597492692268128760967187882650856427040175153064541187087 0 0 0 0 0 0 0 1 0 0 0 0 0 0 0 0 0 0 0]
[748289765071027963868845085834025502236354344599229412587757 0 0 0 0 0 0 0 0 1 0 0 0 0 0 0 0 0 0 0]
[865027701230578207752426624910490760484567314038503952588937 0 0 0 0 0 0 0 0 0 1 0 0 0 0 0 0 0 0 0]
[1137698361818672613331034354097478345875457089093049915073470 0 0 0 0 0 0 0 0 0 0 1 0 0 0 0 0 0 0 0]
[510003889989446641170357436281069693161996400697157872416665 0 0 0 0 0 0 0 0 0 0 0 1 0 0 0 0 0 0 0]
[509277651178003512870378167029035093639709472760920812454025 0 0 0 0 0 0 0 0 0 0 0 0 1 0 0 0 0 0 0]
[1194416690689868912816197600991112955169468263025999410934833 0 0 0 0 0 0 0 0 0 0 0 0 0 1 0 0 0 0 0]
[513606277588113108200647069198928175174729942316385493225757 0 0 0 0 0 0 0 0 0 0 0 0 0 0 1 0 0 0 0]
[278515143639945098461355571608334907453985483900521802624019 0 0 0 0 0 0 0 0 0 0 0 0 0 0 0 1 0 0 0]
[247104680349268593354864717686133386128128437427364728966241 0 0 0 0 0 0 0 0 0 0 0 0 0 0 0 0 1 0 0]
[814665831669112908638733418430341395418791493881463964339551 0 0 0 0 0 0 0 0 0 0 0 0 0 0 0 0 0 1 0]
[764436459734261013548684736129616033802192948390663616089901 0 0 0 0 0 0 0 0 0 0 0 0 0 0 0 0 0 0 1]
]
