[[805059259584246349136076611923736684374829698198518883735517 0 0 0 0 0 0 0 0 0 0 0 0 0 0 0 0 0 0 0]
[394711036485279869753178002240105259564852525036773506751720 1 0 0 0 0 0 0 0 0 0 0 0 0 0 0 0 0 0 0]
[399327807042020514214546915989480179449477235243569104494022 0 1 0 0 0 0 0 0 0 0 0 0 0 0 0 0 0 0 0]
[466984674009535953788077080451885130839499807607801283791497 0 0 1 0 0 0 0 0 0 0 0 0 0 0 0 0 0 0 0]
[318109990858421947205080457858144011203232654465896313277305 0 0 0 1 0 0 0 0 0 0 0 0 0 0 0 0 0 0 0]
[114334888637549606056208116121844980347408467639793702431931 0 0 0 0 1 0 0 0 0 0 0 0 0 0 0 0 0 0 0]
[752978432530265508506625948517217757685057408155127032259675 0 0 0 0 0 1 0 0 0 0 0 0 0 0 0 0 0 0 0]
[121653968651224242965275650435037065853643318714833408033490 0 0 0 0 0 0 1 0 0 0 0 0 0 0 0 0 0 0 0]
[163813342547491491671146169242000451132621433932049329284281 0 0 0 0 0 0 0 1 0 0 0 0 0 0 0 0 0 0 0]
[285968648686759876079319596231369532850009139291579333662573 0 0 0 0 0 0 0 0 1 0 0 0 0 0 0 0 0 0 0]
[382380239923807376301319270360080721735683319440067911327156 0 0 0 0 0 0 0 0 0 1 0 0 0 0 0 0 0 0 0]
[367105952941906035299496940222822880431848958089070680169186 0 0 0 0 0 0 0 0 0 0 1 0 0 0 0 0 0 0 0]
[382543840449353298099384963623098134259843048050488211913990 0 0 0 0 0 0 0 0 0 0 0 1 0 0 0 0 0 0 0]
[741508429177922817208342286351106115538375716475759944642946 0 0 0 0 0 0 0 0 0 0 0 0 1 0 0 0 0 0 0]
[407226426491203380156222965561537692585813168002716583805936 0 0 0 0 0 0 0 0 0 0 0 0 0 1 0 0 0 0 0]
[15624188590991564390527743587548044220426242366818096962260 0 0 0 0 0 0 0 0 0 0 0 0 0 0 1 0 0 0 0]
[439780661400347845004917622356105795769165702404440421282292 0 0 0 0 0 0 0 0 0 0 0 0 0 0 0 1 0 0 0]
[589111387389570181596170428922986814003419237012259885207354 0 0 0 0 0 0 0 0 0 0 0 0 0 0 0 0 1 0 0]
[81800610928503627098461902906142371521153263886570491888823 0 0 0 0 0 0 0 0 0 0 0 0 0 0 0 0 0 1 0]
[425045409961217888786447118062499780283850704760727175483359 0 0 0 0 0 0 0 0 0 0 0 0 0 0 0 0 0 0 1]
]
