[[913722952808639965362303964780601464692559263397003312136119 0 0 0 0 0 0 0 0 0 0 0 0 0 0 0 0 0 0 0]
[336805704401316472620301819521940226667478062363057886323632 1 0 0 0 0 0 0 0 0 0 0 0 0 0 0 0 0 0 0]
[230603836198393269423538638793096346338246854206296191464721 0 1 0 0 0 0 0 0 0 0 0 0 0 0 0 0 0 0 0]
[876633533158785491940622978826135851908262967821852286397923 0 0 1 0 0 0 0 0 0 0 0 0 0 0 0 0 0 0 0]
[607449866908253128878694767250583508440304712130097103434424 0 0 0 1 0 0 0 0 0 0 0 0 0 0 0 0 0 0 0]
[225812398258529575160381718429699445293793209305483525251681 0 0 0 0 1 0 0 0 0 0 0 0 0 0 0 0 0 0 0]
[842618534829539234096515225637984689768951312262415904665155 0 0 0 0 0 1 0 0 0 0 0 0 0 0 0 0 0 0 0]
[391340617641072743223343981114822201198672863379251459103889 0 0 0 0 0 0 1 0 0 0 0 0 0 0 0 0 0 0 0]
[664202368446088008085011814995110900554871410255011284528437 0 0 0 0 0 0 0 1 0 0 0 0 0 0 0 0 0 0 0]
[196031216944416324022371335318909046604604574873176247619749 0 0 0 0 0 0 0 0 1 0 0 0 0 0 0 0 0 0 0]
[215232337098616108362596361528771541989949736277564412367737 0 0 0 0 0 0 0 0 0 1 0 0 0 0 0 0 0 0 0]
[521052711815863342145368767974159156875791957975995391747101 0 0 0 0 0 0 0 0 0 0 1 0 0 0 0 0 0 0 0]
[726019790905676606188891040999108403858546964558891008096354 0 0 0 0 0 0 0 0 0 0 0 1 0 0 0 0 0 0 0]
[700227870550765810655595324366518882376205210757281135267827 0 0 0 0 0 0 0 0 0 0 0 0 1 0 0 0 0 0 0]
[336476118479172254925229714690250609733055260420276080462677 0 0 0 0 0 0 0 0 0 0 0 0 0 1 0 0 0 0 0]
[224846131231496091172277096293544201497104413457751455546593 0 0 0 0 0 0 0 0 0 0 0 0 0 0 1 0 0 0 0]
[341016512712430996610212507327689932487381302678525162060645 0 0 0 0 0 0 0 0 0 0 0 0 0 0 0 1 0 0 0]
[22192260463261396455638218666593470085685967356650763858658 0 0 0 0 0 0 0 0 0 0 0 0 0 0 0 0 1 0 0]
[638446559032337598872207913659948207229786394947743652234312 0 0 0 0 0 0 0 0 0 0 0 0 0 0 0 0 0 1 0]
[104211513009944632068200205829153661594361792594131002518598 0 0 0 0 0 0 0 0 0 0 0 0 0 0 0 0 0 0 1]
]
