[[1272129031609506240808426229268440603224551690745270824390551 0 0 0 0 0 0 0 0 0 0 0 0 0 0 0 0 0 0 0]
[549937515155942035362574744754224274601063387840568168102033 1 0 0 0 0 0 0 0 0 0 0 0 0 0 0 0 0 0 0]
[583040735814883525271904458679239612110129507025016245433811 0 1 0 0 0 0 0 0 0 0 0 0 0 0 0 0 0 0 0]
[568309859647922191032668723303970308841828259868817971718637 0 0 1 0 0 0 0 0 0 0 0 0 0 0 0 0 0 0 0]
[520106427597835149733722375712811549234959141523189141487971 0 0 0 1 0 0 0 0 0 0 0 0 0 0 0 0 0 0 0]
[644545250922125464687727038087016479824733592572766968676323 0 0 0 0 1 0 0 0 0 0 0 0 0 0 0 0 0 0 0]
[862577881756326738576164030088206981675183736092048971332745 0 0 0 0 0 1 0 0 0 0 0 0 0 0 0 0 0 0 0]
[751316629626214553127667081084093192819949953173098860036388 0 0 0 0 0 0 1 0 0 0 0 0 0 0 0 0 0 0 0]
[347930453406563851618073058073238920539807771198430083231770 0 0 0 0 0 0 0 1 0 0 0 0 0 0 0 0 0 0 0]
[439387191877886253458438545975346276266328235189480332741455 0 0 0 0 0 0 0 0 1 0 0 0 0 0 0 0 0 0 0]
[388763092571174366027713656733594960682848790869357457229284 0 0 0 0 0 0 0 0 0 1 0 0 0 0 0 0 0 0 0]
[121424610376569164319527242449500726625865890264186502798457 0 0 0 0 0 0 0 0 0 0 1 0 0 0 0 0 0 0 0]
[303452454778920339107576169470733836335101184336424976649915 0 0 0 0 0 0 0 0 0 0 0 1 0 0 0 0 0 0 0]
[1144212272604837416578211567274013591359016256850567169906915 0 0 0 0 0 0 0 0 0 0 0 0 1 0 0 0 0 0 0]
[57452406607154268288817179269183801147851605627453162191879 0 0 0 0 0 0 0 0 0 0 0 0 0 1 0 0 0 0 0]
[228769698397169036181406917751764291338718372834473715969466 0 0 0 0 0 0 0 0 0 0 0 0 0 0 1 0 0 0 0]
[55604767154517939560964755463061766023366481618424116058684 0 0 0 0 0 0 0 0 0 0 0 0 0 0 0 1 0 0 0]
[684415070292559736750429904129557180019221811002052817764129 0 0 0 0 0 0 0 0 0 0 0 0 0 0 0 0 1 0 0]
[252734169258528836735896048540536906233413460170835313057580 0 0 0 0 0 0 0 0 0 0 0 0 0 0 0 0 0 1 0]
[251192087462989006657863769994891987793321604429927159101150 0 0 0 0 0 0 0 0 0 0 0 0 0 0 0 0 0 0 1]
]
