[[1249438921314959899090796903387156073248626678537462573303099 0 0 0 0 0 0 0 0 0 0 0 0 0 0 0 0 0 0 0]
[1078068022764943399863135638119402782385560068433815301673984 1 0 0 0 0 0 0 0 0 0 0 0 0 0 0 0 0 0 0]
[326044088039845236662476805800498092382272428687226955888705 0 1 0 0 0 0 0 0 0 0 0 0 0 0 0 0 0 0 0]
[871724028240410702810714752758023900617890221489672698373049 0 0 1 0 0 0 0 0 0 0 0 0 0 0 0 0 0 0 0]
[375953564795188557863787910536100270692981783905637969825529 0 0 0 1 0 0 0 0 0 0 0 0 0 0 0 0 0 0 0]
[877110614737178723111027555817155537860855067232901333920066 0 0 0 0 1 0 0 0 0 0 0 0 0 0 0 0 0 0 0]
[643356323368976227027100867198360869882679820520089410973837 0 0 0 0 0 1 0 0 0 0 0 0 0 0 0 0 0 0 0]
[311120534303067885716700040236432828052487236231965856899241 0 0 0 0 0 0 1 0 0 0 0 0 0 0 0 0 0 0 0]
[815613652498262175661261754428887677523681017788144894679581 0 0 0 0 0 0 0 1 0 0 0 0 0 0 0 0 0 0 0]
[633352670010487917089697822383630157602357615650687527563497 0 0 0 0 0 0 0 0 1 0 0 0 0 0 0 0 0 0 0]
[831486293142280902997537906740585271650314959164466964229430 0 0 0 0 0 0 0 0 0 1 0 0 0 0 0 0 0 0 0]
[70959214414649279533387841666143918771298375923800248355407 0 0 0 0 0 0 0 0 0 0 1 0 0 0 0 0 0 0 0]
[549885526684144125015756404258235227209260468611970962985270 0 0 0 0 0 0 0 0 0 0 0 1 0 0 0 0 0 0 0]
[56339308472751794118572058611159462964437409795501035098918 0 0 0 0 0 0 0 0 0 0 0 0 1 0 0 0 0 0 0]
[986307736968256124323893718505994780584862483952585449068164 0 0 0 0 0 0 0 0 0 0 0 0 0 1 0 0 0 0 0]
[576781506346256798483066641103323412288760675014714315327298 0 0 0 0 0 0 0 0 0 0 0 0 0 0 1 0 0 0 0]
[1181182403420638532406771564671989509278605332042914533644413 0 0 0 0 0 0 0 0 0 0 0 0 0 0 0 1 0 0 0]
[122770929313352414190192072853714006779238396768466029367616 0 0 0 0 0 0 0 0 0 0 0 0 0 0 0 0 1 0 0]
[414079138897341930747452362830170515263705705038523308725214 0 0 0 0 0 0 0 0 0 0 0 0 0 0 0 0 0 1 0]
[1206641014903870421315092862901795368896379283937834290787596 0 0 0 0 0 0 0 0 0 0 0 0 0 0 0 0 0 0 1]
]
