[[1494407563348656968627089597842842570485463654301817021707821 0 0 0 0 0 0 0 0 0 0 0 0 0 0 0 0 0 0 0]
[1356944414595583057193383904616477818762123714949659969108414 1 0 0 0 0 0 0 0 0 0 0 0 0 0 0 0 0 0 0]
[738399912548393587629727460119269795824689946606561241208463 0 1 0 0 0 0 0 0 0 0 0 0 0 0 0 0 0 0 0]
[291364053288296065475666330912282881073900709151794650885834 0 0 1 0 0 0 0 0 0 0 0 0 0 0 0 0 0 0 0]
[1095582352283158219907879291625986105687509770828594782156631 0 0 0 1 0 0 0 0 0 0 0 0 0 0 0 0 0 0 0]
[476168371605244213083529652739270636588879989019418488841780 0 0 0 0 1 0 0 0 0 0 0 0 0 0 0 0 0 0 0]
[87232079557610192132674386235789615207513273130009231833188 0 0 0 0 0 1 0 0 0 0 0 0 0 0 0 0 0 0 0]
[132134389682880161291806684485750057852010259685957394111030 0 0 0 0 0 0 1 0 0 0 0 0 0 0 0 0 0 0 0]
[1207786343415779095165044412586945382578763006420424017280088 0 0 0 0 0 0 0 1 0 0 0 0 0 0 0 0 0 0 0]
[772035123130301450208183327254863857877171827830992432093606 0 0 0 0 0 0 0 0 1 0 0 0 0 0 0 0 0 0 0]
[1374099355005722321137444103125787128258964027763132158711974 0 0 0 0 0 0 0 0 0 1 0 0 0 0 0 0 0 0 0]
[1028282010451285019576169709926816750858469611086359386750724 0 0 0 0 0 0 0 0 0 0 1 0 0 0 0 0 0 0 0]
[1150490173492210507884440256913070325243215957865154847391264 0 0 0 0 0 0 0 0 0 0 0 1 0 0 0 0 0 0 0]
[876862108083947866968764391791984267955343179388573360774235 0 0 0 0 0 0 0 0 0 0 0 0 1 0 0 0 0 0 0]
[618122743392834182609540409882611418541815612281112916577484 0 0 0 0 0 0 0 0 0 0 0 0 0 1 0 0 0 0 0]
[1224326504597053035306692356684287089983527637305311135538726 0 0 0 0 0 0 0 0 0 0 0 0 0 0 1 0 0 0 0]
[1204744940367535427376766512245848318189898616378289303365550 0 0 0 0 0 0 0 0 0 0 0 0 0 0 0 1 0 0 0]
[41471538968014122098029374156474550571651785795409010406787 0 0 0 0 0 0 0 0 0 0 0 0 0 0 0 0 1 0 0]
[604826375594226032415277225456428040302113300258513127213690 0 0 0 0 0 0 0 0 0 0 0 0 0 0 0 0 0 1 0]
[1252627572270474366040683389275268823694547243561131186722653 0 0 0 0 0 0 0 0 0 0 0 0 0 0 0 0 0 0 1]
]
