[[1248981285004867969435838496514574403462905413266382504516871 0 0 0 0 0 0 0 0 0 0 0 0 0 0 0 0 0 0 0]
[952293066812764991062224804980619740082177919023033111010158 1 0 0 0 0 0 0 0 0 0 0 0 0 0 0 0 0 0 0]
[422784153922388440468516378164532756523377793728600148951272 0 1 0 0 0 0 0 0 0 0 0 0 0 0 0 0 0 0 0]
[1010123180436138737060038791581862781256439395231923269239498 0 0 1 0 0 0 0 0 0 0 0 0 0 0 0 0 0 0 0]
[984019784958686343174639465519550776038362865607622127012484 0 0 0 1 0 0 0 0 0 0 0 0 0 0 0 0 0 0 0]
[745549713838637854031563478019896672361404478582472661767843 0 0 0 0 1 0 0 0 0 0 0 0 0 0 0 0 0 0 0]
[58623197756057888444297152086496057021684073332990728392777 0 0 0 0 0 1 0 0 0 0 0 0 0 0 0 0 0 0 0]
[398408778729589142196220440837207153166027790423468988180309 0 0 0 0 0 0 1 0 0 0 0 0 0 0 0 0 0 0 0]
[4698795775241071712768071678544145238403821759327846267676 0 0 0 0 0 0 0 1 0 0 0 0 0 0 0 0 0 0 0]
[841595434555586537893737298789651723242180529191259876087001 0 0 0 0 0 0 0 0 1 0 0 0 0 0 0 0 0 0 0]
[390544635044531314939211695372404089789361572319280740309495 0 0 0 0 0 0 0 0 0 1 0 0 0 0 0 0 0 0 0]
[419196367959709023835257920901941149421450674571097669955903 0 0 0 0 0 0 0 0 0 0 1 0 0 0 0 0 0 0 0]
[237146933678188603738935487518752543582483806405891056955332 0 0 0 0 0 0 0 0 0 0 0 1 0 0 0 0 0 0 0]
[952715210659729720316177030857131021055076723700945709037493 0 0 0 0 0 0 0 0 0 0 0 0 1 0 0 0 0 0 0]
[952229018534777301159897383868249658725550917002678931765640 0 0 0 0 0 0 0 0 0 0 0 0 0 1 0 0 0 0 0]
[655229429707551312805315248112570657087404675586928922528553 0 0 0 0 0 0 0 0 0 0 0 0 0 0 1 0 0 0 0]
[510775058701768480887114734787095304714234410857575263796405 0 0 0 0 0 0 0 0 0 0 0 0 0 0 0 1 0 0 0]
[139329773037508360833627323905449796023761696765452125827577 0 0 0 0 0 0 0 0 0 0 0 0 0 0 0 0 1 0 0]
[474085373856940617929592624986064654615439861400418449628259 0 0 0 0 0 0 0 0 0 0 0 0 0 0 0 0 0 1 0]
[1031937048760147290972137111644830984916477680742496079218035 0 0 0 0 0 0 0 0 0 0 0 0 0 0 0 0 0 0 1]
]
