[[1297747661669647572185325253268217741720427618762703555730571 0 0 0 0 0 0 0 0 0 0 0 0 0 0 0 0 0 0 0]
[718752803846941389292333083718069837276967804956247673582490 1 0 0 0 0 0 0 0 0 0 0 0 0 0 0 0 0 0 0]
[53941421508019120083844479515558795821578213917224379959146 0 1 0 0 0 0 0 0 0 0 0 0 0 0 0 0 0 0 0]
[904094460155738686928748391841883640298870275486535666790727 0 0 1 0 0 0 0 0 0 0 0 0 0 0 0 0 0 0 0]
[1241516797761351195571860902316809018592346375627264162586287 0 0 0 1 0 0 0 0 0 0 0 0 0 0 0 0 0 0 0]
[708252116247525836690366447102824353718143023515526808668986 0 0 0 0 1 0 0 0 0 0 0 0 0 0 0 0 0 0 0]
[594365633752568576861655737836508570922189659400862549250905 0 0 0 0 0 1 0 0 0 0 0 0 0 0 0 0 0 0 0]
[391525143125095218651829143107377071342570257305032561803062 0 0 0 0 0 0 1 0 0 0 0 0 0 0 0 0 0 0 0]
[848055739547011032925208733329945068647596860646812207202939 0 0 0 0 0 0 0 1 0 0 0 0 0 0 0 0 0 0 0]
[744317809367996895479767333206642877469901169428793766310494 0 0 0 0 0 0 0 0 1 0 0 0 0 0 0 0 0 0 0]
[886716125014978331516367498627409047314732682687742458416745 0 0 0 0 0 0 0 0 0 1 0 0 0 0 0 0 0 0 0]
[1108585217162774269120485839225602824458920654107849614741575 0 0 0 0 0 0 0 0 0 0 1 0 0 0 0 0 0 0 0]
[655404123120407662735724365847698723584773799765195649893797 0 0 0 0 0 0 0 0 0 0 0 1 0 0 0 0 0 0 0]
[863777356102411810591785466473916555888424695374896301120273 0 0 0 0 0 0 0 0 0 0 0 0 1 0 0 0 0 0 0]
[410074186259365403235363554800104602573041349169551169776560 0 0 0 0 0 0 0 0 0 0 0 0 0 1 0 0 0 0 0]
[218541471303704359696523399011050639758037229005881700052079 0 0 0 0 0 0 0 0 0 0 0 0 0 0 1 0 0 0 0]
[428793132227570404890524755957791766119710639562815544070427 0 0 0 0 0 0 0 0 0 0 0 0 0 0 0 1 0 0 0]
[409183854614548918511334676841372999951861798371183936203179 0 0 0 0 0 0 0 0 0 0 0 0 0 0 0 0 1 0 0]
[732027858422329260404885419697761149516527145379747025354600 0 0 0 0 0 0 0 0 0 0 0 0 0 0 0 0 0 1 0]
[957442726261677759045011523610274781030709965546706589133691 0 0 0 0 0 0 0 0 0 0 0 0 0 0 0 0 0 0 1]
]
