[[1538516971638581133343411813848575855075844045986602464752657 0 0 0 0 0 0 0 0 0 0 0 0 0 0 0 0 0 0 0]
[590318586942801847319313131746707097311334265547983991234505 1 0 0 0 0 0 0 0 0 0 0 0 0 0 0 0 0 0 0]
[997519431144804707234150187947088879881805619940603245178140 0 1 0 0 0 0 0 0 0 0 0 0 0 0 0 0 0 0 0]
[1096300909751304285347024902931089747684872691741916578180088 0 0 1 0 0 0 0 0 0 0 0 0 0 0 0 0 0 0 0]
[1268929794232876229211111748594727644130980419164331542427245 0 0 0 1 0 0 0 0 0 0 0 0 0 0 0 0 0 0 0]
[1192744852984513418770892468298849877619780931955331725304089 0 0 0 0 1 0 0 0 0 0 0 0 0 0 0 0 0 0 0]
[1142489432229259946523045993169024268774794714450486098409279 0 0 0 0 0 1 0 0 0 0 0 0 0 0 0 0 0 0 0]
[221514338853691096757186713551987113452725886003956087081839 0 0 0 0 0 0 1 0 0 0 0 0 0 0 0 0 0 0 0]
[361484487197149814051298966617360208453025766977985529992401 0 0 0 0 0 0 0 1 0 0 0 0 0 0 0 0 0 0 0]
[744240323207577198378593066871595139577200836116778681123623 0 0 0 0 0 0 0 0 1 0 0 0 0 0 0 0 0 0 0]
[1065958993513262592330552417697797255149228856620083779168216 0 0 0 0 0 0 0 0 0 1 0 0 0 0 0 0 0 0 0]
[1534206946865899980926862371951841175363419780046568883936943 0 0 0 0 0 0 0 0 0 0 1 0 0 0 0 0 0 0 0]
[48045014626582572975405911167646700506255647548165137482435 0 0 0 0 0 0 0 0 0 0 0 1 0 0 0 0 0 0 0]
[1109588609517048659537185467000515035298584075784931869840787 0 0 0 0 0 0 0 0 0 0 0 0 1 0 0 0 0 0 0]
[1097876339033594132592542563697424899438791911945077704740533 0 0 0 0 0 0 0 0 0 0 0 0 0 1 0 0 0 0 0]
[1363769693638636507398100384886942287900752401413658066660225 0 0 0 0 0 0 0 0 0 0 0 0 0 0 1 0 0 0 0]
[41753956240150395567729075244195611973352806243511103763080 0 0 0 0 0 0 0 0 0 0 0 0 0 0 0 1 0 0 0]
[259622641007650950888681936464783414094664360469142514095078 0 0 0 0 0 0 0 0 0 0 0 0 0 0 0 0 1 0 0]
[1521551552518803459505088038044790329278696827051854246508883 0 0 0 0 0 0 0 0 0 0 0 0 0 0 0 0 0 1 0]
[16975771582106556887575661074971262954164169857584387797102 0 0 0 0 0 0 0 0 0 0 0 0 0 0 0 0 0 0 1]
]
