[[833124342277574170363338075765726033410062311677827290426251 0 0 0 0 0 0 0 0 0 0 0 0 0 0 0 0 0 0 0]
[476310179033442626530778510769607643840317016027709225596344 1 0 0 0 0 0 0 0 0 0 0 0 0 0 0 0 0 0 0]
[251394744137213272860343783861908596021286193039930927878350 0 1 0 0 0 0 0 0 0 0 0 0 0 0 0 0 0 0 0]
[715321271918606776429525183315818102212123740871798519135026 0 0 1 0 0 0 0 0 0 0 0 0 0 0 0 0 0 0 0]
[399642590358862051513641179966596737339192766316691347677655 0 0 0 1 0 0 0 0 0 0 0 0 0 0 0 0 0 0 0]
[558009237648320395503046180668747291433181316939491517866372 0 0 0 0 1 0 0 0 0 0 0 0 0 0 0 0 0 0 0]
[592489763827886140715749025232549248453905178772220495649732 0 0 0 0 0 1 0 0 0 0 0 0 0 0 0 0 0 0 0]
[776316944560697478743579447290854664564562991623352133414340 0 0 0 0 0 0 1 0 0 0 0 0 0 0 0 0 0 0 0]
[731729936994169403061927541172833635910850489337076108613553 0 0 0 0 0 0 0 1 0 0 0 0 0 0 0 0 0 0 0]
[829772918683630124995273131056275869596815724941940657907295 0 0 0 0 0 0 0 0 1 0 0 0 0 0 0 0 0 0 0]
[585133595353753344002128998188142730611010277742832883869995 0 0 0 0 0 0 0 0 0 1 0 0 0 0 0 0 0 0 0]
[757364659468148154083399522486545316795240930362017852148882 0 0 0 0 0 0 0 0 0 0 1 0 0 0 0 0 0 0 0]
[470627076418480515118589863846901455541464058905590843218498 0 0 0 0 0 0 0 0 0 0 0 1 0 0 0 0 0 0 0]
[461815754293784456949716273863055103510529098450442829687904 0 0 0 0 0 0 0 0 0 0 0 0 1 0 0 0 0 0 0]
[260199894682407563933653559509862888495582036114851043205013 0 0 0 0 0 0 0 0 0 0 0 0 0 1 0 0 0 0 0]
[303246980152900505477701052667055191350704284560965335663129 0 0 0 0 0 0 0 0 0 0 0 0 0 0 1 0 0 0 0]
[618213667068465663630618756468214671210372135910319152586597 0 0 0 0 0 0 0 0 0 0 0 0 0 0 0 1 0 0 0]
[793413441068128644956260169176990909561601038544936376166654 0 0 0 0 0 0 0 0 0 0 0 0 0 0 0 0 1 0 0]
[761269820407521512605798856519097848059001936782031120395035 0 0 0 0 0 0 0 0 0 0 0 0 0 0 0 0 0 1 0]
[271473057294739383011903053764546060597443717204493646258245 0 0 0 0 0 0 0 0 0 0 0 0 0 0 0 0 0 0 1]
]
