[[1375591387673976822980751558399004565964310301921195421627731 0 0 0 0 0 0 0 0 0 0 0 0 0 0 0 0 0 0 0]
[6456536765557442333751683774365548779196440390665429726411 1 0 0 0 0 0 0 0 0 0 0 0 0 0 0 0 0 0 0]
[1111674882734010130341170369529393256359071294299636530655839 0 1 0 0 0 0 0 0 0 0 0 0 0 0 0 0 0 0 0]
[598308761477211676613338213190913300673974379770888648965009 0 0 1 0 0 0 0 0 0 0 0 0 0 0 0 0 0 0 0]
[638529487967308621271869528546010345854276097910912872143810 0 0 0 1 0 0 0 0 0 0 0 0 0 0 0 0 0 0 0]
[726198028944376081606546561101155289977683137262168789649474 0 0 0 0 1 0 0 0 0 0 0 0 0 0 0 0 0 0 0]
[528860234009508843802394690536398776577522685436268858843344 0 0 0 0 0 1 0 0 0 0 0 0 0 0 0 0 0 0 0]
[656883803470992655133789090277241691757162175498932023383108 0 0 0 0 0 0 1 0 0 0 0 0 0 0 0 0 0 0 0]
[344217032692110965926846298998786534572229458475150421791571 0 0 0 0 0 0 0 1 0 0 0 0 0 0 0 0 0 0 0]
[1315650625650734830958906200550682077281428405859945807451780 0 0 0 0 0 0 0 0 1 0 0 0 0 0 0 0 0 0 0]
[772522225038415472235718439016333223568203845179714532407634 0 0 0 0 0 0 0 0 0 1 0 0 0 0 0 0 0 0 0]
[25975898384809706748256737292737633917856190577568904557006 0 0 0 0 0 0 0 0 0 0 1 0 0 0 0 0 0 0 0]
[618494694362031869572210375915064457158997972393016282370267 0 0 0 0 0 0 0 0 0 0 0 1 0 0 0 0 0 0 0]
[1311993049355902795368388736214025504521687911663763264167350 0 0 0 0 0 0 0 0 0 0 0 0 1 0 0 0 0 0 0]
[1367558773272251070744913420396883625568119108401507004255347 0 0 0 0 0 0 0 0 0 0 0 0 0 1 0 0 0 0 0]
[1034355953911260901933153413274868368813201925550654419921756 0 0 0 0 0 0 0 0 0 0 0 0 0 0 1 0 0 0 0]
[641460174264766066112110618514780643449957482244745769869666 0 0 0 0 0 0 0 0 0 0 0 0 0 0 0 1 0 0 0]
[681863848958897772363550466840570296662108177602622290222416 0 0 0 0 0 0 0 0 0 0 0 0 0 0 0 0 1 0 0]
[1318914339932452684961643123778920880547524222956284307347965 0 0 0 0 0 0 0 0 0 0 0 0 0 0 0 0 0 1 0]
[849807757638014115752829759112255844565250184778198135315249 0 0 0 0 0 0 0 0 0 0 0 0 0 0 0 0 0 0 1]
]
