[[945326521592163276937313098553337638578040924342358669268651 0 0 0 0 0 0 0 0 0 0 0 0 0 0 0 0 0 0 0]
[89705312773140740717209195809961895826189882344205160114318 1 0 0 0 0 0 0 0 0 0 0 0 0 0 0 0 0 0 0]
[469723910837160746330360069355376226577592911068343577372645 0 1 0 0 0 0 0 0 0 0 0 0 0 0 0 0 0 0 0]
[126932907640399013835008965487513064055592388829199816375357 0 0 1 0 0 0 0 0 0 0 0 0 0 0 0 0 0 0 0]
[18068104733848767214916780437785194824432310098491410592798 0 0 0 1 0 0 0 0 0 0 0 0 0 0 0 0 0 0 0]
[643688601557415817623695671553076925215039740688394882497029 0 0 0 0 1 0 0 0 0 0 0 0 0 0 0 0 0 0 0]
[898132283538786312233144839351961781845572815160822279047348 0 0 0 0 0 1 0 0 0 0 0 0 0 0 0 0 0 0 0]
[253331952101383717584777598407690063679760155114700257620541 0 0 0 0 0 0 1 0 0 0 0 0 0 0 0 0 0 0 0]
[395038869201105944559855035237400508619776044384525130669377 0 0 0 0 0 0 0 1 0 0 0 0 0 0 0 0 0 0 0]
[569943736535468039087769678227414658642840372666614607182045 0 0 0 0 0 0 0 0 1 0 0 0 0 0 0 0 0 0 0]
[436153147236125359768545359057065249188563951336785128763558 0 0 0 0 0 0 0 0 0 1 0 0 0 0 0 0 0 0 0]
[502748829968875412304765931678420133025912413809379348607098 0 0 0 0 0 0 0 0 0 0 1 0 0 0 0 0 0 0 0]
[827986658914195520348448871530452010973359984865570142207294 0 0 0 0 0 0 0 0 0 0 0 1 0 0 0 0 0 0 0]
[234602683879050037743991455845361807647723931423696179311671 0 0 0 0 0 0 0 0 0 0 0 0 1 0 0 0 0 0 0]
[339450202937771346885275919303689168552702365365453214780448 0 0 0 0 0 0 0 0 0 0 0 0 0 1 0 0 0 0 0]
[48545408869196708264167680422806711610798614716727737359142 0 0 0 0 0 0 0 0 0 0 0 0 0 0 1 0 0 0 0]
[570378352668666295032965416090183456003566249610449514699485 0 0 0 0 0 0 0 0 0 0 0 0 0 0 0 1 0 0 0]
[326070582212486228425800697919049341185230022870961691522476 0 0 0 0 0 0 0 0 0 0 0 0 0 0 0 0 1 0 0]
[837826842860055054969009734729346128211320269268296866670998 0 0 0 0 0 0 0 0 0 0 0 0 0 0 0 0 0 1 0]
[360826806225038219282008222220654345853633612636292376059819 0 0 0 0 0 0 0 0 0 0 0 0 0 0 0 0 0 0 1]
]
