[[1363510859617219574506938492423866091652847253723541670845463 0 0 0 0 0 0 0 0 0 0 0 0 0 0 0 0 0 0 0]
[1179602997845967536548732645430025851453710758953861581473525 1 0 0 0 0 0 0 0 0 0 0 0 0 0 0 0 0 0 0]
[1171342948838413166697450932804765676114961624376430763322094 0 1 0 0 0 0 0 0 0 0 0 0 0 0 0 0 0 0 0]
[1133138360969575520231271141889058639113964448055133601859414 0 0 1 0 0 0 0 0 0 0 0 0 0 0 0 0 0 0 0]
[1140774122857346761005959296402126693311883277258370372705832 0 0 0 1 0 0 0 0 0 0 0 0 0 0 0 0 0 0 0]
[1151604793380009572508695207769469354500948169164927280964379 0 0 0 0 1 0 0 0 0 0 0 0 0 0 0 0 0 0 0]
[786709470070558435873885427930964808249961883848539692877829 0 0 0 0 0 1 0 0 0 0 0 0 0 0 0 0 0 0 0]
[1299368323317063714358857075246389857364499582843889016631678 0 0 0 0 0 0 1 0 0 0 0 0 0 0 0 0 0 0 0]
[367791933236093963663551766747182309471629436180213166809912 0 0 0 0 0 0 0 1 0 0 0 0 0 0 0 0 0 0 0]
[549607543465875646568489298327515525241421904023878550883675 0 0 0 0 0 0 0 0 1 0 0 0 0 0 0 0 0 0 0]
[1044469324104802120895577812804095012906811296441139663885254 0 0 0 0 0 0 0 0 0 1 0 0 0 0 0 0 0 0 0]
[367684876816740761737736963291731894671610650201668014327395 0 0 0 0 0 0 0 0 0 0 1 0 0 0 0 0 0 0 0]
[711045801540713106066336028275984907940971007446751530709734 0 0 0 0 0 0 0 0 0 0 0 1 0 0 0 0 0 0 0]
[1106127071872915441082805032379301380851112626950852924629108 0 0 0 0 0 0 0 0 0 0 0 0 1 0 0 0 0 0 0]
[1351946570070514656412489498807318489894316457735698835256731 0 0 0 0 0 0 0 0 0 0 0 0 0 1 0 0 0 0 0]
[1130732715239904975251306096717398078688174396730533757065988 0 0 0 0 0 0 0 0 0 0 0 0 0 0 1 0 0 0 0]
[405056839842030045732681093928034698537318601651826759548631 0 0 0 0 0 0 0 0 0 0 0 0 0 0 0 1 0 0 0]
[88089890008285261198009721640373990279920867582794289217374 0 0 0 0 0 0 0 0 0 0 0 0 0 0 0 0 1 0 0]
[1168564302150323188655061417642135396987051477612903663396273 0 0 0 0 0 0 0 0 0 0 0 0 0 0 0 0 0 1 0]
[1325677705128428510099315082892865334291565061487102960194832 0 0 0 0 0 0 0 0 0 0 0 0 0 0 0 0 0 0 1]
]
