[[868227026380940141671617024609655822915593705614218361287883 0 0 0 0 0 0 0 0 0 0 0 0 0 0 0 0 0 0 0]
[629709531005105554902334613864505283291136950412754821035664 1 0 0 0 0 0 0 0 0 0 0 0 0 0 0 0 0 0 0]
[800346317389249453729794818407183877079824111382198750268753 0 1 0 0 0 0 0 0 0 0 0 0 0 0 0 0 0 0 0]
[2091949155383698982728774823232295577556639537631533067751 0 0 1 0 0 0 0 0 0 0 0 0 0 0 0 0 0 0 0]
[440924107650051229373225902928805189147952027722239781250317 0 0 0 1 0 0 0 0 0 0 0 0 0 0 0 0 0 0 0]
[364981945399154626060040042147345826495071789137863458634616 0 0 0 0 1 0 0 0 0 0 0 0 0 0 0 0 0 0 0]
[766603815390066586276562592965986653823031803470234713363201 0 0 0 0 0 1 0 0 0 0 0 0 0 0 0 0 0 0 0]
[286917061735927074452454849161692364876182673657898335057796 0 0 0 0 0 0 1 0 0 0 0 0 0 0 0 0 0 0 0]
[103486351600979239446351216726548559017549588521693864735110 0 0 0 0 0 0 0 1 0 0 0 0 0 0 0 0 0 0 0]
[283561693302528848211189854257056883557451518742126786642227 0 0 0 0 0 0 0 0 1 0 0 0 0 0 0 0 0 0 0]
[136358558685660055544225506328145514981425304652989278305009 0 0 0 0 0 0 0 0 0 1 0 0 0 0 0 0 0 0 0]
[853453474895022046000723066198960255075739707649679020757516 0 0 0 0 0 0 0 0 0 0 1 0 0 0 0 0 0 0 0]
[39028871828405882470443323134675520099859300379283570015642 0 0 0 0 0 0 0 0 0 0 0 1 0 0 0 0 0 0 0]
[568766257129947643364792288110911180555317630694167568357739 0 0 0 0 0 0 0 0 0 0 0 0 1 0 0 0 0 0 0]
[611982847805412211249311021074139876080260523102831026836938 0 0 0 0 0 0 0 0 0 0 0 0 0 1 0 0 0 0 0]
[420146169774618865675449349731209054765672385432669177897017 0 0 0 0 0 0 0 0 0 0 0 0 0 0 1 0 0 0 0]
[778213525978351494698091699271356982325190171229938503496680 0 0 0 0 0 0 0 0 0 0 0 0 0 0 0 1 0 0 0]
[554118661758573079780040840972897311659227001578198025974040 0 0 0 0 0 0 0 0 0 0 0 0 0 0 0 0 1 0 0]
[338617535708117576509258380413818824591934753511707343327481 0 0 0 0 0 0 0 0 0 0 0 0 0 0 0 0 0 1 0]
[403957896006774782831838502140987458918244094720046608067048 0 0 0 0 0 0 0 0 0 0 0 0 0 0 0 0 0 0 1]
]
