[[986206498758380986018419948495076397121048001107591728014403 0 0 0 0 0 0 0 0 0 0 0 0 0 0 0 0 0 0 0]
[129959258866741042561208502921329175809287876001446714989220 1 0 0 0 0 0 0 0 0 0 0 0 0 0 0 0 0 0 0]
[30479131425263470749212443249793640873624091849907844146511 0 1 0 0 0 0 0 0 0 0 0 0 0 0 0 0 0 0 0]
[263471216136898536650053271503710340982375546416749390240587 0 0 1 0 0 0 0 0 0 0 0 0 0 0 0 0 0 0 0]
[107724762571740629179855047189366628400150198131085165082532 0 0 0 1 0 0 0 0 0 0 0 0 0 0 0 0 0 0 0]
[657175352887913217061659556641365908483347014720765380786112 0 0 0 0 1 0 0 0 0 0 0 0 0 0 0 0 0 0 0]
[136331977490648453073303527767909535172978233041161446638040 0 0 0 0 0 1 0 0 0 0 0 0 0 0 0 0 0 0 0]
[803126705972586853805025039836579233645144907889186204030624 0 0 0 0 0 0 1 0 0 0 0 0 0 0 0 0 0 0 0]
[690426834850974601762671103099887448625051785498809722237540 0 0 0 0 0 0 0 1 0 0 0 0 0 0 0 0 0 0 0]
[594788632119522809560943898351222482388998231233636948617792 0 0 0 0 0 0 0 0 1 0 0 0 0 0 0 0 0 0 0]
[254616268998706431866506402066189587946092125358814901705072 0 0 0 0 0 0 0 0 0 1 0 0 0 0 0 0 0 0 0]
[222309402954838980509277690887392748002299934720872983428336 0 0 0 0 0 0 0 0 0 0 1 0 0 0 0 0 0 0 0]
[649378578001073765987652558719419231283819874115382687528676 0 0 0 0 0 0 0 0 0 0 0 1 0 0 0 0 0 0 0]
[621270852354902958962931550891331348219381874842646950762416 0 0 0 0 0 0 0 0 0 0 0 0 1 0 0 0 0 0 0]
[25609337449069013714840516387471750923272582429889793349712 0 0 0 0 0 0 0 0 0 0 0 0 0 1 0 0 0 0 0]
[258679076240377109044881360887435296881945460039060766734815 0 0 0 0 0 0 0 0 0 0 0 0 0 0 1 0 0 0 0]
[298983629064587881853747109751553424022366651580469832725871 0 0 0 0 0 0 0 0 0 0 0 0 0 0 0 1 0 0 0]
[596563410485894329087294017483564067849660948467311826478636 0 0 0 0 0 0 0 0 0 0 0 0 0 0 0 0 1 0 0]
[32814332226346149892339265650432814041949114589323758543282 0 0 0 0 0 0 0 0 0 0 0 0 0 0 0 0 0 1 0]
[781540160295943906621587800486856759654273852718334508421341 0 0 0 0 0 0 0 0 0 0 0 0 0 0 0 0 0 0 1]
]
