[[1520847096644446443220193022514994706191883220385555867728477 0 0 0 0 0 0 0 0 0 0 0 0 0 0 0 0 0 0 0]
[643756344101071824610998849800620575916340159986012678054562 1 0 0 0 0 0 0 0 0 0 0 0 0 0 0 0 0 0 0]
[371154379877932519857374579131034161394060845580880679325858 0 1 0 0 0 0 0 0 0 0 0 0 0 0 0 0 0 0 0]
[838486550836072842304000906907704083076695488376242694011270 0 0 1 0 0 0 0 0 0 0 0 0 0 0 0 0 0 0 0]
[432035057544544725831909385902251680240513044588522453440522 0 0 0 1 0 0 0 0 0 0 0 0 0 0 0 0 0 0 0]
[881510329603505694894102209728444863824527368720519538505875 0 0 0 0 1 0 0 0 0 0 0 0 0 0 0 0 0 0 0]
[117674161067839579208164822630400700635939777051448625912575 0 0 0 0 0 1 0 0 0 0 0 0 0 0 0 0 0 0 0]
[6122327283383206436129524718049380280075197680887769367144 0 0 0 0 0 0 1 0 0 0 0 0 0 0 0 0 0 0 0]
[974233421219855702619882024374152126142071834228352368325410 0 0 0 0 0 0 0 1 0 0 0 0 0 0 0 0 0 0 0]
[1186438106177725201938030150966441260526320193786594211174613 0 0 0 0 0 0 0 0 1 0 0 0 0 0 0 0 0 0 0]
[1110201736681143389204422496220223195133600125255580483655130 0 0 0 0 0 0 0 0 0 1 0 0 0 0 0 0 0 0 0]
[1392117564870443098262750171937992293793651754070582079339681 0 0 0 0 0 0 0 0 0 0 1 0 0 0 0 0 0 0 0]
[713594079412295400147931169779427288942032143658239843000626 0 0 0 0 0 0 0 0 0 0 0 1 0 0 0 0 0 0 0]
[270938530717956457396364289955891544995222200345795322614494 0 0 0 0 0 0 0 0 0 0 0 0 1 0 0 0 0 0 0]
[1437736254996312192810924463726053780725105936243249465450125 0 0 0 0 0 0 0 0 0 0 0 0 0 1 0 0 0 0 0]
[597592772944350405309501433106483118563477635099258039414378 0 0 0 0 0 0 0 0 0 0 0 0 0 0 1 0 0 0 0]
[1401623107343830906805208928476261402285808230670440782805140 0 0 0 0 0 0 0 0 0 0 0 0 0 0 0 1 0 0 0]
[1073571333509200428507041125999540760599596316258930773889295 0 0 0 0 0 0 0 0 0 0 0 0 0 0 0 0 1 0 0]
[519619390985560698104914764983774495502190153049325330213637 0 0 0 0 0 0 0 0 0 0 0 0 0 0 0 0 0 1 0]
[636492841941437280881098281513131373777226684015771400692298 0 0 0 0 0 0 0 0 0 0 0 0 0 0 0 0 0 0 1]
]
