[[878580446252269309242270621646575709614632009020253315677337 0 0 0 0 0 0 0 0 0 0 0 0 0 0 0 0 0 0 0]
[231783467875580569836643747128117202403847657851707360283157 1 0 0 0 0 0 0 0 0 0 0 0 0 0 0 0 0 0 0]
[158917715870912462175062157863246871119846961574424465363164 0 1 0 0 0 0 0 0 0 0 0 0 0 0 0 0 0 0 0]
[758543998980648286379664217730434977003490619517581719957786 0 0 1 0 0 0 0 0 0 0 0 0 0 0 0 0 0 0 0]
[478549463522789410675054998070536483802604438679697354683843 0 0 0 1 0 0 0 0 0 0 0 0 0 0 0 0 0 0 0]
[418969866132726894616123936420994493392497912354590720873139 0 0 0 0 1 0 0 0 0 0 0 0 0 0 0 0 0 0 0]
[690839082327097536816944012137751900755382963210919657001202 0 0 0 0 0 1 0 0 0 0 0 0 0 0 0 0 0 0 0]
[518718974585534283104209315767866283959823524755372550358946 0 0 0 0 0 0 1 0 0 0 0 0 0 0 0 0 0 0 0]
[769300679090911114288244139691176207278235656225410039581967 0 0 0 0 0 0 0 1 0 0 0 0 0 0 0 0 0 0 0]
[19242620090087942254226919915949878593463661057189828308652 0 0 0 0 0 0 0 0 1 0 0 0 0 0 0 0 0 0 0]
[350859971236085329187282015742062307296942693933072135154676 0 0 0 0 0 0 0 0 0 1 0 0 0 0 0 0 0 0 0]
[311610194605626011181171016444428499176561785359303161530009 0 0 0 0 0 0 0 0 0 0 1 0 0 0 0 0 0 0 0]
[129640188445090069757632089579060874290013022848409969183171 0 0 0 0 0 0 0 0 0 0 0 1 0 0 0 0 0 0 0]
[631085406002004083052257576789792502596170302058761803341370 0 0 0 0 0 0 0 0 0 0 0 0 1 0 0 0 0 0 0]
[771991352435922590249534142475242074094020629348634446227879 0 0 0 0 0 0 0 0 0 0 0 0 0 1 0 0 0 0 0]
[647146331026796595038082271927537661324911162841392478492317 0 0 0 0 0 0 0 0 0 0 0 0 0 0 1 0 0 0 0]
[758093972741867881267071524338440464029226443616227658369800 0 0 0 0 0 0 0 0 0 0 0 0 0 0 0 1 0 0 0]
[190553278092654793315993526460486582639092459231984388875382 0 0 0 0 0 0 0 0 0 0 0 0 0 0 0 0 1 0 0]
[403602959271321252374604292241716441851816532198496406871070 0 0 0 0 0 0 0 0 0 0 0 0 0 0 0 0 0 1 0]
[102919092334625958642771938727004095970955603383208932659094 0 0 0 0 0 0 0 0 0 0 0 0 0 0 0 0 0 0 1]
]
