[[1565480535350306346800115736821036686241507063642723550020007 0 0 0 0 0 0 0 0 0 0 0 0 0 0 0 0 0 0 0]
[737464853210110960733209248949357375454887543109868131375211 1 0 0 0 0 0 0 0 0 0 0 0 0 0 0 0 0 0 0]
[435853385761534082875505188620122624594303474781166118371088 0 1 0 0 0 0 0 0 0 0 0 0 0 0 0 0 0 0 0]
[170026043140941004695131251165827740098219549996784783616575 0 0 1 0 0 0 0 0 0 0 0 0 0 0 0 0 0 0 0]
[176791700621716393422836773597940295122193228396162026723629 0 0 0 1 0 0 0 0 0 0 0 0 0 0 0 0 0 0 0]
[1532193783033457246483134664945962897374190531634473133675865 0 0 0 0 1 0 0 0 0 0 0 0 0 0 0 0 0 0 0]
[1409034037073220606043686221468859773690835552428124516501798 0 0 0 0 0 1 0 0 0 0 0 0 0 0 0 0 0 0 0]
[1023035795852695593350223262949438282303832621052058608385327 0 0 0 0 0 0 1 0 0 0 0 0 0 0 0 0 0 0 0]
[253032695473021867084641987322246541246973198586232750470400 0 0 0 0 0 0 0 1 0 0 0 0 0 0 0 0 0 0 0]
[1436369844620624895915861171435157683225868451748516287667430 0 0 0 0 0 0 0 0 1 0 0 0 0 0 0 0 0 0 0]
[528382740240960521793432860393230964353875392959533743414805 0 0 0 0 0 0 0 0 0 1 0 0 0 0 0 0 0 0 0]
[137968999393494591013235103192423359628351630611039373049960 0 0 0 0 0 0 0 0 0 0 1 0 0 0 0 0 0 0 0]
[1233112091857065653185857688040593757698263292441641412243560 0 0 0 0 0 0 0 0 0 0 0 1 0 0 0 0 0 0 0]
[1413862155902737114154324853424419205424119902532809382165969 0 0 0 0 0 0 0 0 0 0 0 0 1 0 0 0 0 0 0]
[2306100306127861271151036522885993022040510576790015173712 0 0 0 0 0 0 0 0 0 0 0 0 0 1 0 0 0 0 0]
[508027868910894931130285600154426654119732302282732016231545 0 0 0 0 0 0 0 0 0 0 0 0 0 0 1 0 0 0 0]
[578814894058522543719201934640063392048971585735097258668846 0 0 0 0 0 0 0 0 0 0 0 0 0 0 0 1 0 0 0]
[1093867937182735224240717410298998073538804170920309676666812 0 0 0 0 0 0 0 0 0 0 0 0 0 0 0 0 1 0 0]
[1344001235695506697577967406977684078899532301501525840508968 0 0 0 0 0 0 0 0 0 0 0 0 0 0 0 0 0 1 0]
[320181866484247305057873520384002126378018396057337790970489 0 0 0 0 0 0 0 0 0 0 0 0 0 0 0 0 0 0 1]
]
