[[1564273912769600868183102370613222414939152765796005103412733 0 0 0 0 0 0 0 0 0 0 0 0 0 0 0 0 0 0 0]
[1260361594261000675447619686709506912534121602865294461773619 1 0 0 0 0 0 0 0 0 0 0 0 0 0 0 0 0 0 0]
[632358072241103951935620675008887079751302153399726464403512 0 1 0 0 0 0 0 0 0 0 0 0 0 0 0 0 0 0 0]
[996618525185545824986896816223169714275089833299468745366536 0 0 1 0 0 0 0 0 0 0 0 0 0 0 0 0 0 0 0]
[1529081177115723858133320773297607613098183467401490812952784 0 0 0 1 0 0 0 0 0 0 0 0 0 0 0 0 0 0 0]
[378294977587548652357085660149542325713268174225250932857291 0 0 0 0 1 0 0 0 0 0 0 0 0 0 0 0 0 0 0]
[282800643716201583629795768636207268108708433132963192486858 0 0 0 0 0 1 0 0 0 0 0 0 0 0 0 0 0 0 0]
[806764125501818597488707812669627439842066714638099901253213 0 0 0 0 0 0 1 0 0 0 0 0 0 0 0 0 0 0 0]
[183465726027916301053007729184302828626619157582812324232166 0 0 0 0 0 0 0 1 0 0 0 0 0 0 0 0 0 0 0]
[932643636441830627744458453068098868228969223407210327363249 0 0 0 0 0 0 0 0 1 0 0 0 0 0 0 0 0 0 0]
[99586302787912079569775364157340781501693512937177947105246 0 0 0 0 0 0 0 0 0 1 0 0 0 0 0 0 0 0 0]
[1396398934232668080935881925384215042753125135146466144225503 0 0 0 0 0 0 0 0 0 0 1 0 0 0 0 0 0 0 0]
[715947597290940604793283771522966469634830923148053756171842 0 0 0 0 0 0 0 0 0 0 0 1 0 0 0 0 0 0 0]
[762670923017119174770908522430276464743650431523773444306922 0 0 0 0 0 0 0 0 0 0 0 0 1 0 0 0 0 0 0]
[1445549288133815129419732583515352804744271219780233036135631 0 0 0 0 0 0 0 0 0 0 0 0 0 1 0 0 0 0 0]
[329204478442727694898832116503782790415814209307583128348014 0 0 0 0 0 0 0 0 0 0 0 0 0 0 1 0 0 0 0]
[1247509963332543851391552026587439496582106357952019769598539 0 0 0 0 0 0 0 0 0 0 0 0 0 0 0 1 0 0 0]
[1273783821710205792355073672126804165618909637469176335434690 0 0 0 0 0 0 0 0 0 0 0 0 0 0 0 0 1 0 0]
[431175052713962785877477999784013795721566034483040526991084 0 0 0 0 0 0 0 0 0 0 0 0 0 0 0 0 0 1 0]
[116413857293224806181200664068957397456717173874704350709269 0 0 0 0 0 0 0 0 0 0 0 0 0 0 0 0 0 0 1]
]
