[[1536799375098373099597056135254243603734889216342189489747131 0 0 0 0 0 0 0 0 0 0 0 0 0 0 0 0 0 0 0]
[403382134862970088517928929184530357384940170084319441885662 1 0 0 0 0 0 0 0 0 0 0 0 0 0 0 0 0 0 0]
[647153605549506468265451922673519174933798063468441779637504 0 1 0 0 0 0 0 0 0 0 0 0 0 0 0 0 0 0 0]
[623727327016048682264493682765381177155211064691028796528190 0 0 1 0 0 0 0 0 0 0 0 0 0 0 0 0 0 0 0]
[431073316844390471851405398279051487562211868045360340758638 0 0 0 1 0 0 0 0 0 0 0 0 0 0 0 0 0 0 0]
[1212133916377226016620491364915859888670686607858261918947259 0 0 0 0 1 0 0 0 0 0 0 0 0 0 0 0 0 0 0]
[380726649044262545456379429347117995286283892031437940645664 0 0 0 0 0 1 0 0 0 0 0 0 0 0 0 0 0 0 0]
[1505731179985785928763659749198108408218048385910540077142989 0 0 0 0 0 0 1 0 0 0 0 0 0 0 0 0 0 0 0]
[248895696647315318561751929440975439663494855860722143606943 0 0 0 0 0 0 0 1 0 0 0 0 0 0 0 0 0 0 0]
[771135018223529667239058324437101808289492447312194885107247 0 0 0 0 0 0 0 0 1 0 0 0 0 0 0 0 0 0 0]
[67532946883224000294361083560761170258373216582723921439037 0 0 0 0 0 0 0 0 0 1 0 0 0 0 0 0 0 0 0]
[1044967976388036375992870530998797071161581081182910191689573 0 0 0 0 0 0 0 0 0 0 1 0 0 0 0 0 0 0 0]
[1345665287703821834109573708625131002664904471893745539255202 0 0 0 0 0 0 0 0 0 0 0 1 0 0 0 0 0 0 0]
[251284414627072099187707355226395947104291745686059267900957 0 0 0 0 0 0 0 0 0 0 0 0 1 0 0 0 0 0 0]
[1023669817926588699338044783263479517763697067865080843468048 0 0 0 0 0 0 0 0 0 0 0 0 0 1 0 0 0 0 0]
[1052444615006393666524465607720085370687115170423232241167255 0 0 0 0 0 0 0 0 0 0 0 0 0 0 1 0 0 0 0]
[110322659514829827548466073982561484761070901410179218500178 0 0 0 0 0 0 0 0 0 0 0 0 0 0 0 1 0 0 0]
[626089549822752543541436713739977756530384580116139744049452 0 0 0 0 0 0 0 0 0 0 0 0 0 0 0 0 1 0 0]
[1249567636025947177746140419371565565822054362984388373555938 0 0 0 0 0 0 0 0 0 0 0 0 0 0 0 0 0 1 0]
[1364458713087598509325897467693391375617755842281377617694753 0 0 0 0 0 0 0 0 0 0 0 0 0 0 0 0 0 0 1]
]
