[[1394773113594307343967338377640948546899837608902625809425483 0 0 0 0 0 0 0 0 0 0 0 0 0 0 0 0 0 0 0]
[1105095071185850691149213411044963270196581316157146199322357 1 0 0 0 0 0 0 0 0 0 0 0 0 0 0 0 0 0 0]
[1003945844822275308767411891466255496925883453580218051624478 0 1 0 0 0 0 0 0 0 0 0 0 0 0 0 0 0 0 0]
[1256979755742143245869928592652324146752160747905246256356074 0 0 1 0 0 0 0 0 0 0 0 0 0 0 0 0 0 0 0]
[687411728034919157247150251518706676665423122071175769326048 0 0 0 1 0 0 0 0 0 0 0 0 0 0 0 0 0 0 0]
[669806385990940245375282331616878728572468427445210608640512 0 0 0 0 1 0 0 0 0 0 0 0 0 0 0 0 0 0 0]
[914237360704534401165685189339418526220923945954686206304309 0 0 0 0 0 1 0 0 0 0 0 0 0 0 0 0 0 0 0]
[1049218807400834669800114087100312454375259049168280171598259 0 0 0 0 0 0 1 0 0 0 0 0 0 0 0 0 0 0 0]
[471636933629028222754887144463790505509929294359301821643972 0 0 0 0 0 0 0 1 0 0 0 0 0 0 0 0 0 0 0]
[1268190518241396956161342619051093058989075001701172215419137 0 0 0 0 0 0 0 0 1 0 0 0 0 0 0 0 0 0 0]
[1239105864633097447154940623161911518822271447718129570422786 0 0 0 0 0 0 0 0 0 1 0 0 0 0 0 0 0 0 0]
[1290746853308456952309615909669494204143835867592761873848907 0 0 0 0 0 0 0 0 0 0 1 0 0 0 0 0 0 0 0]
[544423440892180333985420897803699094778043789603616526092547 0 0 0 0 0 0 0 0 0 0 0 1 0 0 0 0 0 0 0]
[692939645165461743517335722720989679459708190375008241000594 0 0 0 0 0 0 0 0 0 0 0 0 1 0 0 0 0 0 0]
[259872405861964126951406942480438375030945365639256778498103 0 0 0 0 0 0 0 0 0 0 0 0 0 1 0 0 0 0 0]
[72604455899694298194905375724027224620226162545764642686268 0 0 0 0 0 0 0 0 0 0 0 0 0 0 1 0 0 0 0]
[51181526544238150311497470723364414679379900598013807147665 0 0 0 0 0 0 0 0 0 0 0 0 0 0 0 1 0 0 0]
[799185132399553859975667803010664252998532706240084176063401 0 0 0 0 0 0 0 0 0 0 0 0 0 0 0 0 1 0 0]
[1061835958015460887421797835505279503692704996708551584894018 0 0 0 0 0 0 0 0 0 0 0 0 0 0 0 0 0 1 0]
[13098601359968573929555132804033664198077839296229702053745 0 0 0 0 0 0 0 0 0 0 0 0 0 0 0 0 0 0 1]
]
