[[1237876814362837076914370851328079992543771290586336307592399 0 0 0 0 0 0 0 0 0 0 0 0 0 0 0 0 0 0 0]
[680556824371267316893970083607123636977489706410541121959873 1 0 0 0 0 0 0 0 0 0 0 0 0 0 0 0 0 0 0]
[981713545047887950232192670355667899287166889385865611341 0 1 0 0 0 0 0 0 0 0 0 0 0 0 0 0 0 0 0]
[203934492780457284706212240325038326470653061405911576725912 0 0 1 0 0 0 0 0 0 0 0 0 0 0 0 0 0 0 0]
[406454635206687320078874480649479245284593624059340194488009 0 0 0 1 0 0 0 0 0 0 0 0 0 0 0 0 0 0 0]
[856396614048821464056028476064610098770743435232362554890219 0 0 0 0 1 0 0 0 0 0 0 0 0 0 0 0 0 0 0]
[552396055285368304979164156689244868662045090161720125424722 0 0 0 0 0 1 0 0 0 0 0 0 0 0 0 0 0 0 0]
[1200339823020998389812319554088717081758992382956871015988140 0 0 0 0 0 0 1 0 0 0 0 0 0 0 0 0 0 0 0]
[760519158345845535987818092796340447664414372948321506708171 0 0 0 0 0 0 0 1 0 0 0 0 0 0 0 0 0 0 0]
[1121854072014109016839159183581820142889893134423259165763238 0 0 0 0 0 0 0 0 1 0 0 0 0 0 0 0 0 0 0]
[992676147363876898868321043486540115867750556997384473191949 0 0 0 0 0 0 0 0 0 1 0 0 0 0 0 0 0 0 0]
[1024814331258383734780482391220288580195606316428885579142630 0 0 0 0 0 0 0 0 0 0 1 0 0 0 0 0 0 0 0]
[556289257755433143812116709287409857599236176013546999256271 0 0 0 0 0 0 0 0 0 0 0 1 0 0 0 0 0 0 0]
[1149405837103288278094244252080462418824141478520872468317365 0 0 0 0 0 0 0 0 0 0 0 0 1 0 0 0 0 0 0]
[1136150593819933506333043051280373818684818515808400828138956 0 0 0 0 0 0 0 0 0 0 0 0 0 1 0 0 0 0 0]
[1003454504772179003221450794418928650467369088721878655474169 0 0 0 0 0 0 0 0 0 0 0 0 0 0 1 0 0 0 0]
[1205780774827905224527219624282529318183887243873349616599911 0 0 0 0 0 0 0 0 0 0 0 0 0 0 0 1 0 0 0]
[6052421042673405416200727472902974902559552521661049061947 0 0 0 0 0 0 0 0 0 0 0 0 0 0 0 0 1 0 0]
[372135679193388980966050378654513473717795790299949844807289 0 0 0 0 0 0 0 0 0 0 0 0 0 0 0 0 0 1 0]
[874355886124116630307610362594378483497524782179397401072023 0 0 0 0 0 0 0 0 0 0 0 0 0 0 0 0 0 0 1]
]
