[[1081680569984222897279049069731186545231798171688674425860971 0 0 0 0 0 0 0 0 0 0 0 0 0 0 0 0 0 0 0]
[1000556366716872315390467143965123044863252976722957906112094 1 0 0 0 0 0 0 0 0 0 0 0 0 0 0 0 0 0 0]
[1048496772187512244441407943458871575410437357686317655717469 0 1 0 0 0 0 0 0 0 0 0 0 0 0 0 0 0 0 0]
[138318578792106309154131827211409049310219021697842108091549 0 0 1 0 0 0 0 0 0 0 0 0 0 0 0 0 0 0 0]
[890981578061680616780476275526268795636116052302778183070047 0 0 0 1 0 0 0 0 0 0 0 0 0 0 0 0 0 0 0]
[562044499517671730267530690017644623575375346500157262936889 0 0 0 0 1 0 0 0 0 0 0 0 0 0 0 0 0 0 0]
[275748061312596978214872477502500879273613166698083697254427 0 0 0 0 0 1 0 0 0 0 0 0 0 0 0 0 0 0 0]
[439051719349952213364350414407342320459296424868929675871652 0 0 0 0 0 0 1 0 0 0 0 0 0 0 0 0 0 0 0]
[978462925731026146539170855249108477330332588671333839012021 0 0 0 0 0 0 0 1 0 0 0 0 0 0 0 0 0 0 0]
[409549083987315806922533936122170113348433213718689000363412 0 0 0 0 0 0 0 0 1 0 0 0 0 0 0 0 0 0 0]
[984222336019498045155282122772480307135319916236197081153526 0 0 0 0 0 0 0 0 0 1 0 0 0 0 0 0 0 0 0]
[716231667182159728150661929661245976050115631424777147595260 0 0 0 0 0 0 0 0 0 0 1 0 0 0 0 0 0 0 0]
[962988041644420703522582936836606144654200912308515742348457 0 0 0 0 0 0 0 0 0 0 0 1 0 0 0 0 0 0 0]
[318005552658197895866197036944925299019502766444989160525644 0 0 0 0 0 0 0 0 0 0 0 0 1 0 0 0 0 0 0]
[204529274958900047159096740842436950232257779092082897911437 0 0 0 0 0 0 0 0 0 0 0 0 0 1 0 0 0 0 0]
[360106226343995585750006650959698569906930695089258370430859 0 0 0 0 0 0 0 0 0 0 0 0 0 0 1 0 0 0 0]
[490130899018658164913319965623048565011167706218483035206251 0 0 0 0 0 0 0 0 0 0 0 0 0 0 0 1 0 0 0]
[298759448913558401999321262242686116369349292414359292387170 0 0 0 0 0 0 0 0 0 0 0 0 0 0 0 0 1 0 0]
[162873980806688011402664050347794782827033729598285103479027 0 0 0 0 0 0 0 0 0 0 0 0 0 0 0 0 0 1 0]
[736673604678914492022964134052986352728658554593345593892006 0 0 0 0 0 0 0 0 0 0 0 0 0 0 0 0 0 0 1]
]
