[[1124267912911856753954979174209680243750315548165016934437283 0 0 0 0 0 0 0 0 0 0 0 0 0 0 0 0 0 0 0]
[140875694237760686624505877833111853877460746690136305701370 1 0 0 0 0 0 0 0 0 0 0 0 0 0 0 0 0 0 0]
[533881463229455537828750309839516449873896356056273591516728 0 1 0 0 0 0 0 0 0 0 0 0 0 0 0 0 0 0 0]
[624433500436012448338968638491905571574166919989049208811728 0 0 1 0 0 0 0 0 0 0 0 0 0 0 0 0 0 0 0]
[623977566960813309160706452189728852142943322677920310797228 0 0 0 1 0 0 0 0 0 0 0 0 0 0 0 0 0 0 0]
[226749604734317826459932832401931601019417582533555011361550 0 0 0 0 1 0 0 0 0 0 0 0 0 0 0 0 0 0 0]
[1071831247603580374402760604374088113402431755286262968588878 0 0 0 0 0 1 0 0 0 0 0 0 0 0 0 0 0 0 0]
[701801016540222943853023989250868896964284725791721959372294 0 0 0 0 0 0 1 0 0 0 0 0 0 0 0 0 0 0 0]
[220791935239227581455431449269083617680137214645480893428874 0 0 0 0 0 0 0 1 0 0 0 0 0 0 0 0 0 0 0]
[1066403642159896307407337843181514481458079295165068305132482 0 0 0 0 0 0 0 0 1 0 0 0 0 0 0 0 0 0 0]
[794085922509874346668359884757834078742644718660630698938796 0 0 0 0 0 0 0 0 0 1 0 0 0 0 0 0 0 0 0]
[891141155802833066670024268890113740074277734793444613995505 0 0 0 0 0 0 0 0 0 0 1 0 0 0 0 0 0 0 0]
[327401414662787757174885978184377231920398374057137789958509 0 0 0 0 0 0 0 0 0 0 0 1 0 0 0 0 0 0 0]
[255811170246050172999275751516105765804434350601368807102026 0 0 0 0 0 0 0 0 0 0 0 0 1 0 0 0 0 0 0]
[558784112475455692008383066332477057993334777076576726066483 0 0 0 0 0 0 0 0 0 0 0 0 0 1 0 0 0 0 0]
[475699139988780103658333154832097844526712280837852234845405 0 0 0 0 0 0 0 0 0 0 0 0 0 0 1 0 0 0 0]
[410145791411372951882488916127696121257790071061193714366451 0 0 0 0 0 0 0 0 0 0 0 0 0 0 0 1 0 0 0]
[36491151999457082325907789194719324247942404631944976723254 0 0 0 0 0 0 0 0 0 0 0 0 0 0 0 0 1 0 0]
[642024036855245677757633723208138887324021966588349508994759 0 0 0 0 0 0 0 0 0 0 0 0 0 0 0 0 0 1 0]
[679470611170043592795786795443049786387593002635821283840015 0 0 0 0 0 0 0 0 0 0 0 0 0 0 0 0 0 0 1]
]
