[[1290058692079048290910408748434918817991300251614287887668411 0 0 0 0 0 0 0 0 0 0 0 0 0 0 0 0 0 0 0]
[376259454707776868249511610873086481419681449711665637870545 1 0 0 0 0 0 0 0 0 0 0 0 0 0 0 0 0 0 0]
[401659431479022677364489891797496934359418734272862407983985 0 1 0 0 0 0 0 0 0 0 0 0 0 0 0 0 0 0 0]
[996756037103273239861043486393530978295282141433847944498932 0 0 1 0 0 0 0 0 0 0 0 0 0 0 0 0 0 0 0]
[61689087795738934479034696207682299943701571600938018433696 0 0 0 1 0 0 0 0 0 0 0 0 0 0 0 0 0 0 0]
[399310128903268694292284152760879126870368473273022569615678 0 0 0 0 1 0 0 0 0 0 0 0 0 0 0 0 0 0 0]
[1067719526520703248308647282170288823195983385081765935818632 0 0 0 0 0 1 0 0 0 0 0 0 0 0 0 0 0 0 0]
[485650178541509119988440651382758306315346794522188576188714 0 0 0 0 0 0 1 0 0 0 0 0 0 0 0 0 0 0 0]
[474190429678023793849201202633982324336522094945599686959373 0 0 0 0 0 0 0 1 0 0 0 0 0 0 0 0 0 0 0]
[421420280226281482124097888386054064090965077765412530941214 0 0 0 0 0 0 0 0 1 0 0 0 0 0 0 0 0 0 0]
[1083850497390297991398060180729170080959355072398020079946305 0 0 0 0 0 0 0 0 0 1 0 0 0 0 0 0 0 0 0]
[961528834871836761604702760807595153142987249991554665455840 0 0 0 0 0 0 0 0 0 0 1 0 0 0 0 0 0 0 0]
[980979353487469763014750129100046935825644997275869711692515 0 0 0 0 0 0 0 0 0 0 0 1 0 0 0 0 0 0 0]
[113599321964400931402960177133880710704739335298993318117922 0 0 0 0 0 0 0 0 0 0 0 0 1 0 0 0 0 0 0]
[203020671963634708483681854850009571832959762955388076505978 0 0 0 0 0 0 0 0 0 0 0 0 0 1 0 0 0 0 0]
[849328745998696431375896457673280259693736464426519964345835 0 0 0 0 0 0 0 0 0 0 0 0 0 0 1 0 0 0 0]
[1222295563268453986796079997349464861822454722936824899854495 0 0 0 0 0 0 0 0 0 0 0 0 0 0 0 1 0 0 0]
[276688192841832688698899250856842296906082723885162239739015 0 0 0 0 0 0 0 0 0 0 0 0 0 0 0 0 1 0 0]
[181219762084508822831670064823620656507486815500888480058562 0 0 0 0 0 0 0 0 0 0 0 0 0 0 0 0 0 1 0]
[733296653369253552164400707143978085798366400690838325096812 0 0 0 0 0 0 0 0 0 0 0 0 0 0 0 0 0 0 1]
]
