[[1075757879468547326259796447810783935978640819081530648091447 0 0 0 0 0 0 0 0 0 0 0 0 0 0 0 0 0 0 0]
[590831673401879695400033562257076494618478709995927750508297 1 0 0 0 0 0 0 0 0 0 0 0 0 0 0 0 0 0 0]
[126452506086069621238123980341545732985543953564377791249387 0 1 0 0 0 0 0 0 0 0 0 0 0 0 0 0 0 0 0]
[601423322259620101320895018567401326934877940673841325775075 0 0 1 0 0 0 0 0 0 0 0 0 0 0 0 0 0 0 0]
[293068059638784082688876068723522502884688839144437539236899 0 0 0 1 0 0 0 0 0 0 0 0 0 0 0 0 0 0 0]
[577890256022758065761659792978755004042017599069325306455773 0 0 0 0 1 0 0 0 0 0 0 0 0 0 0 0 0 0 0]
[598138369653685625338975473675661716315829200498132160647706 0 0 0 0 0 1 0 0 0 0 0 0 0 0 0 0 0 0 0]
[915235687529769221219973427733620379301788065572033808765652 0 0 0 0 0 0 1 0 0 0 0 0 0 0 0 0 0 0 0]
[560695554551968837062565263704288141128335566616580659546277 0 0 0 0 0 0 0 1 0 0 0 0 0 0 0 0 0 0 0]
[1036942637937456774176249580117935789300249938673884824726705 0 0 0 0 0 0 0 0 1 0 0 0 0 0 0 0 0 0 0]
[902086059708905617636180520325130174203239005484773873815913 0 0 0 0 0 0 0 0 0 1 0 0 0 0 0 0 0 0 0]
[72377529096756610251273214083139196922583380993861859194511 0 0 0 0 0 0 0 0 0 0 1 0 0 0 0 0 0 0 0]
[648371431484073021782823689053872551079880223655843592468887 0 0 0 0 0 0 0 0 0 0 0 1 0 0 0 0 0 0 0]
[720533273097481842823551767834440230696618429013271678735896 0 0 0 0 0 0 0 0 0 0 0 0 1 0 0 0 0 0 0]
[483835210643979090803942493746717188724273949084008083318646 0 0 0 0 0 0 0 0 0 0 0 0 0 1 0 0 0 0 0]
[795931241489022183646350195890696988097073976422007513907607 0 0 0 0 0 0 0 0 0 0 0 0 0 0 1 0 0 0 0]
[812975014360139665001615797637623629757254043098885711218997 0 0 0 0 0 0 0 0 0 0 0 0 0 0 0 1 0 0 0]
[952212835706721661879180998752443005994660417101117043047527 0 0 0 0 0 0 0 0 0 0 0 0 0 0 0 0 1 0 0]
[17623615858338490043458677706568654685124388700073800853834 0 0 0 0 0 0 0 0 0 0 0 0 0 0 0 0 0 1 0]
[656583194751061595840545266681222545475085463215083856491754 0 0 0 0 0 0 0 0 0 0 0 0 0 0 0 0 0 0 1]
]
