[[1436308035672331862356852387460544193172559540023153171184607 0 0 0 0 0 0 0 0 0 0 0 0 0 0 0 0 0 0 0]
[788477846257123850501431276707154126759411418483872969358498 1 0 0 0 0 0 0 0 0 0 0 0 0 0 0 0 0 0 0]
[257490879520843475378571959361025990916043044911482988929280 0 1 0 0 0 0 0 0 0 0 0 0 0 0 0 0 0 0 0]
[1335104801210259210894296640449798136685480229859757640661015 0 0 1 0 0 0 0 0 0 0 0 0 0 0 0 0 0 0 0]
[541451340625087271432661996619212919044447348284431170742867 0 0 0 1 0 0 0 0 0 0 0 0 0 0 0 0 0 0 0]
[1383350964595691566439214541691946900619384591681909058287205 0 0 0 0 1 0 0 0 0 0 0 0 0 0 0 0 0 0 0]
[330698939038214757218009278116967071446554039683191374500317 0 0 0 0 0 1 0 0 0 0 0 0 0 0 0 0 0 0 0]
[1339212206089848842817524280466780636464397675749237966728132 0 0 0 0 0 0 1 0 0 0 0 0 0 0 0 0 0 0 0]
[1199504297555870911649013154793766725548899923678214264153630 0 0 0 0 0 0 0 1 0 0 0 0 0 0 0 0 0 0 0]
[798360252573717358308425612939545873640969116188669949583328 0 0 0 0 0 0 0 0 1 0 0 0 0 0 0 0 0 0 0]
[328738122737515356991958434007061260828590479370042171568586 0 0 0 0 0 0 0 0 0 1 0 0 0 0 0 0 0 0 0]
[544283327596416489553951467064824345587240105293214713810616 0 0 0 0 0 0 0 0 0 0 1 0 0 0 0 0 0 0 0]
[157741403137293793875337010887761629776180599727230149160832 0 0 0 0 0 0 0 0 0 0 0 1 0 0 0 0 0 0 0]
[312738539810212906944316255317512712760854064454295691037406 0 0 0 0 0 0 0 0 0 0 0 0 1 0 0 0 0 0 0]
[626898258246489913640530255164403507244816876087588692558812 0 0 0 0 0 0 0 0 0 0 0 0 0 1 0 0 0 0 0]
[1025559942294243044798949653261274540743172384634775634060683 0 0 0 0 0 0 0 0 0 0 0 0 0 0 1 0 0 0 0]
[1004058736355134905876545375991228022080020090459476764577112 0 0 0 0 0 0 0 0 0 0 0 0 0 0 0 1 0 0 0]
[1042854110893382581382734846623416171677158592282819883753559 0 0 0 0 0 0 0 0 0 0 0 0 0 0 0 0 1 0 0]
[216635783307743522849758228406291545654937937396060738402445 0 0 0 0 0 0 0 0 0 0 0 0 0 0 0 0 0 1 0]
[408135694353866548180024412978772841992930753183137192427024 0 0 0 0 0 0 0 0 0 0 0 0 0 0 0 0 0 0 1]
]
