[[1146927555739207166373934235498729581102277125570805383169327 0 0 0 0 0 0 0 0 0 0 0 0 0 0 0 0 0 0 0]
[1019284540444657765907292139740046358625495821885787512192357 1 0 0 0 0 0 0 0 0 0 0 0 0 0 0 0 0 0 0]
[747584554334596865889678100365023201207704872588761695248501 0 1 0 0 0 0 0 0 0 0 0 0 0 0 0 0 0 0 0]
[1138056258128530839082622813990398873219264933857257024987491 0 0 1 0 0 0 0 0 0 0 0 0 0 0 0 0 0 0 0]
[143442962943395815330129190331615602647815810829481528951864 0 0 0 1 0 0 0 0 0 0 0 0 0 0 0 0 0 0 0]
[761023782403215378283430090698242637715461505385089734992322 0 0 0 0 1 0 0 0 0 0 0 0 0 0 0 0 0 0 0]
[131278696071296878609636110253741454665584273021891529489552 0 0 0 0 0 1 0 0 0 0 0 0 0 0 0 0 0 0 0]
[914789471107727951201559093045346162804879783929649558064515 0 0 0 0 0 0 1 0 0 0 0 0 0 0 0 0 0 0 0]
[778215818949699253994524373528059236016804656819440142688469 0 0 0 0 0 0 0 1 0 0 0 0 0 0 0 0 0 0 0]
[39788809803233018428824773854424570541106103240563920483054 0 0 0 0 0 0 0 0 1 0 0 0 0 0 0 0 0 0 0]
[459006235947186101517867287839067192127014880784428177455080 0 0 0 0 0 0 0 0 0 1 0 0 0 0 0 0 0 0 0]
[376894871477314717274309367873186600845749124399802383450931 0 0 0 0 0 0 0 0 0 0 1 0 0 0 0 0 0 0 0]
[971418662388943405552265159426078598309571909547975910704729 0 0 0 0 0 0 0 0 0 0 0 1 0 0 0 0 0 0 0]
[1044129513013098115781772156631206799750880910166287573704589 0 0 0 0 0 0 0 0 0 0 0 0 1 0 0 0 0 0 0]
[348239270583173272228820230240613839667166595205926857336063 0 0 0 0 0 0 0 0 0 0 0 0 0 1 0 0 0 0 0]
[553124301307216239275259100440604487379618036516838102369577 0 0 0 0 0 0 0 0 0 0 0 0 0 0 1 0 0 0 0]
[122761421169715863979834632781836311521515818373377435729184 0 0 0 0 0 0 0 0 0 0 0 0 0 0 0 1 0 0 0]
[998842656660662694951154989211493107894765853735864253461395 0 0 0 0 0 0 0 0 0 0 0 0 0 0 0 0 1 0 0]
[936663628425274736844619799541927953207546274993587724086580 0 0 0 0 0 0 0 0 0 0 0 0 0 0 0 0 0 1 0]
[137680821672443430341270781164436238907112463402954255677106 0 0 0 0 0 0 0 0 0 0 0 0 0 0 0 0 0 0 1]
]
