[[1395205151237774353964728322975939506499685156856688320327009 0 0 0 0 0 0 0 0 0 0 0 0 0 0 0 0 0 0 0]
[399429482256847381539612394233756207916842365827012147759761 1 0 0 0 0 0 0 0 0 0 0 0 0 0 0 0 0 0 0]
[638239897353375374496163253545124043127537804109728281301191 0 1 0 0 0 0 0 0 0 0 0 0 0 0 0 0 0 0 0]
[1192993192622739988625870380691198062563614452436781750644963 0 0 1 0 0 0 0 0 0 0 0 0 0 0 0 0 0 0 0]
[398056113233990584385736198504453474708861344818805812285557 0 0 0 1 0 0 0 0 0 0 0 0 0 0 0 0 0 0 0]
[79265236692806131710725890858865947061040054704529711262887 0 0 0 0 1 0 0 0 0 0 0 0 0 0 0 0 0 0 0]
[980699382164605266014772360902846507029419766618337857107558 0 0 0 0 0 1 0 0 0 0 0 0 0 0 0 0 0 0 0]
[371863746851869435847462544100270605106474051226513545880180 0 0 0 0 0 0 1 0 0 0 0 0 0 0 0 0 0 0 0]
[1177240219091251164051094076398670185189917635184292664232808 0 0 0 0 0 0 0 1 0 0 0 0 0 0 0 0 0 0 0]
[1268892806878488325545733226940502883555701532545161934049263 0 0 0 0 0 0 0 0 1 0 0 0 0 0 0 0 0 0 0]
[5935173547795347263377012359419261484230988408672827338820 0 0 0 0 0 0 0 0 0 1 0 0 0 0 0 0 0 0 0]
[935095959907934459591007205623920622281157848486444030770245 0 0 0 0 0 0 0 0 0 0 1 0 0 0 0 0 0 0 0]
[336236568714446965058015162442737212168884088404353435600344 0 0 0 0 0 0 0 0 0 0 0 1 0 0 0 0 0 0 0]
[981539159856861983003319864418436913031110468849478759804543 0 0 0 0 0 0 0 0 0 0 0 0 1 0 0 0 0 0 0]
[337534240038964445174274028255202297224478342075105446004533 0 0 0 0 0 0 0 0 0 0 0 0 0 1 0 0 0 0 0]
[867006618576446721434988226114591622914689657116851846929733 0 0 0 0 0 0 0 0 0 0 0 0 0 0 1 0 0 0 0]
[939254266182343029033925670622411289118358315209232080159658 0 0 0 0 0 0 0 0 0 0 0 0 0 0 0 1 0 0 0]
[662152762525440362726973021673790301200054366667063848781222 0 0 0 0 0 0 0 0 0 0 0 0 0 0 0 0 1 0 0]
[257587382540786199870876629872344056270100625698833675989396 0 0 0 0 0 0 0 0 0 0 0 0 0 0 0 0 0 1 0]
[1224500241643383311268964484887280821999638352348955448799946 0 0 0 0 0 0 0 0 0 0 0 0 0 0 0 0 0 0 1]
]
