[[1205387223578876819487058676449259650784057458701812087922623 0 0 0 0 0 0 0 0 0 0 0 0 0 0 0 0 0 0 0]
[1055955540482660822987346228702895982974569368776844493460821 1 0 0 0 0 0 0 0 0 0 0 0 0 0 0 0 0 0 0]
[931968710084174941618568854106064546646367243085132727436321 0 1 0 0 0 0 0 0 0 0 0 0 0 0 0 0 0 0 0]
[926854148312974193034941080231846576055645745743431251633118 0 0 1 0 0 0 0 0 0 0 0 0 0 0 0 0 0 0 0]
[116337160680753882834248977922893662602927899163137221342993 0 0 0 1 0 0 0 0 0 0 0 0 0 0 0 0 0 0 0]
[1017228504403289433577166830956767280315568888268188546497914 0 0 0 0 1 0 0 0 0 0 0 0 0 0 0 0 0 0 0]
[691069807659513828665025798908077851234434517596647507457593 0 0 0 0 0 1 0 0 0 0 0 0 0 0 0 0 0 0 0]
[316125725627922646851263768104088078634089766720146568147182 0 0 0 0 0 0 1 0 0 0 0 0 0 0 0 0 0 0 0]
[379401047138840494027762775504090095741325309207889504378280 0 0 0 0 0 0 0 1 0 0 0 0 0 0 0 0 0 0 0]
[67361926972659265352460634088670936378218330332247297010134 0 0 0 0 0 0 0 0 1 0 0 0 0 0 0 0 0 0 0]
[963734832117404940696491951970184690061851227112272023333384 0 0 0 0 0 0 0 0 0 1 0 0 0 0 0 0 0 0 0]
[266749132485197127236694229662283901029105450457911166534184 0 0 0 0 0 0 0 0 0 0 1 0 0 0 0 0 0 0 0]
[732098481619179641317103587706015116673271197527214187385845 0 0 0 0 0 0 0 0 0 0 0 1 0 0 0 0 0 0 0]
[288638106817439261944229766737796920836187634482827668268842 0 0 0 0 0 0 0 0 0 0 0 0 1 0 0 0 0 0 0]
[32695609322521810189411279899824619306840493519102354670308 0 0 0 0 0 0 0 0 0 0 0 0 0 1 0 0 0 0 0]
[541025055274875606664836763900656248299793747896991127285340 0 0 0 0 0 0 0 0 0 0 0 0 0 0 1 0 0 0 0]
[1091360522632451948075573427773264098771874259941118135916906 0 0 0 0 0 0 0 0 0 0 0 0 0 0 0 1 0 0 0]
[385378062891481539270087065880517929916366843353799397876304 0 0 0 0 0 0 0 0 0 0 0 0 0 0 0 0 1 0 0]
[803237420732570249462035486454857967076637355788240658002404 0 0 0 0 0 0 0 0 0 0 0 0 0 0 0 0 0 1 0]
[347825447536378453490582952152167288001193280426205781740241 0 0 0 0 0 0 0 0 0 0 0 0 0 0 0 0 0 0 1]
]
