[[1580114149591717190940302270719734194104215554845015197944483 0 0 0 0 0 0 0 0 0 0 0 0 0 0 0 0 0 0 0]
[626369603455715367343257725257580477787913035162351609049910 1 0 0 0 0 0 0 0 0 0 0 0 0 0 0 0 0 0 0]
[119066771183049643035776601414732804573746729885370437769815 0 1 0 0 0 0 0 0 0 0 0 0 0 0 0 0 0 0 0]
[1048007150321940690561549710840236069257394423164341803791095 0 0 1 0 0 0 0 0 0 0 0 0 0 0 0 0 0 0 0]
[791951682989843648692325022169595458496743655717671134383249 0 0 0 1 0 0 0 0 0 0 0 0 0 0 0 0 0 0 0]
[676165878366175650409035190622893748297201434625555792198298 0 0 0 0 1 0 0 0 0 0 0 0 0 0 0 0 0 0 0]
[305562718654039713539092029406766951930480213331803231529492 0 0 0 0 0 1 0 0 0 0 0 0 0 0 0 0 0 0 0]
[815410468231899732953009439764157806055607500916028260134080 0 0 0 0 0 0 1 0 0 0 0 0 0 0 0 0 0 0 0]
[1448085854269224100729272077244862021632048185062549466300845 0 0 0 0 0 0 0 1 0 0 0 0 0 0 0 0 0 0 0]
[411307701073551029284013506760711608670369582811988702975298 0 0 0 0 0 0 0 0 1 0 0 0 0 0 0 0 0 0 0]
[1468286281535555180044567600601743988856119991745189280502216 0 0 0 0 0 0 0 0 0 1 0 0 0 0 0 0 0 0 0]
[492873846433477290938078417464215856820598797114899837278932 0 0 0 0 0 0 0 0 0 0 1 0 0 0 0 0 0 0 0]
[1001815437459461053078074201461649913537752929934539957261046 0 0 0 0 0 0 0 0 0 0 0 1 0 0 0 0 0 0 0]
[601561516866967656448149865790598982646548235374912283772708 0 0 0 0 0 0 0 0 0 0 0 0 1 0 0 0 0 0 0]
[130742677116211127992345189476931366370084069745166232624126 0 0 0 0 0 0 0 0 0 0 0 0 0 1 0 0 0 0 0]
[480831916310166005635293340946778334636464274874142957015946 0 0 0 0 0 0 0 0 0 0 0 0 0 0 1 0 0 0 0]
[608616677918894204660861740773449964096214223361996080032757 0 0 0 0 0 0 0 0 0 0 0 0 0 0 0 1 0 0 0]
[1042675255125005827046426431151028067006346514114980330314567 0 0 0 0 0 0 0 0 0 0 0 0 0 0 0 0 1 0 0]
[1207160311036364519465093114280140772805511127571100423369299 0 0 0 0 0 0 0 0 0 0 0 0 0 0 0 0 0 1 0]
[438120256138204841745288219249645698344841579171655114177785 0 0 0 0 0 0 0 0 0 0 0 0 0 0 0 0 0 0 1]
]
