[[1267135215981185384876729593393252181780009372001367802579119 0 0 0 0 0 0 0 0 0 0 0 0 0 0 0 0 0 0 0]
[495480135715628113085225051736819833030257065389014559188290 1 0 0 0 0 0 0 0 0 0 0 0 0 0 0 0 0 0 0]
[142769924023475386591387126170473869035313792062321538674141 0 1 0 0 0 0 0 0 0 0 0 0 0 0 0 0 0 0 0]
[296264664382382203159376684490964583740794775739012001985099 0 0 1 0 0 0 0 0 0 0 0 0 0 0 0 0 0 0 0]
[1032343936678598664039826409885943451308439511595916895664860 0 0 0 1 0 0 0 0 0 0 0 0 0 0 0 0 0 0 0]
[534765051161207624787350916817005106211095647102064886498437 0 0 0 0 1 0 0 0 0 0 0 0 0 0 0 0 0 0 0]
[1031967939678156187928411982410615785654196873927423222168682 0 0 0 0 0 1 0 0 0 0 0 0 0 0 0 0 0 0 0]
[436581625842342194255976937597419177522452104150834618817627 0 0 0 0 0 0 1 0 0 0 0 0 0 0 0 0 0 0 0]
[780713428984025740377592930987341472721093874411388248017847 0 0 0 0 0 0 0 1 0 0 0 0 0 0 0 0 0 0 0]
[460165836166816151602137158907511337989254728271414814247347 0 0 0 0 0 0 0 0 1 0 0 0 0 0 0 0 0 0 0]
[844268758960795975064097455964854311210281052880291918089040 0 0 0 0 0 0 0 0 0 1 0 0 0 0 0 0 0 0 0]
[846998159966452165146670090171101836840747439418764992707306 0 0 0 0 0 0 0 0 0 0 1 0 0 0 0 0 0 0 0]
[147988091941280470134098574588114681536643261549083242153139 0 0 0 0 0 0 0 0 0 0 0 1 0 0 0 0 0 0 0]
[186231358900808868385707560625980261000957001040024343147406 0 0 0 0 0 0 0 0 0 0 0 0 1 0 0 0 0 0 0]
[1253293799043629078424118463358816473765804228986630556334785 0 0 0 0 0 0 0 0 0 0 0 0 0 1 0 0 0 0 0]
[687886459354575303972701012840551572000130172990365525256730 0 0 0 0 0 0 0 0 0 0 0 0 0 0 1 0 0 0 0]
[545237682811198352654300174578053223263458483300724740738569 0 0 0 0 0 0 0 0 0 0 0 0 0 0 0 1 0 0 0]
[567391172413152356876117436466632033100332009346253743062586 0 0 0 0 0 0 0 0 0 0 0 0 0 0 0 0 1 0 0]
[1024121233550606905010139291583635769805934197602701433043734 0 0 0 0 0 0 0 0 0 0 0 0 0 0 0 0 0 1 0]
[162514419396936659732258870511626123395454299816624227717767 0 0 0 0 0 0 0 0 0 0 0 0 0 0 0 0 0 0 1]
]
