[[1046592352163252273597644282964927522131951060379640534937187 0 0 0 0 0 0 0 0 0 0 0 0 0 0 0 0 0 0 0]
[630675852635433937922392565573283966320262258198794439825960 1 0 0 0 0 0 0 0 0 0 0 0 0 0 0 0 0 0 0]
[123033163294225615259050657082144324721948477981625024306446 0 1 0 0 0 0 0 0 0 0 0 0 0 0 0 0 0 0 0]
[116074382909829610185243989954156055838143891599865939849084 0 0 1 0 0 0 0 0 0 0 0 0 0 0 0 0 0 0 0]
[372068626788676623539868716277275070656658172507744840402266 0 0 0 1 0 0 0 0 0 0 0 0 0 0 0 0 0 0 0]
[720560350365986920831672127409564094699701690781682637648082 0 0 0 0 1 0 0 0 0 0 0 0 0 0 0 0 0 0 0]
[94673891790112466630972229687000502434703179717397105315704 0 0 0 0 0 1 0 0 0 0 0 0 0 0 0 0 0 0 0]
[418286130729561604192233374424521900916114744885771175636589 0 0 0 0 0 0 1 0 0 0 0 0 0 0 0 0 0 0 0]
[11878440706771865426195811135812406228597505867612491104975 0 0 0 0 0 0 0 1 0 0 0 0 0 0 0 0 0 0 0]
[79979297524741097327763322434989541382426784661447484139681 0 0 0 0 0 0 0 0 1 0 0 0 0 0 0 0 0 0 0]
[503868833372781918454062657519996907766093771564352706930809 0 0 0 0 0 0 0 0 0 1 0 0 0 0 0 0 0 0 0]
[700626922380105679524663326474576903337660388146575822302569 0 0 0 0 0 0 0 0 0 0 1 0 0 0 0 0 0 0 0]
[174161837126458841916816249989862183788970027954483774945940 0 0 0 0 0 0 0 0 0 0 0 1 0 0 0 0 0 0 0]
[3389667983154757279658799757568010218426630204789486822442 0 0 0 0 0 0 0 0 0 0 0 0 1 0 0 0 0 0 0]
[955348770083645860734216247792020014815279579349254521433423 0 0 0 0 0 0 0 0 0 0 0 0 0 1 0 0 0 0 0]
[585103820621096734849208519626525932548979537428607330389782 0 0 0 0 0 0 0 0 0 0 0 0 0 0 1 0 0 0 0]
[649567784119240204377543986141001332895442421547473741751870 0 0 0 0 0 0 0 0 0 0 0 0 0 0 0 1 0 0 0]
[74311559023317124710514224371400547305636627886394401227000 0 0 0 0 0 0 0 0 0 0 0 0 0 0 0 0 1 0 0]
[101393814638849657397428176531991967691951779873957487872131 0 0 0 0 0 0 0 0 0 0 0 0 0 0 0 0 0 1 0]
[911947671163403342319016194412285835423734271108403221353132 0 0 0 0 0 0 0 0 0 0 0 0 0 0 0 0 0 0 1]
]
