[[1321860381811561306940557036786669825159436305599784640740463 0 0 0 0 0 0 0 0 0 0 0 0 0 0 0 0 0 0 0]
[799085085194708971851397177520006770275860633736645181329010 1 0 0 0 0 0 0 0 0 0 0 0 0 0 0 0 0 0 0]
[280160289759080592217412420887223597127268112980933010733064 0 1 0 0 0 0 0 0 0 0 0 0 0 0 0 0 0 0 0]
[144708592798350958066009951672040223151286940428530016879244 0 0 1 0 0 0 0 0 0 0 0 0 0 0 0 0 0 0 0]
[935448598472072041516920679025206193377338028786574768726625 0 0 0 1 0 0 0 0 0 0 0 0 0 0 0 0 0 0 0]
[1174425817433672009900453749323747254200144972926038602246928 0 0 0 0 1 0 0 0 0 0 0 0 0 0 0 0 0 0 0]
[728920764126330008646322892625947568342114961461806342619373 0 0 0 0 0 1 0 0 0 0 0 0 0 0 0 0 0 0 0]
[330084257862987453981163947658150382675126979401223098283553 0 0 0 0 0 0 1 0 0 0 0 0 0 0 0 0 0 0 0]
[285477305205793967967715207203128955259271701809072290500415 0 0 0 0 0 0 0 1 0 0 0 0 0 0 0 0 0 0 0]
[690186603639570771734139021744752593843901511025831917559527 0 0 0 0 0 0 0 0 1 0 0 0 0 0 0 0 0 0 0]
[157049431551310483589793088278253198047760670043155690886465 0 0 0 0 0 0 0 0 0 1 0 0 0 0 0 0 0 0 0]
[1070856992552091516418569960870449537556137707980554475953864 0 0 0 0 0 0 0 0 0 0 1 0 0 0 0 0 0 0 0]
[319606427786613881872204501642713264879959519030050412511013 0 0 0 0 0 0 0 0 0 0 0 1 0 0 0 0 0 0 0]
[1096660139668703727629519603821196275021000854824561074019952 0 0 0 0 0 0 0 0 0 0 0 0 1 0 0 0 0 0 0]
[548988948390390402997304109824160813335224079702466773764603 0 0 0 0 0 0 0 0 0 0 0 0 0 1 0 0 0 0 0]
[757221868059731538367250427657154691654159858990517231066628 0 0 0 0 0 0 0 0 0 0 0 0 0 0 1 0 0 0 0]
[522097984971310340291872846161767317745210034841430478308515 0 0 0 0 0 0 0 0 0 0 0 0 0 0 0 1 0 0 0]
[1300807232626477566935384395901767676954628531104129563273539 0 0 0 0 0 0 0 0 0 0 0 0 0 0 0 0 1 0 0]
[774154294869703807009676699732598399393565764436516903777044 0 0 0 0 0 0 0 0 0 0 0 0 0 0 0 0 0 1 0]
[885228935848206068181090132117395178604449977262019844124576 0 0 0 0 0 0 0 0 0 0 0 0 0 0 0 0 0 0 1]
]
