[[913480449180917396087084388979077329523351596772658897393391 0 0 0 0 0 0 0 0 0 0 0 0 0 0 0 0 0 0 0]
[196272017282572384706283500559526551980347168467853814973883 1 0 0 0 0 0 0 0 0 0 0 0 0 0 0 0 0 0 0]
[714020824898039709845704975923493644086078556509368015592622 0 1 0 0 0 0 0 0 0 0 0 0 0 0 0 0 0 0 0]
[225356843641412763684260539074754947011047647827887006212967 0 0 1 0 0 0 0 0 0 0 0 0 0 0 0 0 0 0 0]
[277150617428663906217320501664257293050066651783543343875985 0 0 0 1 0 0 0 0 0 0 0 0 0 0 0 0 0 0 0]
[546990796252222800940295787936469146485337449345319318115223 0 0 0 0 1 0 0 0 0 0 0 0 0 0 0 0 0 0 0]
[294637909336568541903219011447057870029572245996183188144667 0 0 0 0 0 1 0 0 0 0 0 0 0 0 0 0 0 0 0]
[271297404233816582944879523907902543883837403285400349276060 0 0 0 0 0 0 1 0 0 0 0 0 0 0 0 0 0 0 0]
[497502223753285217104865825979078562471460802294466587382327 0 0 0 0 0 0 0 1 0 0 0 0 0 0 0 0 0 0 0]
[560845529509351437179996033498821962348044882868734765837208 0 0 0 0 0 0 0 0 1 0 0 0 0 0 0 0 0 0 0]
[699962784724623130858338627706691797361439986891148477260029 0 0 0 0 0 0 0 0 0 1 0 0 0 0 0 0 0 0 0]
[54170486644838617674056037383536928985583530100937810330818 0 0 0 0 0 0 0 0 0 0 1 0 0 0 0 0 0 0 0]
[358336149142232362915059945494321190070457015183139970514288 0 0 0 0 0 0 0 0 0 0 0 1 0 0 0 0 0 0 0]
[749230132938629441491699338848509211569249042339674246322851 0 0 0 0 0 0 0 0 0 0 0 0 1 0 0 0 0 0 0]
[157340510087854667029727479404575227527991425588804618307920 0 0 0 0 0 0 0 0 0 0 0 0 0 1 0 0 0 0 0]
[678668219128633467599248972317700863353211811700156148867025 0 0 0 0 0 0 0 0 0 0 0 0 0 0 1 0 0 0 0]
[448926138486820551503346792588701094288821699814605777185486 0 0 0 0 0 0 0 0 0 0 0 0 0 0 0 1 0 0 0]
[209129637359222003748058090788945822569311654846402499767733 0 0 0 0 0 0 0 0 0 0 0 0 0 0 0 0 1 0 0]
[870618121482574914101634551108489426434713024869082898609123 0 0 0 0 0 0 0 0 0 0 0 0 0 0 0 0 0 1 0]
[439433431028015693873557940162996899598019793666674384688567 0 0 0 0 0 0 0 0 0 0 0 0 0 0 0 0 0 0 1]
]
