[[1325771710386524056354363693074959809091411194514220450459439 0 0 0 0 0 0 0 0 0 0 0 0 0 0 0 0 0 0 0]
[435957042919248915938793055053952482070860837406092294184812 1 0 0 0 0 0 0 0 0 0 0 0 0 0 0 0 0 0 0]
[569226549133392270341354090231919578842305704723832752653594 0 1 0 0 0 0 0 0 0 0 0 0 0 0 0 0 0 0 0]
[542096097637202194986614886494756734983464486772245960763400 0 0 1 0 0 0 0 0 0 0 0 0 0 0 0 0 0 0 0]
[819967982941396963089838760126872675045053535958098806805457 0 0 0 1 0 0 0 0 0 0 0 0 0 0 0 0 0 0 0]
[761755339690064552070880551322642469836132380694928239050304 0 0 0 0 1 0 0 0 0 0 0 0 0 0 0 0 0 0 0]
[971832572532512332863370191958045879604486316635741329713034 0 0 0 0 0 1 0 0 0 0 0 0 0 0 0 0 0 0 0]
[522902297246935541228347304284689462372322889913166228368378 0 0 0 0 0 0 1 0 0 0 0 0 0 0 0 0 0 0 0]
[276845451554899266798319883299712137303549684652336691323675 0 0 0 0 0 0 0 1 0 0 0 0 0 0 0 0 0 0 0]
[688070418548996193905860388517333988769348227540551578736892 0 0 0 0 0 0 0 0 1 0 0 0 0 0 0 0 0 0 0]
[1060214595812112851971303188596069593651201440566908675311509 0 0 0 0 0 0 0 0 0 1 0 0 0 0 0 0 0 0 0]
[142581080439223505838109200456758913337653766285748516862666 0 0 0 0 0 0 0 0 0 0 1 0 0 0 0 0 0 0 0]
[89981806803573670325860864022839141128877275361462555386162 0 0 0 0 0 0 0 0 0 0 0 1 0 0 0 0 0 0 0]
[108384785750081885558850722313235879709774158904923016327822 0 0 0 0 0 0 0 0 0 0 0 0 1 0 0 0 0 0 0]
[60957999939269113336963716235192617301677088897868455145646 0 0 0 0 0 0 0 0 0 0 0 0 0 1 0 0 0 0 0]
[1016008007075487698161319008302728266222836335432442909309045 0 0 0 0 0 0 0 0 0 0 0 0 0 0 1 0 0 0 0]
[76605379613724655856615179377189511395713992109522752227381 0 0 0 0 0 0 0 0 0 0 0 0 0 0 0 1 0 0 0]
[634433512769446521032098781719051272295556313084433376259182 0 0 0 0 0 0 0 0 0 0 0 0 0 0 0 0 1 0 0]
[492326156501327025318004833602071088137588830847512696541428 0 0 0 0 0 0 0 0 0 0 0 0 0 0 0 0 0 1 0]
[307940935334911252105691640535315699009490797908272580606616 0 0 0 0 0 0 0 0 0 0 0 0 0 0 0 0 0 0 1]
]
