[[1016270709961732659822225554688442444502158315883777379475103 0 0 0 0 0 0 0 0 0 0 0 0 0 0 0 0 0 0 0]
[976228654686024669542013058429341594839923579677995133314769 1 0 0 0 0 0 0 0 0 0 0 0 0 0 0 0 0 0 0]
[111337910615461416713470330461547687109857839424122299452941 0 1 0 0 0 0 0 0 0 0 0 0 0 0 0 0 0 0 0]
[413048453398047624403447469488244224055492598130974823707131 0 0 1 0 0 0 0 0 0 0 0 0 0 0 0 0 0 0 0]
[993636058109769796108136172670467822127186388525649291825509 0 0 0 1 0 0 0 0 0 0 0 0 0 0 0 0 0 0 0]
[699523931977724238148588679562206281572089582659661239652210 0 0 0 0 1 0 0 0 0 0 0 0 0 0 0 0 0 0 0]
[914491492985089849204849725614434714923177850011887216243723 0 0 0 0 0 1 0 0 0 0 0 0 0 0 0 0 0 0 0]
[100027469941535316662558736969454473793251747114190568872359 0 0 0 0 0 0 1 0 0 0 0 0 0 0 0 0 0 0 0]
[165278584210834143407100927771740190353261849066936888150290 0 0 0 0 0 0 0 1 0 0 0 0 0 0 0 0 0 0 0]
[718827410529744480078443680646942633558233282190733141976616 0 0 0 0 0 0 0 0 1 0 0 0 0 0 0 0 0 0 0]
[213240212790410279996549593199335975206925610597033527027237 0 0 0 0 0 0 0 0 0 1 0 0 0 0 0 0 0 0 0]
[463587675156012807716338201265613827881709408091579954461209 0 0 0 0 0 0 0 0 0 0 1 0 0 0 0 0 0 0 0]
[409809674057359523571858261643758361873992440200092070721584 0 0 0 0 0 0 0 0 0 0 0 1 0 0 0 0 0 0 0]
[119978829557598893653466305899177849760950907856220772158969 0 0 0 0 0 0 0 0 0 0 0 0 1 0 0 0 0 0 0]
[557171624155991163483202572668048740218173803503059400133140 0 0 0 0 0 0 0 0 0 0 0 0 0 1 0 0 0 0 0]
[6951242670652268049415261369420660527963150378701024589517 0 0 0 0 0 0 0 0 0 0 0 0 0 0 1 0 0 0 0]
[119362664238003340162951570867057877422781941234105995096093 0 0 0 0 0 0 0 0 0 0 0 0 0 0 0 1 0 0 0]
[913045319339016254888791183594525404044715651768748143525076 0 0 0 0 0 0 0 0 0 0 0 0 0 0 0 0 1 0 0]
[340303730363486759600806452663081552566396141677666376493165 0 0 0 0 0 0 0 0 0 0 0 0 0 0 0 0 0 1 0]
[695038961374911955889900664719867515988801345684199820338349 0 0 0 0 0 0 0 0 0 0 0 0 0 0 0 0 0 0 1]
]
