[[1391313392681001164645276373324165724210311762716725967758993 0 0 0 0 0 0 0 0 0 0 0 0 0 0 0 0 0 0 0]
[583712878803513928108253874467120536276965031618230024148839 1 0 0 0 0 0 0 0 0 0 0 0 0 0 0 0 0 0 0]
[129519399072863938854284343010227425601052781418316722391780 0 1 0 0 0 0 0 0 0 0 0 0 0 0 0 0 0 0 0]
[537214582343448277794744878056202923317437271644180556767749 0 0 1 0 0 0 0 0 0 0 0 0 0 0 0 0 0 0 0]
[662809756777994311471187329788104793427978358505819512971892 0 0 0 1 0 0 0 0 0 0 0 0 0 0 0 0 0 0 0]
[643108217230235770872978020698609564522796804429813229607177 0 0 0 0 1 0 0 0 0 0 0 0 0 0 0 0 0 0 0]
[401325188106553385049480152670430150526937566354872928528891 0 0 0 0 0 1 0 0 0 0 0 0 0 0 0 0 0 0 0]
[348425720355572738012422570427959073842076857606466925465120 0 0 0 0 0 0 1 0 0 0 0 0 0 0 0 0 0 0 0]
[584720303672313304364403414742590731879399061395579253073475 0 0 0 0 0 0 0 1 0 0 0 0 0 0 0 0 0 0 0]
[993199891887954840653002141462379605281635819603304263676527 0 0 0 0 0 0 0 0 1 0 0 0 0 0 0 0 0 0 0]
[174307643950750604920940069863662859287382699372845630998559 0 0 0 0 0 0 0 0 0 1 0 0 0 0 0 0 0 0 0]
[925358769242428239560691929957397838993987571797657901120250 0 0 0 0 0 0 0 0 0 0 1 0 0 0 0 0 0 0 0]
[451313375042224728101361606049772732790900966378969957658186 0 0 0 0 0 0 0 0 0 0 0 1 0 0 0 0 0 0 0]
[317626555706217493424231011965119639301591227085905166643528 0 0 0 0 0 0 0 0 0 0 0 0 1 0 0 0 0 0 0]
[562830294721317869949697941182733338202921566573761983563609 0 0 0 0 0 0 0 0 0 0 0 0 0 1 0 0 0 0 0]
[871590070379842942624962710751935875804740278592539508138222 0 0 0 0 0 0 0 0 0 0 0 0 0 0 1 0 0 0 0]
[277596163505977020324532775479120063792078360993072912696035 0 0 0 0 0 0 0 0 0 0 0 0 0 0 0 1 0 0 0]
[771042424045127683349959806794948074027844270890319758305374 0 0 0 0 0 0 0 0 0 0 0 0 0 0 0 0 1 0 0]
[404058668892385422025873213040582583918222444534349622062997 0 0 0 0 0 0 0 0 0 0 0 0 0 0 0 0 0 1 0]
[598518823987802761451194787455531530459978266377899646924018 0 0 0 0 0 0 0 0 0 0 0 0 0 0 0 0 0 0 1]
]
