[[862352411551893535180767900516015295525778466206149389028409 0 0 0 0 0 0 0 0 0 0 0 0 0 0 0 0 0 0 0]
[58885879729017343057965561481171805641086417420732244808188 1 0 0 0 0 0 0 0 0 0 0 0 0 0 0 0 0 0 0]
[658270368102913855419718753891325596261158457052560522878764 0 1 0 0 0 0 0 0 0 0 0 0 0 0 0 0 0 0 0]
[799380407771908088796287336523876395004878708261293538046540 0 0 1 0 0 0 0 0 0 0 0 0 0 0 0 0 0 0 0]
[365012185412605868409049459527590712088531851248229998434773 0 0 0 1 0 0 0 0 0 0 0 0 0 0 0 0 0 0 0]
[293005822180949185046901684557577371928158863686403438159839 0 0 0 0 1 0 0 0 0 0 0 0 0 0 0 0 0 0 0]
[738386005899430953367095504866103525781630393713267322823760 0 0 0 0 0 1 0 0 0 0 0 0 0 0 0 0 0 0 0]
[382277966601410799444822545417624562480149973074356087716959 0 0 0 0 0 0 1 0 0 0 0 0 0 0 0 0 0 0 0]
[61039024713048964347004557705647368398908964274270354545865 0 0 0 0 0 0 0 1 0 0 0 0 0 0 0 0 0 0 0]
[120658570425443000744080424121451345100390420684969242629194 0 0 0 0 0 0 0 0 1 0 0 0 0 0 0 0 0 0 0]
[7182257729468332341050180258589977390946200890458335635708 0 0 0 0 0 0 0 0 0 1 0 0 0 0 0 0 0 0 0]
[286358526405164651997235895634172504436603482606481038838741 0 0 0 0 0 0 0 0 0 0 1 0 0 0 0 0 0 0 0]
[298735189474942892092283031803942996080222436685414734995430 0 0 0 0 0 0 0 0 0 0 0 1 0 0 0 0 0 0 0]
[771262101745727840878890568571688979851919458710927775335173 0 0 0 0 0 0 0 0 0 0 0 0 1 0 0 0 0 0 0]
[501210221260469520146764743149626370308458571194257598562063 0 0 0 0 0 0 0 0 0 0 0 0 0 1 0 0 0 0 0]
[44670422331172844752033712090896972879062484808624694720222 0 0 0 0 0 0 0 0 0 0 0 0 0 0 1 0 0 0 0]
[756002073633113355276460388004582263364568974939851983932462 0 0 0 0 0 0 0 0 0 0 0 0 0 0 0 1 0 0 0]
[249988291963182353234307725963120444377518964147312483681773 0 0 0 0 0 0 0 0 0 0 0 0 0 0 0 0 1 0 0]
[458500142132435199247090582215829985847304054514826946519385 0 0 0 0 0 0 0 0 0 0 0 0 0 0 0 0 0 1 0]
[747786800355483296060441080001418636448430666089704115653591 0 0 0 0 0 0 0 0 0 0 0 0 0 0 0 0 0 0 1]
]
