[[1273640515108200626444636129028808161429853900206961216727629 0 0 0 0 0 0 0 0 0 0 0 0 0 0 0 0 0 0 0]
[368806446042963274582653981194726179528835236978000083363454 1 0 0 0 0 0 0 0 0 0 0 0 0 0 0 0 0 0 0]
[356020572126798805297203419835602996171794191834427547169723 0 1 0 0 0 0 0 0 0 0 0 0 0 0 0 0 0 0 0]
[135901528133300924781191122363309556042885649917608195593328 0 0 1 0 0 0 0 0 0 0 0 0 0 0 0 0 0 0 0]
[599719223599682757351103903705480054751535016558195755394626 0 0 0 1 0 0 0 0 0 0 0 0 0 0 0 0 0 0 0]
[1039329734259223641805432233543886190501374246163614348899005 0 0 0 0 1 0 0 0 0 0 0 0 0 0 0 0 0 0 0]
[143818308201976123342401370630129963529657344000337944100001 0 0 0 0 0 1 0 0 0 0 0 0 0 0 0 0 0 0 0]
[555356356127505842448235161548875647168754839534931849449233 0 0 0 0 0 0 1 0 0 0 0 0 0 0 0 0 0 0 0]
[209187668173119062331443492070767169764845820902247057925182 0 0 0 0 0 0 0 1 0 0 0 0 0 0 0 0 0 0 0]
[1149109359426874440061413590432165662535705759626209890551463 0 0 0 0 0 0 0 0 1 0 0 0 0 0 0 0 0 0 0]
[910827696818336486310174529365033407088791514634367662008910 0 0 0 0 0 0 0 0 0 1 0 0 0 0 0 0 0 0 0]
[448057795909049515661236662728870119449432852563804501347004 0 0 0 0 0 0 0 0 0 0 1 0 0 0 0 0 0 0 0]
[1210219896268861384358476177110521191860420120327274131274084 0 0 0 0 0 0 0 0 0 0 0 1 0 0 0 0 0 0 0]
[455148237648875496160914214996650777547600459195979284485482 0 0 0 0 0 0 0 0 0 0 0 0 1 0 0 0 0 0 0]
[281265610781117364414543201933757954446949909434833151019554 0 0 0 0 0 0 0 0 0 0 0 0 0 1 0 0 0 0 0]
[1231500494578156345173198269931855367622680435322846060877274 0 0 0 0 0 0 0 0 0 0 0 0 0 0 1 0 0 0 0]
[991233710016258052275087523329937558861603659536520321747851 0 0 0 0 0 0 0 0 0 0 0 0 0 0 0 1 0 0 0]
[33844126693689714314166109754137965912934778960764547308520 0 0 0 0 0 0 0 0 0 0 0 0 0 0 0 0 1 0 0]
[1253705009087488027692657786257342214046504386689502699782904 0 0 0 0 0 0 0 0 0 0 0 0 0 0 0 0 0 1 0]
[1006961885757268249648870813216343772326903854650799975967890 0 0 0 0 0 0 0 0 0 0 0 0 0 0 0 0 0 0 1]
]
