[[1471084554635869768945944283962895045305707922101015532532051 0 0 0 0 0 0 0 0 0 0 0 0 0 0 0 0 0 0 0]
[1103582860094233299197544013423793698509018753891209378408149 1 0 0 0 0 0 0 0 0 0 0 0 0 0 0 0 0 0 0]
[1430624743571935125852685459453977660855433202654803261231169 0 1 0 0 0 0 0 0 0 0 0 0 0 0 0 0 0 0 0]
[828190373334176510000682135412064173089159347413471716977689 0 0 1 0 0 0 0 0 0 0 0 0 0 0 0 0 0 0 0]
[113451028701394904589383214312298167888896893190899575258928 0 0 0 1 0 0 0 0 0 0 0 0 0 0 0 0 0 0 0]
[1340355580435445447330710972283332664903172742087522085793177 0 0 0 0 1 0 0 0 0 0 0 0 0 0 0 0 0 0 0]
[622735442510948566644067270150834852352531023978227352125545 0 0 0 0 0 1 0 0 0 0 0 0 0 0 0 0 0 0 0]
[474738604903687841138186444042650877140853415695689161701786 0 0 0 0 0 0 1 0 0 0 0 0 0 0 0 0 0 0 0]
[1224537015603785066142512374003072921088096230847321624206836 0 0 0 0 0 0 0 1 0 0 0 0 0 0 0 0 0 0 0]
[978043991354493834330598927078035332555161726934311139201131 0 0 0 0 0 0 0 0 1 0 0 0 0 0 0 0 0 0 0]
[275379371738680424668988001675309402850628646897279331702318 0 0 0 0 0 0 0 0 0 1 0 0 0 0 0 0 0 0 0]
[1458443829191993533626923030693377831340120078149518575997870 0 0 0 0 0 0 0 0 0 0 1 0 0 0 0 0 0 0 0]
[812220400455405607419908295297867305478221144154832645809938 0 0 0 0 0 0 0 0 0 0 0 1 0 0 0 0 0 0 0]
[598977675345285382944280119470045817629424159694984790347824 0 0 0 0 0 0 0 0 0 0 0 0 1 0 0 0 0 0 0]
[89502967936751047896305042728746907767499107282451358100248 0 0 0 0 0 0 0 0 0 0 0 0 0 1 0 0 0 0 0]
[460103290550204744440887157344083237805244207970254707708671 0 0 0 0 0 0 0 0 0 0 0 0 0 0 1 0 0 0 0]
[1451401081945626416796019591708404712788772953799558768247984 0 0 0 0 0 0 0 0 0 0 0 0 0 0 0 1 0 0 0]
[371125489309476707810839500110434342768766582516706241929260 0 0 0 0 0 0 0 0 0 0 0 0 0 0 0 0 1 0 0]
[806401107105375411010880550074657095687082690826796653177798 0 0 0 0 0 0 0 0 0 0 0 0 0 0 0 0 0 1 0]
[398679575513533345981721660070985889823330140112237491858556 0 0 0 0 0 0 0 0 0 0 0 0 0 0 0 0 0 0 1]
]
