[[1272775205804359542792991058938862790445563140164744390817889685096863743 0 0 0 0 0 0 0 0 0 0 0 0 0 0 0 0 0 0 0 0 0 0 0]
[94124619742704402070097007892214056785259987280569858242596084712968437 1 0 0 0 0 0 0 0 0 0 0 0 0 0 0 0 0 0 0 0 0 0 0]
[686267374357433335700675224153109427649961163613276111693792098252864138 0 1 0 0 0 0 0 0 0 0 0 0 0 0 0 0 0 0 0 0 0 0 0]
[755877461921357128077707423044697724194815189609434804926896248974240420 0 0 1 0 0 0 0 0 0 0 0 0 0 0 0 0 0 0 0 0 0 0 0]
[945668773310255617200909251431907354589769774957672568585719611240956638 0 0 0 1 0 0 0 0 0 0 0 0 0 0 0 0 0 0 0 0 0 0 0]
[1102763241589525768891824134527410177969138929439062905811888608297282077 0 0 0 0 1 0 0 0 0 0 0 0 0 0 0 0 0 0 0 0 0 0 0]
[87510082930124895629653338844975705085899931318220774891598660976559654 0 0 0 0 0 1 0 0 0 0 0 0 0 0 0 0 0 0 0 0 0 0 0]
[899018832703448265308927612596897199188735839375232095215497661858032717 0 0 0 0 0 0 1 0 0 0 0 0 0 0 0 0 0 0 0 0 0 0 0]
[1163589565428697519799718920474475241268667317058712008704707864973930564 0 0 0 0 0 0 0 1 0 0 0 0 0 0 0 0 0 0 0 0 0 0 0]
[573762885687575515567863119751047322952865462790203977310148310882703020 0 0 0 0 0 0 0 0 1 0 0 0 0 0 0 0 0 0 0 0 0 0 0]
[432085947236535170410269943028515963217037384151490593347689940089997320 0 0 0 0 0 0 0 0 0 1 0 0 0 0 0 0 0 0 0 0 0 0 0]
[487639812248892816316841428994553659168095900074329909406222062043233660 0 0 0 0 0 0 0 0 0 0 1 0 0 0 0 0 0 0 0 0 0 0 0]
[1158638058875085703436189208233147990983401117481677926521752393868153855 0 0 0 0 0 0 0 0 0 0 0 1 0 0 0 0 0 0 0 0 0 0 0]
[978116843349223530950686839411048753897040297379919901928572721233027691 0 0 0 0 0 0 0 0 0 0 0 0 1 0 0 0 0 0 0 0 0 0 0]
[989658245413219597105717661002648142276035767317922448600268376777262545 0 0 0 0 0 0 0 0 0 0 0 0 0 1 0 0 0 0 0 0 0 0 0]
[681730281125141844544993321131645609360061492986081017351187039340621203 0 0 0 0 0 0 0 0 0 0 0 0 0 0 1 0 0 0 0 0 0 0 0]
[274080249555291027092692081101855632475404234050420868401004858418010604 0 0 0 0 0 0 0 0 0 0 0 0 0 0 0 1 0 0 0 0 0 0 0]
[1001909646837767174251696226935625289196616948543724434744409068145559052 0 0 0 0 0 0 0 0 0 0 0 0 0 0 0 0 1 0 0 0 0 0 0]
[402086738033764177243452506422834212337017072370700390909144906724071126 0 0 0 0 0 0 0 0 0 0 0 0 0 0 0 0 0 1 0 0 0 0 0]
[435545590931647387833473610521664410131845001835513832912555678625608270 0 0 0 0 0 0 0 0 0 0 0 0 0 0 0 0 0 0 1 0 0 0 0]
[806667157191087623191410768870963471446285974443428842798397732750460858 0 0 0 0 0 0 0 0 0 0 0 0 0 0 0 0 0 0 0 1 0 0 0]
[1036646588730092568681545234864085986586338732054783403178992095440562770 0 0 0 0 0 0 0 0 0 0 0 0 0 0 0 0 0 0 0 0 1 0 0]
[1013835609351501347789660266939131644400910811113942786246458756346943577 0 0 0 0 0 0 0 0 0 0 0 0 0 0 0 0 0 0 0 0 0 1 0]
[796850267808347056657160343694380866527020980659602758166579661021264729 0 0 0 0 0 0 0 0 0 0 0 0 0 0 0 0 0 0 0 0 0 0 1]
]
