[[1063655141290325734431885699505766979381426635251276370014451366681986981 0 0 0 0 0 0 0 0 0 0 0 0 0 0 0 0 0 0 0 0 0 0 0]
[32120992482245765414150431939327051542980516943165650968310284632482691 1 0 0 0 0 0 0 0 0 0 0 0 0 0 0 0 0 0 0 0 0 0 0]
[382888499706055881532229963341408937253627313250601833453640996242169531 0 1 0 0 0 0 0 0 0 0 0 0 0 0 0 0 0 0 0 0 0 0 0]
[113190465269058006893750758050318195275362922358987067055490577399185192 0 0 1 0 0 0 0 0 0 0 0 0 0 0 0 0 0 0 0 0 0 0 0]
[216101288194419376836314720296433755045555922704118911893518763502305259 0 0 0 1 0 0 0 0 0 0 0 0 0 0 0 0 0 0 0 0 0 0 0]
[650742406514700458358218248880364188492473255996267680536832889249180744 0 0 0 0 1 0 0 0 0 0 0 0 0 0 0 0 0 0 0 0 0 0 0]
[636271196120923051508575161484681258894023881852022807098625769101282007 0 0 0 0 0 1 0 0 0 0 0 0 0 0 0 0 0 0 0 0 0 0 0]
[296367653961396281667618878314345438728051911094908202053097831554244628 0 0 0 0 0 0 1 0 0 0 0 0 0 0 0 0 0 0 0 0 0 0 0]
[398060260841426131808805672769874468150590308922966604213183621330555655 0 0 0 0 0 0 0 1 0 0 0 0 0 0 0 0 0 0 0 0 0 0 0]
[913388807027596027281766812383261813022547546918520329321571072628547586 0 0 0 0 0 0 0 0 1 0 0 0 0 0 0 0 0 0 0 0 0 0 0]
[582372638509801907096256458018290373869782177866731010843309414985071097 0 0 0 0 0 0 0 0 0 1 0 0 0 0 0 0 0 0 0 0 0 0 0]
[501995846349129156581107312982420208139096841093709212669042071207939883 0 0 0 0 0 0 0 0 0 0 1 0 0 0 0 0 0 0 0 0 0 0 0]
[156657543239677639252866475052284040719891380891222932406088100362639714 0 0 0 0 0 0 0 0 0 0 0 1 0 0 0 0 0 0 0 0 0 0 0]
[831023705326152199822826989173760935529773274130690431762216919808831987 0 0 0 0 0 0 0 0 0 0 0 0 1 0 0 0 0 0 0 0 0 0 0]
[846063766147197245275133215173111870982286726890811899071907071664814199 0 0 0 0 0 0 0 0 0 0 0 0 0 1 0 0 0 0 0 0 0 0 0]
[766675898413593086660597718958111405018755345260755053513169701718248565 0 0 0 0 0 0 0 0 0 0 0 0 0 0 1 0 0 0 0 0 0 0 0]
[286419591915561357128382829220489012116146226573453336460898843406420828 0 0 0 0 0 0 0 0 0 0 0 0 0 0 0 1 0 0 0 0 0 0 0]
[220599797478775536045794173640770098219260973955483800829045176184478606 0 0 0 0 0 0 0 0 0 0 0 0 0 0 0 0 1 0 0 0 0 0 0]
[542846614612148256161300784463987596538795167813272718580308329158432856 0 0 0 0 0 0 0 0 0 0 0 0 0 0 0 0 0 1 0 0 0 0 0]
[711470896237558028820161686075962301754012187002861548605950302888355444 0 0 0 0 0 0 0 0 0 0 0 0 0 0 0 0 0 0 1 0 0 0 0]
[370481254112591249877647675504445740623275215324048412766606684331239445 0 0 0 0 0 0 0 0 0 0 0 0 0 0 0 0 0 0 0 1 0 0 0]
[799924818412181997535775582349293521142797246879471088767799902242328669 0 0 0 0 0 0 0 0 0 0 0 0 0 0 0 0 0 0 0 0 1 0 0]
[245094749864298239175181934189202991747918744143743084085643348069781866 0 0 0 0 0 0 0 0 0 0 0 0 0 0 0 0 0 0 0 0 0 1 0]
[613070232166033738771542961072068658981610493996914808454046224113622460 0 0 0 0 0 0 0 0 0 0 0 0 0 0 0 0 0 0 0 0 0 0 1]
]
