[[1160969744737917252906538915870282161540511143602839916905933910792806129 0 0 0 0 0 0 0 0 0 0 0 0 0 0 0 0 0 0 0 0 0 0 0]
[805164830866162710889223484612200997739612970880934183874743317890350002 1 0 0 0 0 0 0 0 0 0 0 0 0 0 0 0 0 0 0 0 0 0 0]
[223884962647206546712801904837962198164878296236206336591245586099059586 0 1 0 0 0 0 0 0 0 0 0 0 0 0 0 0 0 0 0 0 0 0 0]
[1020794994842169649613289122897373103380623179364758327516049155583477151 0 0 1 0 0 0 0 0 0 0 0 0 0 0 0 0 0 0 0 0 0 0 0]
[543630931058390238825064939457355706074099011697310750348879433379748173 0 0 0 1 0 0 0 0 0 0 0 0 0 0 0 0 0 0 0 0 0 0 0]
[984158768397635406858971359997539169940607078472381745202729847356210397 0 0 0 0 1 0 0 0 0 0 0 0 0 0 0 0 0 0 0 0 0 0 0]
[1111690095916488930345738878797338403195838359816447947139268911531022607 0 0 0 0 0 1 0 0 0 0 0 0 0 0 0 0 0 0 0 0 0 0 0]
[963716651803080684169201054090209116454232307495361919216239251571894837 0 0 0 0 0 0 1 0 0 0 0 0 0 0 0 0 0 0 0 0 0 0 0]
[313965830516862994379837222567764795472657868698587897198927726257859267 0 0 0 0 0 0 0 1 0 0 0 0 0 0 0 0 0 0 0 0 0 0 0]
[429812677501147044296408029033327914257197751127820224540296529696059981 0 0 0 0 0 0 0 0 1 0 0 0 0 0 0 0 0 0 0 0 0 0 0]
[115540044000191459184750780747180432167410352069783524621167416682785134 0 0 0 0 0 0 0 0 0 1 0 0 0 0 0 0 0 0 0 0 0 0 0]
[581597761841238122991034886171183424628617888298515833366742607703517415 0 0 0 0 0 0 0 0 0 0 1 0 0 0 0 0 0 0 0 0 0 0 0]
[161566519473459623682186003965197932289248664401136391628560886531710286 0 0 0 0 0 0 0 0 0 0 0 1 0 0 0 0 0 0 0 0 0 0 0]
[406771478301799473856991819718524723928552014721864844132453552374813066 0 0 0 0 0 0 0 0 0 0 0 0 1 0 0 0 0 0 0 0 0 0 0]
[742831141494066852048635767095368242221406034534963946644319434281654049 0 0 0 0 0 0 0 0 0 0 0 0 0 1 0 0 0 0 0 0 0 0 0]
[301742624005737545277717885531094244766219899286326894364822559112046074 0 0 0 0 0 0 0 0 0 0 0 0 0 0 1 0 0 0 0 0 0 0 0]
[207886665884117216410007215588306050153272322198589874606998123730310523 0 0 0 0 0 0 0 0 0 0 0 0 0 0 0 1 0 0 0 0 0 0 0]
[57252475586742743645839307216166580212507064360414459067238037689982863 0 0 0 0 0 0 0 0 0 0 0 0 0 0 0 0 1 0 0 0 0 0 0]
[349128457774821278862482030412172134440317464901897171366990788005261193 0 0 0 0 0 0 0 0 0 0 0 0 0 0 0 0 0 1 0 0 0 0 0]
[919807379153669578206791031775076117743626261581867700491826816500305321 0 0 0 0 0 0 0 0 0 0 0 0 0 0 0 0 0 0 1 0 0 0 0]
[1007414937810169578511879347849160569100033837288059164288744051678077934 0 0 0 0 0 0 0 0 0 0 0 0 0 0 0 0 0 0 0 1 0 0 0]
[388983712747849682487495748799434191520854065527257831759995959404786712 0 0 0 0 0 0 0 0 0 0 0 0 0 0 0 0 0 0 0 0 1 0 0]
[756683858961584243748465681412150640188172188969712474564867524977462267 0 0 0 0 0 0 0 0 0 0 0 0 0 0 0 0 0 0 0 0 0 1 0]
[418031269787179240133414455810107952069661756435435443245729975288659580 0 0 0 0 0 0 0 0 0 0 0 0 0 0 0 0 0 0 0 0 0 0 1]
]
