[[1570477816054255514107914036514060468170649491242302656755601064241868083 0 0 0 0 0 0 0 0 0 0 0 0 0 0 0 0 0 0 0 0 0 0 0]
[986158988445134078943568448399223321709842908059459221292026081787760697 1 0 0 0 0 0 0 0 0 0 0 0 0 0 0 0 0 0 0 0 0 0 0]
[541587211274712404111949095803069976295853188156283614231847969651386216 0 1 0 0 0 0 0 0 0 0 0 0 0 0 0 0 0 0 0 0 0 0 0]
[605732978695647022386540204936041722247195796152419339732510327478024426 0 0 1 0 0 0 0 0 0 0 0 0 0 0 0 0 0 0 0 0 0 0 0]
[491899488381938192949821761872627415793946753810692301968410977687935643 0 0 0 1 0 0 0 0 0 0 0 0 0 0 0 0 0 0 0 0 0 0 0]
[1087996786940697652760444404553672478295263838975758781035651606765150765 0 0 0 0 1 0 0 0 0 0 0 0 0 0 0 0 0 0 0 0 0 0 0]
[869170178764771875174720722498196241778580950547248808253701457589397218 0 0 0 0 0 1 0 0 0 0 0 0 0 0 0 0 0 0 0 0 0 0 0]
[1509314185514384447666814426382859935768490292728060479959141078998886556 0 0 0 0 0 0 1 0 0 0 0 0 0 0 0 0 0 0 0 0 0 0 0]
[1231234184254679140275212454622315193769076652823908640589123995595231317 0 0 0 0 0 0 0 1 0 0 0 0 0 0 0 0 0 0 0 0 0 0 0]
[1484394681377612541206072050105766599862046478538652296517969436499418565 0 0 0 0 0 0 0 0 1 0 0 0 0 0 0 0 0 0 0 0 0 0 0]
[835536381690060721332482250234222384201031419192275652290837288047102406 0 0 0 0 0 0 0 0 0 1 0 0 0 0 0 0 0 0 0 0 0 0 0]
[624126354119709293325824838996492508140011782947526542335182709861049368 0 0 0 0 0 0 0 0 0 0 1 0 0 0 0 0 0 0 0 0 0 0 0]
[885783449268087960565897352605583720376119118282767408015094662015463780 0 0 0 0 0 0 0 0 0 0 0 1 0 0 0 0 0 0 0 0 0 0 0]
[583158567600605903310439721792135548405271115937927210890801068830027253 0 0 0 0 0 0 0 0 0 0 0 0 1 0 0 0 0 0 0 0 0 0 0]
[1460285279052076639136556949900971512669619862736143407932752885101621941 0 0 0 0 0 0 0 0 0 0 0 0 0 1 0 0 0 0 0 0 0 0 0]
[369238375911326566265680150427019049969109308672721622682280303509745462 0 0 0 0 0 0 0 0 0 0 0 0 0 0 1 0 0 0 0 0 0 0 0]
[1193682802302514468476811422067959172487507731296766235294793297345030382 0 0 0 0 0 0 0 0 0 0 0 0 0 0 0 1 0 0 0 0 0 0 0]
[1484462589121412419231753021361095838869010969170241941560235867115234445 0 0 0 0 0 0 0 0 0 0 0 0 0 0 0 0 1 0 0 0 0 0 0]
[354602173986253614647760065331084056870031765109989188403316473682643486 0 0 0 0 0 0 0 0 0 0 0 0 0 0 0 0 0 1 0 0 0 0 0]
[972000158692428614421817825772900189131145945835243677841878792621326877 0 0 0 0 0 0 0 0 0 0 0 0 0 0 0 0 0 0 1 0 0 0 0]
[497911207778851473725874989717562485949741292530800601090716422138696002 0 0 0 0 0 0 0 0 0 0 0 0 0 0 0 0 0 0 0 1 0 0 0]
[344254250640050363578211464871974878590315132411923020565482204176173517 0 0 0 0 0 0 0 0 0 0 0 0 0 0 0 0 0 0 0 0 1 0 0]
[65015356768421892963608136101946351726414146275073644333969093497984113 0 0 0 0 0 0 0 0 0 0 0 0 0 0 0 0 0 0 0 0 0 1 0]
[1104712351611656488036245825270484479983682279618424344859735220719154782 0 0 0 0 0 0 0 0 0 0 0 0 0 0 0 0 0 0 0 0 0 0 1]
]
