[[926027390813741132175976776323359078714013531064118060759547916684971063 0 0 0 0 0 0 0 0 0 0 0 0 0 0 0 0 0 0 0 0 0 0 0]
[392360160261449328466384915805997836917476695451511949016012171159628075 1 0 0 0 0 0 0 0 0 0 0 0 0 0 0 0 0 0 0 0 0 0 0]
[303514601419044205261415552767798009039794210305936105609018068454647784 0 1 0 0 0 0 0 0 0 0 0 0 0 0 0 0 0 0 0 0 0 0 0]
[907148798853025811828365954247423272628239608813517855157261454234205416 0 0 1 0 0 0 0 0 0 0 0 0 0 0 0 0 0 0 0 0 0 0 0]
[359974108095769667145310321593097937592727249333940633235344817411401446 0 0 0 1 0 0 0 0 0 0 0 0 0 0 0 0 0 0 0 0 0 0 0]
[324830379721365221019418559579010957107668259778902626096855946714391053 0 0 0 0 1 0 0 0 0 0 0 0 0 0 0 0 0 0 0 0 0 0 0]
[808523916040838614530869636136470337222326175368951239302184960169228901 0 0 0 0 0 1 0 0 0 0 0 0 0 0 0 0 0 0 0 0 0 0 0]
[139972367583126204159103518330253763125024923782271962277343911182402128 0 0 0 0 0 0 1 0 0 0 0 0 0 0 0 0 0 0 0 0 0 0 0]
[675978388363256896984992285833036717556251266269278927218053450281255825 0 0 0 0 0 0 0 1 0 0 0 0 0 0 0 0 0 0 0 0 0 0 0]
[313717114839098880949561430312129609357204386776356030882579782034424341 0 0 0 0 0 0 0 0 1 0 0 0 0 0 0 0 0 0 0 0 0 0 0]
[45944116839092494060113625098763014139144518401728808193113854034470303 0 0 0 0 0 0 0 0 0 1 0 0 0 0 0 0 0 0 0 0 0 0 0]
[461912907154857143128494117657914148052718270325116910038774426756897571 0 0 0 0 0 0 0 0 0 0 1 0 0 0 0 0 0 0 0 0 0 0 0]
[72835744962164606419368597245390312023808206441603073813316257021610138 0 0 0 0 0 0 0 0 0 0 0 1 0 0 0 0 0 0 0 0 0 0 0]
[267087214428934607374771584005462544266244839730103453100807477551481607 0 0 0 0 0 0 0 0 0 0 0 0 1 0 0 0 0 0 0 0 0 0 0]
[733164975091884100797664127033269799068541705768434088679279920031045505 0 0 0 0 0 0 0 0 0 0 0 0 0 1 0 0 0 0 0 0 0 0 0]
[459897582796524757813445213999209947631125040448971511025090254988652436 0 0 0 0 0 0 0 0 0 0 0 0 0 0 1 0 0 0 0 0 0 0 0]
[500500533721644424409226566554908686438644101334668229024424369701149022 0 0 0 0 0 0 0 0 0 0 0 0 0 0 0 1 0 0 0 0 0 0 0]
[902343334551892909095558899131671054712637307766661076449371683493563434 0 0 0 0 0 0 0 0 0 0 0 0 0 0 0 0 1 0 0 0 0 0 0]
[53020817993705037914041366902920213670565554075960828549982793078037732 0 0 0 0 0 0 0 0 0 0 0 0 0 0 0 0 0 1 0 0 0 0 0]
[647074910937593388245140148752943591673816136200632024819483772947508216 0 0 0 0 0 0 0 0 0 0 0 0 0 0 0 0 0 0 1 0 0 0 0]
[819407548287382971204982099539907525687000344286904609007011229697525559 0 0 0 0 0 0 0 0 0 0 0 0 0 0 0 0 0 0 0 1 0 0 0]
[62253183413950852632456468503425171857511340226111020900689784702500439 0 0 0 0 0 0 0 0 0 0 0 0 0 0 0 0 0 0 0 0 1 0 0]
[72542632100210931744943442396931949897076183280328838828960691867636452 0 0 0 0 0 0 0 0 0 0 0 0 0 0 0 0 0 0 0 0 0 1 0]
[566966271454846417231575501767500861287331504962859777755162205282937447 0 0 0 0 0 0 0 0 0 0 0 0 0 0 0 0 0 0 0 0 0 0 1]
]
