[[1202303197169670278439146416458669175676108989707365107084479360408924647 0 0 0 0 0 0 0 0 0 0 0 0 0 0 0 0 0 0 0 0 0 0 0]
[121653991256564728597178457509765643416860424044346807606237256243595774 1 0 0 0 0 0 0 0 0 0 0 0 0 0 0 0 0 0 0 0 0 0 0]
[54782124396713902546282170616044955983130506177172921846888906703095132 0 1 0 0 0 0 0 0 0 0 0 0 0 0 0 0 0 0 0 0 0 0 0]
[419896094902506724385141886223353216403016420137793774438444552792980069 0 0 1 0 0 0 0 0 0 0 0 0 0 0 0 0 0 0 0 0 0 0 0]
[970288928420927170288657858644580248739279306385244662495757842772753732 0 0 0 1 0 0 0 0 0 0 0 0 0 0 0 0 0 0 0 0 0 0 0]
[375472063078482524662368485053712489316378821876134633504093411982622532 0 0 0 0 1 0 0 0 0 0 0 0 0 0 0 0 0 0 0 0 0 0 0]
[360665836416158598998438971288974759100227353406084655693811464864204381 0 0 0 0 0 1 0 0 0 0 0 0 0 0 0 0 0 0 0 0 0 0 0]
[604558736915292777518152054882810928626894108656433615330133079085770413 0 0 0 0 0 0 1 0 0 0 0 0 0 0 0 0 0 0 0 0 0 0 0]
[406376982920264989391146960326088022209322351697396970209980377350146078 0 0 0 0 0 0 0 1 0 0 0 0 0 0 0 0 0 0 0 0 0 0 0]
[984801138191568413463790199806616170017957702568033734281969193855140727 0 0 0 0 0 0 0 0 1 0 0 0 0 0 0 0 0 0 0 0 0 0 0]
[562932012133138771922630870068882015100796656308237400795741910427555851 0 0 0 0 0 0 0 0 0 1 0 0 0 0 0 0 0 0 0 0 0 0 0]
[408186277862065904848822395284133221732204855015381876654217719851087257 0 0 0 0 0 0 0 0 0 0 1 0 0 0 0 0 0 0 0 0 0 0 0]
[260553820593006783290631526996754835294691001469752959192952216145646907 0 0 0 0 0 0 0 0 0 0 0 1 0 0 0 0 0 0 0 0 0 0 0]
[136336669328016982588043403769393484161107300538402029576651563910371956 0 0 0 0 0 0 0 0 0 0 0 0 1 0 0 0 0 0 0 0 0 0 0]
[23883643809313547056361651009732594338044282507998597481719213593667319 0 0 0 0 0 0 0 0 0 0 0 0 0 1 0 0 0 0 0 0 0 0 0]
[672592090756500369041575024659912780106890279837534837987428494105863506 0 0 0 0 0 0 0 0 0 0 0 0 0 0 1 0 0 0 0 0 0 0 0]
[1087311134674112349951466161353012380220496433893090765090975892835704023 0 0 0 0 0 0 0 0 0 0 0 0 0 0 0 1 0 0 0 0 0 0 0]
[810016368314777978691425281149710614137453285846267787309453439498165080 0 0 0 0 0 0 0 0 0 0 0 0 0 0 0 0 1 0 0 0 0 0 0]
[853949707555930454389340225225823936605010537040910139834956582263113758 0 0 0 0 0 0 0 0 0 0 0 0 0 0 0 0 0 1 0 0 0 0 0]
[753279413298733356806976922646415981818789611775278762283173810544456157 0 0 0 0 0 0 0 0 0 0 0 0 0 0 0 0 0 0 1 0 0 0 0]
[389795562398911426333338813003893227146397095638531145971068746263669173 0 0 0 0 0 0 0 0 0 0 0 0 0 0 0 0 0 0 0 1 0 0 0]
[3669713170358509972341721942930856185514276066490069422992688570853739 0 0 0 0 0 0 0 0 0 0 0 0 0 0 0 0 0 0 0 0 1 0 0]
[842592710957303156206129915047019483726001685826995446460618471885275991 0 0 0 0 0 0 0 0 0 0 0 0 0 0 0 0 0 0 0 0 0 1 0]
[728096717783179951847848296522758962679810648014459084783339007812124953 0 0 0 0 0 0 0 0 0 0 0 0 0 0 0 0 0 0 0 0 0 0 1]
]
