[[934556797259799801246336805837381697288736673208475711943095907009372649 0 0 0 0 0 0 0 0 0 0 0 0 0 0 0 0 0 0 0 0 0 0 0]
[861701786621605706576311058036983478932831963377908999070081907805939817 1 0 0 0 0 0 0 0 0 0 0 0 0 0 0 0 0 0 0 0 0 0 0]
[173243938886304665125201731537620114199822738261450098117452444364336054 0 1 0 0 0 0 0 0 0 0 0 0 0 0 0 0 0 0 0 0 0 0 0]
[538340938315751584174144976735464185433833719263373453528067474727333772 0 0 1 0 0 0 0 0 0 0 0 0 0 0 0 0 0 0 0 0 0 0 0]
[848650545866754038639602363937260032608161553308664298044283359293482596 0 0 0 1 0 0 0 0 0 0 0 0 0 0 0 0 0 0 0 0 0 0 0]
[414041068182254365396047991542725730576656799441689393825402654837025822 0 0 0 0 1 0 0 0 0 0 0 0 0 0 0 0 0 0 0 0 0 0 0]
[592924929362446251814474354487606764344915461965486465266003942400403986 0 0 0 0 0 1 0 0 0 0 0 0 0 0 0 0 0 0 0 0 0 0 0]
[433273282113201816438902608977475191474200932653135726741058863376145248 0 0 0 0 0 0 1 0 0 0 0 0 0 0 0 0 0 0 0 0 0 0 0]
[304419273464394915309724825751615921612576178352836189710186107776187124 0 0 0 0 0 0 0 1 0 0 0 0 0 0 0 0 0 0 0 0 0 0 0]
[91879079177511671940887066699585149324236221503800065142810311762730574 0 0 0 0 0 0 0 0 1 0 0 0 0 0 0 0 0 0 0 0 0 0 0]
[73877101593244915012836857551768002122180279916637091853388411002562806 0 0 0 0 0 0 0 0 0 1 0 0 0 0 0 0 0 0 0 0 0 0 0]
[526340006158090785308522052417818073814237344991538404600974010509024900 0 0 0 0 0 0 0 0 0 0 1 0 0 0 0 0 0 0 0 0 0 0 0]
[483101820348027590450149075675184872414268722109695648412054643240220834 0 0 0 0 0 0 0 0 0 0 0 1 0 0 0 0 0 0 0 0 0 0 0]
[456592443097024061177862587067729557226943770016764093128720370407535970 0 0 0 0 0 0 0 0 0 0 0 0 1 0 0 0 0 0 0 0 0 0 0]
[689476782266650285097572783551578981484626506926875152579764630598441422 0 0 0 0 0 0 0 0 0 0 0 0 0 1 0 0 0 0 0 0 0 0 0]
[71290503602503981164334122165485275631229641152045547685242883730767181 0 0 0 0 0 0 0 0 0 0 0 0 0 0 1 0 0 0 0 0 0 0 0]
[258288354695146883616504857665315920889713494274789835496961858614200086 0 0 0 0 0 0 0 0 0 0 0 0 0 0 0 1 0 0 0 0 0 0 0]
[5499462776387473332185908831077147755130100530479721247008992584904590 0 0 0 0 0 0 0 0 0 0 0 0 0 0 0 0 1 0 0 0 0 0 0]
[173824579800182421716049154668314175465742243106055185438909771996415396 0 0 0 0 0 0 0 0 0 0 0 0 0 0 0 0 0 1 0 0 0 0 0]
[920082965248930587427006039639133420052652590192233607985624167959797247 0 0 0 0 0 0 0 0 0 0 0 0 0 0 0 0 0 0 1 0 0 0 0]
[221868238012781860471293363111120536973983640737132442844179422053280886 0 0 0 0 0 0 0 0 0 0 0 0 0 0 0 0 0 0 0 1 0 0 0]
[839472700113912268813401252477313631240121031978695305455662612990214645 0 0 0 0 0 0 0 0 0 0 0 0 0 0 0 0 0 0 0 0 1 0 0]
[686795664393559946310843832717427585826936112323217284699305701434307147 0 0 0 0 0 0 0 0 0 0 0 0 0 0 0 0 0 0 0 0 0 1 0]
[39552822815750927755697097553936320426040570281663598206007087421816696 0 0 0 0 0 0 0 0 0 0 0 0 0 0 0 0 0 0 0 0 0 0 1]
]
