[[1634659930573119792568478882885784608419161129187346728153005518481232523 0 0 0 0 0 0 0 0 0 0 0 0 0 0 0 0 0 0 0 0 0 0 0]
[107053325165702989561717935489424158530483899660425600395053965753664821 1 0 0 0 0 0 0 0 0 0 0 0 0 0 0 0 0 0 0 0 0 0 0]
[488347523116193070126619161322376754438678269806127562253330375022461724 0 1 0 0 0 0 0 0 0 0 0 0 0 0 0 0 0 0 0 0 0 0 0]
[258416976875071483200713396918422299520898218615179112917275138522512377 0 0 1 0 0 0 0 0 0 0 0 0 0 0 0 0 0 0 0 0 0 0 0]
[961578976218401590917015498694712491291349270107343000160109917594720103 0 0 0 1 0 0 0 0 0 0 0 0 0 0 0 0 0 0 0 0 0 0 0]
[153101545045361553790213474736752145880710844662766706244392158316424965 0 0 0 0 1 0 0 0 0 0 0 0 0 0 0 0 0 0 0 0 0 0 0]
[1384458438939866041031504806142929401137057798398310069596846996742872126 0 0 0 0 0 1 0 0 0 0 0 0 0 0 0 0 0 0 0 0 0 0 0]
[233235083255850754258171120505307991450360829686722628032623951244106019 0 0 0 0 0 0 1 0 0 0 0 0 0 0 0 0 0 0 0 0 0 0 0]
[1044304215382660159540619995583324096987545922649122194573516202543712160 0 0 0 0 0 0 0 1 0 0 0 0 0 0 0 0 0 0 0 0 0 0 0]
[1196179330044902959347355095699176831715679989274516027984669747973055658 0 0 0 0 0 0 0 0 1 0 0 0 0 0 0 0 0 0 0 0 0 0 0]
[1442828655737237988161663973136984538949069531773922827371840319465023889 0 0 0 0 0 0 0 0 0 1 0 0 0 0 0 0 0 0 0 0 0 0 0]
[620187591262452501855476047636632357852309311244280463029463968791297309 0 0 0 0 0 0 0 0 0 0 1 0 0 0 0 0 0 0 0 0 0 0 0]
[422201569220247692172036431903319568692704303690533615487687410312221659 0 0 0 0 0 0 0 0 0 0 0 1 0 0 0 0 0 0 0 0 0 0 0]
[305952558576306851963623384468991931118962748822827261295704851160600340 0 0 0 0 0 0 0 0 0 0 0 0 1 0 0 0 0 0 0 0 0 0 0]
[823187796457444112646031679570327946535939760374261558863613429046986063 0 0 0 0 0 0 0 0 0 0 0 0 0 1 0 0 0 0 0 0 0 0 0]
[1464887920840940670103888405742017296647789968221581672437263659439857979 0 0 0 0 0 0 0 0 0 0 0 0 0 0 1 0 0 0 0 0 0 0 0]
[373950836614004973890856846078045353601952716349852301120986785979210039 0 0 0 0 0 0 0 0 0 0 0 0 0 0 0 1 0 0 0 0 0 0 0]
[622710380978346722885981178143278250547023184999595908816974299858875619 0 0 0 0 0 0 0 0 0 0 0 0 0 0 0 0 1 0 0 0 0 0 0]
[400059509082585929689599723582488106603797979302380895136193228652787866 0 0 0 0 0 0 0 0 0 0 0 0 0 0 0 0 0 1 0 0 0 0 0]
[215091656048331282685428645803706246921509806481216684248217487180214443 0 0 0 0 0 0 0 0 0 0 0 0 0 0 0 0 0 0 1 0 0 0 0]
[1493848209317640163353465331773246230817814883613082926348466577200754920 0 0 0 0 0 0 0 0 0 0 0 0 0 0 0 0 0 0 0 1 0 0 0]
[921247449264837438108632285167061758159793879219325754193836494207485741 0 0 0 0 0 0 0 0 0 0 0 0 0 0 0 0 0 0 0 0 1 0 0]
[1138017536026036892877622936816880900596982372342917960741781635859296438 0 0 0 0 0 0 0 0 0 0 0 0 0 0 0 0 0 0 0 0 0 1 0]
[122114161885691445111116059949186819417952400617378727362215314226371172 0 0 0 0 0 0 0 0 0 0 0 0 0 0 0 0 0 0 0 0 0 0 1]
]
