[[1731774265764972756044894790848332069292136123755703212119051181455047407 0 0 0 0 0 0 0 0 0 0 0 0 0 0 0 0 0 0 0 0 0 0 0]
[647297184896188287481852727170746967521288469723880819071927936788121222 1 0 0 0 0 0 0 0 0 0 0 0 0 0 0 0 0 0 0 0 0 0 0]
[608989074722090558045750063238367786843953607284513099573180191815457527 0 1 0 0 0 0 0 0 0 0 0 0 0 0 0 0 0 0 0 0 0 0 0]
[57478395477414239762254893363463265701266852898938601398878466961907400 0 0 1 0 0 0 0 0 0 0 0 0 0 0 0 0 0 0 0 0 0 0 0]
[1375203681413215284509508417453278155475448364626923178528463893101217436 0 0 0 1 0 0 0 0 0 0 0 0 0 0 0 0 0 0 0 0 0 0 0]
[260973146512336793283938655237536857128960851318749120912041704516067949 0 0 0 0 1 0 0 0 0 0 0 0 0 0 0 0 0 0 0 0 0 0 0]
[1603362913745888782907916078539392141203879165319615254462255444724901458 0 0 0 0 0 1 0 0 0 0 0 0 0 0 0 0 0 0 0 0 0 0 0]
[1276981493227464686842921343334001224021887646433421672246289241660045894 0 0 0 0 0 0 1 0 0 0 0 0 0 0 0 0 0 0 0 0 0 0 0]
[324467073845554293266496551759956279703848323564918935768199040650633977 0 0 0 0 0 0 0 1 0 0 0 0 0 0 0 0 0 0 0 0 0 0 0]
[188322096363150565377458639160674931172596311165863402104534406111413732 0 0 0 0 0 0 0 0 1 0 0 0 0 0 0 0 0 0 0 0 0 0 0]
[1396385872604466355043007924609296126068896318019458886619793153288823997 0 0 0 0 0 0 0 0 0 1 0 0 0 0 0 0 0 0 0 0 0 0 0]
[1443442780194067980131856099060989396229761688521654322607841610129544500 0 0 0 0 0 0 0 0 0 0 1 0 0 0 0 0 0 0 0 0 0 0 0]
[33956083807185005614883962943845102213858445876261619071903708656923253 0 0 0 0 0 0 0 0 0 0 0 1 0 0 0 0 0 0 0 0 0 0 0]
[1493773668421748611093929610366966728081898132474084717513111616810502329 0 0 0 0 0 0 0 0 0 0 0 0 1 0 0 0 0 0 0 0 0 0 0]
[54653292093790676149397980187603143497712638505183260392012354774568326 0 0 0 0 0 0 0 0 0 0 0 0 0 1 0 0 0 0 0 0 0 0 0]
[1505461753000566832302721659870766864216227445526023731856356882166756137 0 0 0 0 0 0 0 0 0 0 0 0 0 0 1 0 0 0 0 0 0 0 0]
[957871905581596671594110984297030594836458542646895376570782388474622765 0 0 0 0 0 0 0 0 0 0 0 0 0 0 0 1 0 0 0 0 0 0 0]
[1107097198717978894989438409560762260176020643081269263160048473284616395 0 0 0 0 0 0 0 0 0 0 0 0 0 0 0 0 1 0 0 0 0 0 0]
[657004779355315081397647376957083782050686741076577698209657858709301950 0 0 0 0 0 0 0 0 0 0 0 0 0 0 0 0 0 1 0 0 0 0 0]
[1058806501299513587924969977937747946378160821808169145470025138964660708 0 0 0 0 0 0 0 0 0 0 0 0 0 0 0 0 0 0 1 0 0 0 0]
[740390031820749993245478162516373466020445500578447203807384656442273362 0 0 0 0 0 0 0 0 0 0 0 0 0 0 0 0 0 0 0 1 0 0 0]
[1087140000124388679462716495042526064453014672843773977510145587279360580 0 0 0 0 0 0 0 0 0 0 0 0 0 0 0 0 0 0 0 0 1 0 0]
[961233027059508144501025992448271336699515521767992808578870754717968270 0 0 0 0 0 0 0 0 0 0 0 0 0 0 0 0 0 0 0 0 0 1 0]
[1028752928616353168574321305494439495693498595333256628832430491529931685 0 0 0 0 0 0 0 0 0 0 0 0 0 0 0 0 0 0 0 0 0 0 1]
]
