[[1524522789259275668995902830929690559639584863516359483965402817660366107 0 0 0 0 0 0 0 0 0 0 0 0 0 0 0 0 0 0 0 0 0 0 0]
[184740466412298414473664042573636085660468716387895509260393831988497126 1 0 0 0 0 0 0 0 0 0 0 0 0 0 0 0 0 0 0 0 0 0 0]
[1043397790332087782884310925013553601892591622756220908173774044177025264 0 1 0 0 0 0 0 0 0 0 0 0 0 0 0 0 0 0 0 0 0 0 0]
[975877098299669509229449985624288694480886829226839379153374578796593136 0 0 1 0 0 0 0 0 0 0 0 0 0 0 0 0 0 0 0 0 0 0 0]
[515138117904759306728668417746525823691558364590366554062595598447262888 0 0 0 1 0 0 0 0 0 0 0 0 0 0 0 0 0 0 0 0 0 0 0]
[510572806885113041307980238436555762076758197190579484421952996281520565 0 0 0 0 1 0 0 0 0 0 0 0 0 0 0 0 0 0 0 0 0 0 0]
[1355537879698374384123761485926095000366626865657005847268172911932836360 0 0 0 0 0 1 0 0 0 0 0 0 0 0 0 0 0 0 0 0 0 0 0]
[875716170743340264755958701810535927498167346108824877350267252661539519 0 0 0 0 0 0 1 0 0 0 0 0 0 0 0 0 0 0 0 0 0 0 0]
[1310083636312157652533038566166221035308125179251362309893414410082406787 0 0 0 0 0 0 0 1 0 0 0 0 0 0 0 0 0 0 0 0 0 0 0]
[421589148870721499533519945691750336065273848537752531119139946678871239 0 0 0 0 0 0 0 0 1 0 0 0 0 0 0 0 0 0 0 0 0 0 0]
[23183247232559481824482341665205854263118797697679579217813194843795754 0 0 0 0 0 0 0 0 0 1 0 0 0 0 0 0 0 0 0 0 0 0 0]
[599467171404537916055474721146119718540598597968378087413489264597439949 0 0 0 0 0 0 0 0 0 0 1 0 0 0 0 0 0 0 0 0 0 0 0]
[70929107304930217118901702567191137033945402260046786767500901947555840 0 0 0 0 0 0 0 0 0 0 0 1 0 0 0 0 0 0 0 0 0 0 0]
[658748601186275833458346560365117009431844017410773863439745740930255556 0 0 0 0 0 0 0 0 0 0 0 0 1 0 0 0 0 0 0 0 0 0 0]
[1024477072343642230516084264503637098300646110109213372107236066213787015 0 0 0 0 0 0 0 0 0 0 0 0 0 1 0 0 0 0 0 0 0 0 0]
[1309312038932988957113132140179994059862383368626514240936907024310380843 0 0 0 0 0 0 0 0 0 0 0 0 0 0 1 0 0 0 0 0 0 0 0]
[1448265057955332337284981371870115992620669012938366997483417543694466869 0 0 0 0 0 0 0 0 0 0 0 0 0 0 0 1 0 0 0 0 0 0 0]
[1204192451556415255761042168967309862862990553832744196762410392272053730 0 0 0 0 0 0 0 0 0 0 0 0 0 0 0 0 1 0 0 0 0 0 0]
[211603315692046862008188591226828901802104513999572740527288587645336277 0 0 0 0 0 0 0 0 0 0 0 0 0 0 0 0 0 1 0 0 0 0 0]
[615856092238952719324998472320212397383698534540844743586137199021018894 0 0 0 0 0 0 0 0 0 0 0 0 0 0 0 0 0 0 1 0 0 0 0]
[177515699688031188304032366381980243293713718098531482004750983317764509 0 0 0 0 0 0 0 0 0 0 0 0 0 0 0 0 0 0 0 1 0 0 0]
[237587190712762719740137593025927980362988015684066847668430163834058587 0 0 0 0 0 0 0 0 0 0 0 0 0 0 0 0 0 0 0 0 1 0 0]
[792224077262759683149918199786321287709977247074973913934999439968773630 0 0 0 0 0 0 0 0 0 0 0 0 0 0 0 0 0 0 0 0 0 1 0]
[32563660117624212375820396332309892954053849685628885550215643283740574 0 0 0 0 0 0 0 0 0 0 0 0 0 0 0 0 0 0 0 0 0 0 1]
]
