[[1656667257972581521246138420999717862010477529934987033732398109179376369 0 0 0 0 0 0 0 0 0 0 0 0 0 0 0 0 0 0 0 0 0 0 0]
[498317722381545909801852548474636092095035522694009152892763742571385510 1 0 0 0 0 0 0 0 0 0 0 0 0 0 0 0 0 0 0 0 0 0 0]
[1271006904198058819705482027262102246874926290720341387865258251517230807 0 1 0 0 0 0 0 0 0 0 0 0 0 0 0 0 0 0 0 0 0 0 0]
[268091211407391853620245185638440186247218219879957340947211314057511706 0 0 1 0 0 0 0 0 0 0 0 0 0 0 0 0 0 0 0 0 0 0 0]
[1549457557166982914975625015372964552758229422359744534632271030549480214 0 0 0 1 0 0 0 0 0 0 0 0 0 0 0 0 0 0 0 0 0 0 0]
[955107562308500918997936922635530908250963056217525862994888083379272127 0 0 0 0 1 0 0 0 0 0 0 0 0 0 0 0 0 0 0 0 0 0 0]
[1250337009508085239586036651803920912484665776466873447818851600828689612 0 0 0 0 0 1 0 0 0 0 0 0 0 0 0 0 0 0 0 0 0 0 0]
[1610592171024945546335625602730349169648237276775385333382701846273545010 0 0 0 0 0 0 1 0 0 0 0 0 0 0 0 0 0 0 0 0 0 0 0]
[106556251307682842562389296832701846054814479792600712466693757887535149 0 0 0 0 0 0 0 1 0 0 0 0 0 0 0 0 0 0 0 0 0 0 0]
[857344672542195877860283077308995301581784116650914557944007589217792906 0 0 0 0 0 0 0 0 1 0 0 0 0 0 0 0 0 0 0 0 0 0 0]
[101897843322561388510888679789521008337279005003770810373226044310052044 0 0 0 0 0 0 0 0 0 1 0 0 0 0 0 0 0 0 0 0 0 0 0]
[789392733619489392114364963639434945817438124657264868987418732263057267 0 0 0 0 0 0 0 0 0 0 1 0 0 0 0 0 0 0 0 0 0 0 0]
[800028558807315070413280086208133857491257989622218404419460034875553000 0 0 0 0 0 0 0 0 0 0 0 1 0 0 0 0 0 0 0 0 0 0 0]
[1611356172770545292695322318953120227534638066377393285160687063538670845 0 0 0 0 0 0 0 0 0 0 0 0 1 0 0 0 0 0 0 0 0 0 0]
[1403499873047122330712162988618435963629921770444213667570102048546423501 0 0 0 0 0 0 0 0 0 0 0 0 0 1 0 0 0 0 0 0 0 0 0]
[1166810693647099141949491150754024953008880554631102152428876223296375513 0 0 0 0 0 0 0 0 0 0 0 0 0 0 1 0 0 0 0 0 0 0 0]
[813096235843622576745281067191459163065805201669085109220838069183604348 0 0 0 0 0 0 0 0 0 0 0 0 0 0 0 1 0 0 0 0 0 0 0]
[1268308909017136774191664776362931822180885030046345374776523779471321526 0 0 0 0 0 0 0 0 0 0 0 0 0 0 0 0 1 0 0 0 0 0 0]
[640747973374353560088124145707356877374422604753807066107021471868263195 0 0 0 0 0 0 0 0 0 0 0 0 0 0 0 0 0 1 0 0 0 0 0]
[890356303247293576875894170023558266283151507329756293466552212495222254 0 0 0 0 0 0 0 0 0 0 0 0 0 0 0 0 0 0 1 0 0 0 0]
[350430958031257131079429592751850198426920460577975248727524223561887411 0 0 0 0 0 0 0 0 0 0 0 0 0 0 0 0 0 0 0 1 0 0 0]
[878582599945713369429810319669392423459028842964614282195867165455447501 0 0 0 0 0 0 0 0 0 0 0 0 0 0 0 0 0 0 0 0 1 0 0]
[791074400127844315843369913773585621732783223015559592875458302485611959 0 0 0 0 0 0 0 0 0 0 0 0 0 0 0 0 0 0 0 0 0 1 0]
[922012954647335724680615216725497834838980596052986459135977462269836687 0 0 0 0 0 0 0 0 0 0 0 0 0 0 0 0 0 0 0 0 0 0 1]
]
