[[967221751943203029874618851880339706128287797970009069935301317085860483 0 0 0 0 0 0 0 0 0 0 0 0 0 0 0 0 0 0 0 0 0 0 0]
[634974763533773739308252030376289114645807198996269769240958100369921783 1 0 0 0 0 0 0 0 0 0 0 0 0 0 0 0 0 0 0 0 0 0 0]
[454657451062141488638609622155526274379761337104280059466845903922202343 0 1 0 0 0 0 0 0 0 0 0 0 0 0 0 0 0 0 0 0 0 0 0]
[354535514712224321104408211061526279988471547171894482121387482864547100 0 0 1 0 0 0 0 0 0 0 0 0 0 0 0 0 0 0 0 0 0 0 0]
[657114580475467054388776527918639455776170563917977314923644155923577141 0 0 0 1 0 0 0 0 0 0 0 0 0 0 0 0 0 0 0 0 0 0 0]
[948316700511188103561541507579394055116005100401502047975361567465277082 0 0 0 0 1 0 0 0 0 0 0 0 0 0 0 0 0 0 0 0 0 0 0]
[342381270458181893229653174006538779905450598608815693763330672104340002 0 0 0 0 0 1 0 0 0 0 0 0 0 0 0 0 0 0 0 0 0 0 0]
[534783945501701247314486316211547683660820701523318304612495869814459632 0 0 0 0 0 0 1 0 0 0 0 0 0 0 0 0 0 0 0 0 0 0 0]
[189642294981924626067809532113347964213884998602623794531808926812786249 0 0 0 0 0 0 0 1 0 0 0 0 0 0 0 0 0 0 0 0 0 0 0]
[942616579819813354393401055388950344113457327187601101947716945501937507 0 0 0 0 0 0 0 0 1 0 0 0 0 0 0 0 0 0 0 0 0 0 0]
[285120119592696920902325013370320322669547865113814101695430915004823383 0 0 0 0 0 0 0 0 0 1 0 0 0 0 0 0 0 0 0 0 0 0 0]
[221808785586889271883962151966773113912765911568711869294705836434392365 0 0 0 0 0 0 0 0 0 0 1 0 0 0 0 0 0 0 0 0 0 0 0]
[376829282912613384361798930066274472903774430998391672702939394262184589 0 0 0 0 0 0 0 0 0 0 0 1 0 0 0 0 0 0 0 0 0 0 0]
[845837678082097414945402037572948086867569204728990425431784995855013470 0 0 0 0 0 0 0 0 0 0 0 0 1 0 0 0 0 0 0 0 0 0 0]
[122660540776039798944717361773317680110140781234195715449208190240519026 0 0 0 0 0 0 0 0 0 0 0 0 0 1 0 0 0 0 0 0 0 0 0]
[775818984528382652667328482554902111148157219256766049108774632568176594 0 0 0 0 0 0 0 0 0 0 0 0 0 0 1 0 0 0 0 0 0 0 0]
[842293800522682909393160441074119049933800105434059337899054984989939160 0 0 0 0 0 0 0 0 0 0 0 0 0 0 0 1 0 0 0 0 0 0 0]
[845196536512654535467424683764922130548842825053030941097905130280811286 0 0 0 0 0 0 0 0 0 0 0 0 0 0 0 0 1 0 0 0 0 0 0]
[842986233546601063598677907712311567383678298552815346667931143867578363 0 0 0 0 0 0 0 0 0 0 0 0 0 0 0 0 0 1 0 0 0 0 0]
[891992694352543950538474912685507325658678397462610941177129471399012122 0 0 0 0 0 0 0 0 0 0 0 0 0 0 0 0 0 0 1 0 0 0 0]
[339504405444550898348844446512035156368302579955781232065317518204221787 0 0 0 0 0 0 0 0 0 0 0 0 0 0 0 0 0 0 0 1 0 0 0]
[399402114844454623475376966933507973841510320572945391129178319754647301 0 0 0 0 0 0 0 0 0 0 0 0 0 0 0 0 0 0 0 0 1 0 0]
[131012296320835072754685936280026916120074845938542487526992524684678453 0 0 0 0 0 0 0 0 0 0 0 0 0 0 0 0 0 0 0 0 0 1 0]
[202030506184888252721017447349918038437690435889795316327363461842690416 0 0 0 0 0 0 0 0 0 0 0 0 0 0 0 0 0 0 0 0 0 0 1]
]
