[[1305252324415947115565062445869150984591608122047649906811504319172304049 0 0 0 0 0 0 0 0 0 0 0 0 0 0 0 0 0 0 0 0 0 0 0]
[1098814220085327744122174888048870904624540191656023605510969680886843214 1 0 0 0 0 0 0 0 0 0 0 0 0 0 0 0 0 0 0 0 0 0 0]
[1289727701409503198029057437817121452451822445649601030883827949273285432 0 1 0 0 0 0 0 0 0 0 0 0 0 0 0 0 0 0 0 0 0 0 0]
[662613356875899331104977128368865705079088703087255722484000219994182524 0 0 1 0 0 0 0 0 0 0 0 0 0 0 0 0 0 0 0 0 0 0 0]
[1230533755805284462873118147827203454349151825151868270475893202806330054 0 0 0 1 0 0 0 0 0 0 0 0 0 0 0 0 0 0 0 0 0 0 0]
[11173111937035395491952668584237777178646788178106190724757586548801382 0 0 0 0 1 0 0 0 0 0 0 0 0 0 0 0 0 0 0 0 0 0 0]
[568722230868200417568037270917206355157476052404513117342183307772812318 0 0 0 0 0 1 0 0 0 0 0 0 0 0 0 0 0 0 0 0 0 0 0]
[233180042149533275590141112892251763603984258377219050797748990525921643 0 0 0 0 0 0 1 0 0 0 0 0 0 0 0 0 0 0 0 0 0 0 0]
[1092454464178007377931011763086742940162910745609185173269093399160682415 0 0 0 0 0 0 0 1 0 0 0 0 0 0 0 0 0 0 0 0 0 0 0]
[18151753278516778709168597887780321672750387174228677396091429794828137 0 0 0 0 0 0 0 0 1 0 0 0 0 0 0 0 0 0 0 0 0 0 0]
[500712296919444415389775168445522643959974603641239404226345428129902530 0 0 0 0 0 0 0 0 0 1 0 0 0 0 0 0 0 0 0 0 0 0 0]
[1097766055750475796960041128597208644806280771554033785433955943729860490 0 0 0 0 0 0 0 0 0 0 1 0 0 0 0 0 0 0 0 0 0 0 0]
[1068901473135369261818471698582801078303280354848692668092937932032439989 0 0 0 0 0 0 0 0 0 0 0 1 0 0 0 0 0 0 0 0 0 0 0]
[787536997600192116552135884793028020613036405878179078982027069057013932 0 0 0 0 0 0 0 0 0 0 0 0 1 0 0 0 0 0 0 0 0 0 0]
[174332210411448736225059069210515855121321277177911967506934090778855976 0 0 0 0 0 0 0 0 0 0 0 0 0 1 0 0 0 0 0 0 0 0 0]
[16428725787560311282584814684883397165027314914182448364932578350941040 0 0 0 0 0 0 0 0 0 0 0 0 0 0 1 0 0 0 0 0 0 0 0]
[1089880744966311549270506479129961851847001878023837982849006883472953579 0 0 0 0 0 0 0 0 0 0 0 0 0 0 0 1 0 0 0 0 0 0 0]
[1215352654545053361454370398474201263191111375485934940768979395237142304 0 0 0 0 0 0 0 0 0 0 0 0 0 0 0 0 1 0 0 0 0 0 0]
[36142810806024360675796588783038009129351986997721657493396938383177779 0 0 0 0 0 0 0 0 0 0 0 0 0 0 0 0 0 1 0 0 0 0 0]
[166181972225230691125108421190579293907906653575661370346051236379876872 0 0 0 0 0 0 0 0 0 0 0 0 0 0 0 0 0 0 1 0 0 0 0]
[992571523088157260255791647751350100331077446986875955600723736258402604 0 0 0 0 0 0 0 0 0 0 0 0 0 0 0 0 0 0 0 1 0 0 0]
[336056940492937292301690083805247074189966349761782592188219764987205591 0 0 0 0 0 0 0 0 0 0 0 0 0 0 0 0 0 0 0 0 1 0 0]
[695817425796535403726275265104484641113464105972283015955891691461299747 0 0 0 0 0 0 0 0 0 0 0 0 0 0 0 0 0 0 0 0 0 1 0]
[882560955942959955776661321756698679591287128270024130848791750361500457 0 0 0 0 0 0 0 0 0 0 0 0 0 0 0 0 0 0 0 0 0 0 1]
]
