[[1592831526222711768415035971986274845786388095153221032885077543021408597 0 0 0 0 0 0 0 0 0 0 0 0 0 0 0 0 0 0 0 0 0 0 0]
[1243719267560870786702979607715776013930669339078082108687149495093631791 1 0 0 0 0 0 0 0 0 0 0 0 0 0 0 0 0 0 0 0 0 0 0]
[769806010589530607922150026270339748210954730169646167981998859050193235 0 1 0 0 0 0 0 0 0 0 0 0 0 0 0 0 0 0 0 0 0 0 0]
[1004990698945884397815980652619559733931035146195822267412573959005085119 0 0 1 0 0 0 0 0 0 0 0 0 0 0 0 0 0 0 0 0 0 0 0]
[931011772325615094417235554587129686037789558911105661152833774890367229 0 0 0 1 0 0 0 0 0 0 0 0 0 0 0 0 0 0 0 0 0 0 0]
[292973692474787577532437271060895025009018894832033040533243176630907896 0 0 0 0 1 0 0 0 0 0 0 0 0 0 0 0 0 0 0 0 0 0 0]
[203263770344133876617666676714162909238612975101293974281858996254312972 0 0 0 0 0 1 0 0 0 0 0 0 0 0 0 0 0 0 0 0 0 0 0]
[708631077948281664680585043439849431239088421752817850723555620825885192 0 0 0 0 0 0 1 0 0 0 0 0 0 0 0 0 0 0 0 0 0 0 0]
[238039815002142797826157164052711644185233444175258014140572253396038189 0 0 0 0 0 0 0 1 0 0 0 0 0 0 0 0 0 0 0 0 0 0 0]
[869364255851389578963257428751249663479668750411209013853297084967391999 0 0 0 0 0 0 0 0 1 0 0 0 0 0 0 0 0 0 0 0 0 0 0]
[301740449800010406463123553287587808221582781526690714371377016551259061 0 0 0 0 0 0 0 0 0 1 0 0 0 0 0 0 0 0 0 0 0 0 0]
[1276055846904740372400214923101479571194288724177942808483354473233604423 0 0 0 0 0 0 0 0 0 0 1 0 0 0 0 0 0 0 0 0 0 0 0]
[221760787365295460196780857477617109722278464296154128429305892884392470 0 0 0 0 0 0 0 0 0 0 0 1 0 0 0 0 0 0 0 0 0 0 0]
[627953734312391302905488763840726471487436929585693787066116453253302236 0 0 0 0 0 0 0 0 0 0 0 0 1 0 0 0 0 0 0 0 0 0 0]
[1467083816176158290037836695594446654432492568760865499925361222375469925 0 0 0 0 0 0 0 0 0 0 0 0 0 1 0 0 0 0 0 0 0 0 0]
[40046705059223168341256995255618593376483973645261576412638567119097947 0 0 0 0 0 0 0 0 0 0 0 0 0 0 1 0 0 0 0 0 0 0 0]
[309190805954436370740250495500739973126273660225334589391014540298496594 0 0 0 0 0 0 0 0 0 0 0 0 0 0 0 1 0 0 0 0 0 0 0]
[371706596227343051670826312454665364120999910984788198053258634421518461 0 0 0 0 0 0 0 0 0 0 0 0 0 0 0 0 1 0 0 0 0 0 0]
[146408187604910622957537607716899975635537809118645865744471480811424625 0 0 0 0 0 0 0 0 0 0 0 0 0 0 0 0 0 1 0 0 0 0 0]
[166385693534734508193805052216467018352466419609250065765777170384481591 0 0 0 0 0 0 0 0 0 0 0 0 0 0 0 0 0 0 1 0 0 0 0]
[1325081374165969648296731672547149224643934663198954187019649647702193740 0 0 0 0 0 0 0 0 0 0 0 0 0 0 0 0 0 0 0 1 0 0 0]
[1407664656252626486616063086888992297945895409067091026236318612564461941 0 0 0 0 0 0 0 0 0 0 0 0 0 0 0 0 0 0 0 0 1 0 0]
[294865140031113841448191620696899776393916546383466490708321044732675074 0 0 0 0 0 0 0 0 0 0 0 0 0 0 0 0 0 0 0 0 0 1 0]
[297457309702705480639492075312735052462423019525277785319242987645571492 0 0 0 0 0 0 0 0 0 0 0 0 0 0 0 0 0 0 0 0 0 0 1]
]
