[[1107184688190474969580859973949972376871082713147568834204812741624648317 0 0 0 0 0 0 0 0 0 0 0 0 0 0 0 0 0 0 0 0 0 0 0]
[764485075350622924147599123017383873341608056778675166026483417741224563 1 0 0 0 0 0 0 0 0 0 0 0 0 0 0 0 0 0 0 0 0 0 0]
[1075998901169824931220606512165255958693829852853187937175860413354166993 0 1 0 0 0 0 0 0 0 0 0 0 0 0 0 0 0 0 0 0 0 0 0]
[200344637132148259130171678867526567840620924238313219281500526551193347 0 0 1 0 0 0 0 0 0 0 0 0 0 0 0 0 0 0 0 0 0 0 0]
[29082483968278874295592657921115162252220713531703891688093343816162587 0 0 0 1 0 0 0 0 0 0 0 0 0 0 0 0 0 0 0 0 0 0 0]
[733907469479455002751610627124488040214077268993809528285389515379386996 0 0 0 0 1 0 0 0 0 0 0 0 0 0 0 0 0 0 0 0 0 0 0]
[520317939748186569126934807019956640566657457174968608047182556291195831 0 0 0 0 0 1 0 0 0 0 0 0 0 0 0 0 0 0 0 0 0 0 0]
[34699689625145889854403888937132734733656139656147244599170986685072654 0 0 0 0 0 0 1 0 0 0 0 0 0 0 0 0 0 0 0 0 0 0 0]
[611122126340996195867880293206024659990162567330547302805583407161600563 0 0 0 0 0 0 0 1 0 0 0 0 0 0 0 0 0 0 0 0 0 0 0]
[307337693722989217947290050505616814180975098467806462945760496177488391 0 0 0 0 0 0 0 0 1 0 0 0 0 0 0 0 0 0 0 0 0 0 0]
[816143645975993872826855616445471713835876318873863281174472995470531884 0 0 0 0 0 0 0 0 0 1 0 0 0 0 0 0 0 0 0 0 0 0 0]
[698805348932197720096038152542561233943361925970328716912501381524107109 0 0 0 0 0 0 0 0 0 0 1 0 0 0 0 0 0 0 0 0 0 0 0]
[13715905137722153540209205509602177124032136296605603284974249830183093 0 0 0 0 0 0 0 0 0 0 0 1 0 0 0 0 0 0 0 0 0 0 0]
[575371290204737121036136729203255687363769962954852231044265696836107543 0 0 0 0 0 0 0 0 0 0 0 0 1 0 0 0 0 0 0 0 0 0 0]
[800501500260585463677880031193288431777403536627581760538403680621305122 0 0 0 0 0 0 0 0 0 0 0 0 0 1 0 0 0 0 0 0 0 0 0]
[269086773720653661182290950110120582648561287547132348016295442862796597 0 0 0 0 0 0 0 0 0 0 0 0 0 0 1 0 0 0 0 0 0 0 0]
[602588975624493971025162849861874767480717469015708011849657088091022094 0 0 0 0 0 0 0 0 0 0 0 0 0 0 0 1 0 0 0 0 0 0 0]
[117415784359913367502377366522346566714694002436522995867468602381550077 0 0 0 0 0 0 0 0 0 0 0 0 0 0 0 0 1 0 0 0 0 0 0]
[471077174581054174323587366250728554286496824596266077867702550971058698 0 0 0 0 0 0 0 0 0 0 0 0 0 0 0 0 0 1 0 0 0 0 0]
[8709068722870547752667968322883274332991651018009474928306485064076343 0 0 0 0 0 0 0 0 0 0 0 0 0 0 0 0 0 0 1 0 0 0 0]
[791791474640837791628270914673569175773532497359234875514696689088845423 0 0 0 0 0 0 0 0 0 0 0 0 0 0 0 0 0 0 0 1 0 0 0]
[154504377890538661324926231506416612258091359541061150762408765967294925 0 0 0 0 0 0 0 0 0 0 0 0 0 0 0 0 0 0 0 0 1 0 0]
[1048553625873628586001515478317405686869865516835899807002716191195588050 0 0 0 0 0 0 0 0 0 0 0 0 0 0 0 0 0 0 0 0 0 1 0]
[1066746155419530714822913866623006366882296956000592905332728772362774178 0 0 0 0 0 0 0 0 0 0 0 0 0 0 0 0 0 0 0 0 0 0 1]
]
