[[1125813531536727543520906811771473451374665815974659677388300005581582799 0 0 0 0 0 0 0 0 0 0 0 0 0 0 0 0 0 0 0 0 0 0 0]
[289302497041612986420024894889919809949715611054476075837871960110260226 1 0 0 0 0 0 0 0 0 0 0 0 0 0 0 0 0 0 0 0 0 0 0]
[855235180799492329545057527402031609170400269588727507548425936962765160 0 1 0 0 0 0 0 0 0 0 0 0 0 0 0 0 0 0 0 0 0 0 0]
[386171289616770179438257773697035689180383066278815537112571503717030413 0 0 1 0 0 0 0 0 0 0 0 0 0 0 0 0 0 0 0 0 0 0 0]
[716235855877241007752820329934928753969839916470345450002383144321036594 0 0 0 1 0 0 0 0 0 0 0 0 0 0 0 0 0 0 0 0 0 0 0]
[864566527061006141421351682102273565046714696362936325526724892293457152 0 0 0 0 1 0 0 0 0 0 0 0 0 0 0 0 0 0 0 0 0 0 0]
[1094680984293956047870655769147647610443458463777414901432344950737221057 0 0 0 0 0 1 0 0 0 0 0 0 0 0 0 0 0 0 0 0 0 0 0]
[669383376697629800209606177293301648499319331410754511893478553097317029 0 0 0 0 0 0 1 0 0 0 0 0 0 0 0 0 0 0 0 0 0 0 0]
[16564361001774450989651972668983108421554641306563588679465409360573443 0 0 0 0 0 0 0 1 0 0 0 0 0 0 0 0 0 0 0 0 0 0 0]
[1105393766422493485982725564162883951610959533769956967552731843515811928 0 0 0 0 0 0 0 0 1 0 0 0 0 0 0 0 0 0 0 0 0 0 0]
[234630998103625266598810877829049231349634859378583937588578666635728566 0 0 0 0 0 0 0 0 0 1 0 0 0 0 0 0 0 0 0 0 0 0 0]
[813102143455485199956214122397977827117562676244193419780426040412422054 0 0 0 0 0 0 0 0 0 0 1 0 0 0 0 0 0 0 0 0 0 0 0]
[925720204607997119137807517956847599391126807802035899595561917174854989 0 0 0 0 0 0 0 0 0 0 0 1 0 0 0 0 0 0 0 0 0 0 0]
[788693173431416615359878630432167223317897715561146382887115171286581974 0 0 0 0 0 0 0 0 0 0 0 0 1 0 0 0 0 0 0 0 0 0 0]
[391483202084367614678769494353252872055318107379879376983725589389795255 0 0 0 0 0 0 0 0 0 0 0 0 0 1 0 0 0 0 0 0 0 0 0]
[967095891844373882864695622474637853703440720553578649074225056170786076 0 0 0 0 0 0 0 0 0 0 0 0 0 0 1 0 0 0 0 0 0 0 0]
[1035151396975939090495883356730822027547959372481848433100354841256922479 0 0 0 0 0 0 0 0 0 0 0 0 0 0 0 1 0 0 0 0 0 0 0]
[31151793710440167035191904942695392964034437240159560626807443806941268 0 0 0 0 0 0 0 0 0 0 0 0 0 0 0 0 1 0 0 0 0 0 0]
[684133358921991264768309830223077170637717441021831084988951476660092238 0 0 0 0 0 0 0 0 0 0 0 0 0 0 0 0 0 1 0 0 0 0 0]
[141605863188610047253520869796890947596353095071950955715952086894399260 0 0 0 0 0 0 0 0 0 0 0 0 0 0 0 0 0 0 1 0 0 0 0]
[631784550065804857151992109672895874265469498961873320461830248419901749 0 0 0 0 0 0 0 0 0 0 0 0 0 0 0 0 0 0 0 1 0 0 0]
[46624426160639034237256294434521072675031333336534715859495731479145197 0 0 0 0 0 0 0 0 0 0 0 0 0 0 0 0 0 0 0 0 1 0 0]
[1073490294730848814740257161768597630174916805308569321485173730023124952 0 0 0 0 0 0 0 0 0 0 0 0 0 0 0 0 0 0 0 0 0 1 0]
[898897331871221521197547398802392956865110449340047605956403421153035404 0 0 0 0 0 0 0 0 0 0 0 0 0 0 0 0 0 0 0 0 0 0 1]
]
