[[1036626921104826350946957547316265637886473405453801060771582676935793809 0 0 0 0 0 0 0 0 0 0 0 0 0 0 0 0 0 0 0 0 0 0 0]
[684955464652710640612346066778159486165017130738103952559608991098572294 1 0 0 0 0 0 0 0 0 0 0 0 0 0 0 0 0 0 0 0 0 0 0]
[8033634065135534847867243268587279595611294195343737605369787590704967 0 1 0 0 0 0 0 0 0 0 0 0 0 0 0 0 0 0 0 0 0 0 0]
[216931038987102864481206983728362926516540517974865698692349648793192418 0 0 1 0 0 0 0 0 0 0 0 0 0 0 0 0 0 0 0 0 0 0 0]
[305302977443688357752059034220253325574313667893467378745647599252126617 0 0 0 1 0 0 0 0 0 0 0 0 0 0 0 0 0 0 0 0 0 0 0]
[603477008483604030109596957259685005927502463827324489616673828219164649 0 0 0 0 1 0 0 0 0 0 0 0 0 0 0 0 0 0 0 0 0 0 0]
[889870880995421832380794850532935718576762081572048818347453070976042048 0 0 0 0 0 1 0 0 0 0 0 0 0 0 0 0 0 0 0 0 0 0 0]
[613610162603435511857306102582787842026206414550555082007396755472971008 0 0 0 0 0 0 1 0 0 0 0 0 0 0 0 0 0 0 0 0 0 0 0]
[824355850952233068197007262406810991168264443950408522720351156893052535 0 0 0 0 0 0 0 1 0 0 0 0 0 0 0 0 0 0 0 0 0 0 0]
[781308262949428945722199107227429028978425118463986082167646529891771364 0 0 0 0 0 0 0 0 1 0 0 0 0 0 0 0 0 0 0 0 0 0 0]
[975430503287830855256856473265486689486897185509973136556261670574534006 0 0 0 0 0 0 0 0 0 1 0 0 0 0 0 0 0 0 0 0 0 0 0]
[696766642703320763158844067401333382937543253142306731928365373650974150 0 0 0 0 0 0 0 0 0 0 1 0 0 0 0 0 0 0 0 0 0 0 0]
[522112712546889840954420372060226277850977770357044469179495962348224314 0 0 0 0 0 0 0 0 0 0 0 1 0 0 0 0 0 0 0 0 0 0 0]
[851528498398951106692805170130169931330546539040572199114320190936447154 0 0 0 0 0 0 0 0 0 0 0 0 1 0 0 0 0 0 0 0 0 0 0]
[270999134645960487045517862576025518549417914395205007795551718586395329 0 0 0 0 0 0 0 0 0 0 0 0 0 1 0 0 0 0 0 0 0 0 0]
[801198226703222195788305041874870985399684957180766422920690052760406223 0 0 0 0 0 0 0 0 0 0 0 0 0 0 1 0 0 0 0 0 0 0 0]
[606933962639219049613044201808230772484131180210694964498519256007968374 0 0 0 0 0 0 0 0 0 0 0 0 0 0 0 1 0 0 0 0 0 0 0]
[588176595380811532749961875236392201991602908011708867945290907037511493 0 0 0 0 0 0 0 0 0 0 0 0 0 0 0 0 1 0 0 0 0 0 0]
[916642386976014618443567142252469139951872048965965078558399736813690240 0 0 0 0 0 0 0 0 0 0 0 0 0 0 0 0 0 1 0 0 0 0 0]
[701587503668665642847348070609127326667645407274427900488729352831974460 0 0 0 0 0 0 0 0 0 0 0 0 0 0 0 0 0 0 1 0 0 0 0]
[105569162257299764387525731487891188508810744066897858820986962137970120 0 0 0 0 0 0 0 0 0 0 0 0 0 0 0 0 0 0 0 1 0 0 0]
[54141383597054254913497879344586049957200391172139562551122915009806451 0 0 0 0 0 0 0 0 0 0 0 0 0 0 0 0 0 0 0 0 1 0 0]
[408669585049118169667050051522954742077293100053796042589645945943035850 0 0 0 0 0 0 0 0 0 0 0 0 0 0 0 0 0 0 0 0 0 1 0]
[55742285856451933887817927461130334894356078905757880706231107388687738 0 0 0 0 0 0 0 0 0 0 0 0 0 0 0 0 0 0 0 0 0 0 1]
]
