[[1273803496374470024660650539879998581772773858309118111345162483729006731 0 0 0 0 0 0 0 0 0 0 0 0 0 0 0 0 0 0 0 0 0 0 0]
[422222451283330562617633402104185941891968342033271613296908486596469019 1 0 0 0 0 0 0 0 0 0 0 0 0 0 0 0 0 0 0 0 0 0 0]
[566626407325621632088098137110961073853337196758946514846356979584306485 0 1 0 0 0 0 0 0 0 0 0 0 0 0 0 0 0 0 0 0 0 0 0]
[378810046548186930225064797574357316240659531432150440469605505744762394 0 0 1 0 0 0 0 0 0 0 0 0 0 0 0 0 0 0 0 0 0 0 0]
[341636686129093772959451774380554730703562228056908313052390733253757665 0 0 0 1 0 0 0 0 0 0 0 0 0 0 0 0 0 0 0 0 0 0 0]
[253462483324385420180517672359987783693986178021614980701880981065282391 0 0 0 0 1 0 0 0 0 0 0 0 0 0 0 0 0 0 0 0 0 0 0]
[711241966175115041829882425362751777819091595705796466193856020052130471 0 0 0 0 0 1 0 0 0 0 0 0 0 0 0 0 0 0 0 0 0 0 0]
[329177848077551649450231103262276632874955295861818310853843620842023346 0 0 0 0 0 0 1 0 0 0 0 0 0 0 0 0 0 0 0 0 0 0 0]
[1152081555735597125507507440853066472986353409788993601567265408713421132 0 0 0 0 0 0 0 1 0 0 0 0 0 0 0 0 0 0 0 0 0 0 0]
[219708283787487959599578144482399202366860227472573024810169712547763404 0 0 0 0 0 0 0 0 1 0 0 0 0 0 0 0 0 0 0 0 0 0 0]
[239543422202871903770393730300266350789069036411771396560405676516327197 0 0 0 0 0 0 0 0 0 1 0 0 0 0 0 0 0 0 0 0 0 0 0]
[984164026332750600348844695942071573293133320326211846436976956495166971 0 0 0 0 0 0 0 0 0 0 1 0 0 0 0 0 0 0 0 0 0 0 0]
[629381541838480260336302707899285290898056340376594057567638882499226344 0 0 0 0 0 0 0 0 0 0 0 1 0 0 0 0 0 0 0 0 0 0 0]
[1138434592220172513337920868361092812083180793972301559370077201982820336 0 0 0 0 0 0 0 0 0 0 0 0 1 0 0 0 0 0 0 0 0 0 0]
[382883587499189752118161224115714693351695454437535111773417840899604498 0 0 0 0 0 0 0 0 0 0 0 0 0 1 0 0 0 0 0 0 0 0 0]
[649657951936562059797755172502911694155986149081429968413302237463093637 0 0 0 0 0 0 0 0 0 0 0 0 0 0 1 0 0 0 0 0 0 0 0]
[806404334247133444279403286550585060049855379039317676653373463666942722 0 0 0 0 0 0 0 0 0 0 0 0 0 0 0 1 0 0 0 0 0 0 0]
[757708224910327340097437274353979319372511218323324146663604411246630640 0 0 0 0 0 0 0 0 0 0 0 0 0 0 0 0 1 0 0 0 0 0 0]
[270791155073308149862090653259908319488174014000870720804189453481736457 0 0 0 0 0 0 0 0 0 0 0 0 0 0 0 0 0 1 0 0 0 0 0]
[756728164023792476245078978306741240347763008256163815158165248538860212 0 0 0 0 0 0 0 0 0 0 0 0 0 0 0 0 0 0 1 0 0 0 0]
[751382011194793703067317960212155545956074982170032563867987336631871296 0 0 0 0 0 0 0 0 0 0 0 0 0 0 0 0 0 0 0 1 0 0 0]
[1016267695620720951267076881500639050383595913948027886285586936726975794 0 0 0 0 0 0 0 0 0 0 0 0 0 0 0 0 0 0 0 0 1 0 0]
[82854250540383444561296231114998604890009610764565996566754261301403208 0 0 0 0 0 0 0 0 0 0 0 0 0 0 0 0 0 0 0 0 0 1 0]
[1191693919553260438512280486479441859406748409178794823375257165440850103 0 0 0 0 0 0 0 0 0 0 0 0 0 0 0 0 0 0 0 0 0 0 1]
]
