[[1227306282431314484029145624674712038872574038051599220507276270846028013 0 0 0 0 0 0 0 0 0 0 0 0 0 0 0 0 0 0 0 0 0 0 0]
[935786197662358791083701011744913548163975219465894374142851389465113285 1 0 0 0 0 0 0 0 0 0 0 0 0 0 0 0 0 0 0 0 0 0 0]
[1105579973311368621228094974271538293556591532990069222943042878599857745 0 1 0 0 0 0 0 0 0 0 0 0 0 0 0 0 0 0 0 0 0 0 0]
[177549746925954177431344751098476613744257998260083540241301686559626833 0 0 1 0 0 0 0 0 0 0 0 0 0 0 0 0 0 0 0 0 0 0 0]
[231137044842928022600509304678603332651046532240457179605656797945010312 0 0 0 1 0 0 0 0 0 0 0 0 0 0 0 0 0 0 0 0 0 0 0]
[566260925275389616303997415389753661859653697625322717628233366971541345 0 0 0 0 1 0 0 0 0 0 0 0 0 0 0 0 0 0 0 0 0 0 0]
[804895402910362544050202415850100711786474894187634643423427713843781535 0 0 0 0 0 1 0 0 0 0 0 0 0 0 0 0 0 0 0 0 0 0 0]
[264933173308983385765294917627874668388240486751485641193331853133967518 0 0 0 0 0 0 1 0 0 0 0 0 0 0 0 0 0 0 0 0 0 0 0]
[860264548722303026307308526146085152987891227819727733499105195405348117 0 0 0 0 0 0 0 1 0 0 0 0 0 0 0 0 0 0 0 0 0 0 0]
[1112745180558721023846347504437917228443537754063387803287706148124740390 0 0 0 0 0 0 0 0 1 0 0 0 0 0 0 0 0 0 0 0 0 0 0]
[451920758102359773144978282253590306992732200055016888725306089872685225 0 0 0 0 0 0 0 0 0 1 0 0 0 0 0 0 0 0 0 0 0 0 0]
[935971472320186829161874819264870504729364658076288447684861993787458403 0 0 0 0 0 0 0 0 0 0 1 0 0 0 0 0 0 0 0 0 0 0 0]
[112913994041336064743197184205271896922434136916771402312529007640141853 0 0 0 0 0 0 0 0 0 0 0 1 0 0 0 0 0 0 0 0 0 0 0]
[349709925403058504478872539124152041708470296059558394781109547744472782 0 0 0 0 0 0 0 0 0 0 0 0 1 0 0 0 0 0 0 0 0 0 0]
[526900011879596498583795866598757027974169556362812703478020587871108514 0 0 0 0 0 0 0 0 0 0 0 0 0 1 0 0 0 0 0 0 0 0 0]
[1068073189801409933358735368938472897062339136155373206924211264613807362 0 0 0 0 0 0 0 0 0 0 0 0 0 0 1 0 0 0 0 0 0 0 0]
[1216019485343192458246325061091498570176684547630480408066651746529409933 0 0 0 0 0 0 0 0 0 0 0 0 0 0 0 1 0 0 0 0 0 0 0]
[1118753044206007431498014192175649140595063479848161697809790737045786672 0 0 0 0 0 0 0 0 0 0 0 0 0 0 0 0 1 0 0 0 0 0 0]
[957406226315690623157896485718337624643690329533225397207844558683476567 0 0 0 0 0 0 0 0 0 0 0 0 0 0 0 0 0 1 0 0 0 0 0]
[153813756642237692136596279306993913518430992448715135591823906351851366 0 0 0 0 0 0 0 0 0 0 0 0 0 0 0 0 0 0 1 0 0 0 0]
[810494062034548074416133397513063986449145106800559829132469155217954836 0 0 0 0 0 0 0 0 0 0 0 0 0 0 0 0 0 0 0 1 0 0 0]
[660722730098239933054868953642447157061080317874971634877201689004718456 0 0 0 0 0 0 0 0 0 0 0 0 0 0 0 0 0 0 0 0 1 0 0]
[407252656225865049661609647470668828098897758064308670866745709985524885 0 0 0 0 0 0 0 0 0 0 0 0 0 0 0 0 0 0 0 0 0 1 0]
[791146019599694204883299212577023754359981799669119434742037517313605287 0 0 0 0 0 0 0 0 0 0 0 0 0 0 0 0 0 0 0 0 0 0 1]
]
