[[1682885798210483095430801722351270828344198293309815485077988448182317741 0 0 0 0 0 0 0 0 0 0 0 0 0 0 0 0 0 0 0 0 0 0 0]
[587275438347425809484075304252635384725432925486126000819899885097841177 1 0 0 0 0 0 0 0 0 0 0 0 0 0 0 0 0 0 0 0 0 0 0]
[305072466287550312964876178174227799807071892955250514329948682177900575 0 1 0 0 0 0 0 0 0 0 0 0 0 0 0 0 0 0 0 0 0 0 0]
[377176676252727505084844700822345348685636230472863735880381286063214248 0 0 1 0 0 0 0 0 0 0 0 0 0 0 0 0 0 0 0 0 0 0 0]
[971375687200730232652986976858853377425450335822495376365472866630471562 0 0 0 1 0 0 0 0 0 0 0 0 0 0 0 0 0 0 0 0 0 0 0]
[1361198094645763894721213465282854712855400290177775485894501801789932652 0 0 0 0 1 0 0 0 0 0 0 0 0 0 0 0 0 0 0 0 0 0 0]
[904496088533781188249642557111224786443510863854493635798001042619478068 0 0 0 0 0 1 0 0 0 0 0 0 0 0 0 0 0 0 0 0 0 0 0]
[736446917150776659963952116280232965204950755069038459873384951271315559 0 0 0 0 0 0 1 0 0 0 0 0 0 0 0 0 0 0 0 0 0 0 0]
[8226612750431676059814368285977382476078228087679643024172489442905465 0 0 0 0 0 0 0 1 0 0 0 0 0 0 0 0 0 0 0 0 0 0 0]
[570890785650882060195471131275312979863036923698208465814296187695259542 0 0 0 0 0 0 0 0 1 0 0 0 0 0 0 0 0 0 0 0 0 0 0]
[312701807795322086951062203295187402821531439123690561459114168438379943 0 0 0 0 0 0 0 0 0 1 0 0 0 0 0 0 0 0 0 0 0 0 0]
[1502015778368950223299509404206367217296287060528345246224873338920801458 0 0 0 0 0 0 0 0 0 0 1 0 0 0 0 0 0 0 0 0 0 0 0]
[824096344486202060878993174859135107611984515765304027991199481828265820 0 0 0 0 0 0 0 0 0 0 0 1 0 0 0 0 0 0 0 0 0 0 0]
[116466793558274991413998375487396130684518969723785515325635279502567310 0 0 0 0 0 0 0 0 0 0 0 0 1 0 0 0 0 0 0 0 0 0 0]
[320426751828878016286858446880167944774424038355404779130216162351507690 0 0 0 0 0 0 0 0 0 0 0 0 0 1 0 0 0 0 0 0 0 0 0]
[1671868677738099611760527608747221389875392577009278528720816045484884324 0 0 0 0 0 0 0 0 0 0 0 0 0 0 1 0 0 0 0 0 0 0 0]
[1268026637912413221687724205115601873485269567605794654717868533172745451 0 0 0 0 0 0 0 0 0 0 0 0 0 0 0 1 0 0 0 0 0 0 0]
[1659451197768579236463391890298402106321707084904716012974728640257971613 0 0 0 0 0 0 0 0 0 0 0 0 0 0 0 0 1 0 0 0 0 0 0]
[416779112979080203472099931730070823774409736013671997108943031944119410 0 0 0 0 0 0 0 0 0 0 0 0 0 0 0 0 0 1 0 0 0 0 0]
[1247349098606445808454320322495264116819376335927704894174195759607364996 0 0 0 0 0 0 0 0 0 0 0 0 0 0 0 0 0 0 1 0 0 0 0]
[23118831386678138804989758454206343920300213145574454223460251838539777 0 0 0 0 0 0 0 0 0 0 0 0 0 0 0 0 0 0 0 1 0 0 0]
[577731678894384955962967690414704671621123392841642213831379019056053935 0 0 0 0 0 0 0 0 0 0 0 0 0 0 0 0 0 0 0 0 1 0 0]
[615678641228810975329719578445868049172935516151700891324930313719304987 0 0 0 0 0 0 0 0 0 0 0 0 0 0 0 0 0 0 0 0 0 1 0]
[1097562117547678353841609039130262736847418863242332408820658716370732578 0 0 0 0 0 0 0 0 0 0 0 0 0 0 0 0 0 0 0 0 0 0 1]
]
