[[1273043320793877840109498887437235011933296468031412444082679110300372181 0 0 0 0 0 0 0 0 0 0 0 0 0 0 0 0 0 0 0 0 0 0 0]
[219465611342872071261351084816518906225901781714143064546364437984597249 1 0 0 0 0 0 0 0 0 0 0 0 0 0 0 0 0 0 0 0 0 0 0]
[958640002488904509848943435418231416120660995075515526831877789695693531 0 1 0 0 0 0 0 0 0 0 0 0 0 0 0 0 0 0 0 0 0 0 0]
[1122507469827388702352086444727550315823024153711728353631089757833863821 0 0 1 0 0 0 0 0 0 0 0 0 0 0 0 0 0 0 0 0 0 0 0]
[543922096567276047560858682733797092580707209154969838756968536301025387 0 0 0 1 0 0 0 0 0 0 0 0 0 0 0 0 0 0 0 0 0 0 0]
[48670149489873054694191151896555848834267430052479838156918203410129045 0 0 0 0 1 0 0 0 0 0 0 0 0 0 0 0 0 0 0 0 0 0 0]
[523689236662463484738093203919290091631324311044159497199213501622667408 0 0 0 0 0 1 0 0 0 0 0 0 0 0 0 0 0 0 0 0 0 0 0]
[791164108097164221873229084901421750835189694143723699014928202853046033 0 0 0 0 0 0 1 0 0 0 0 0 0 0 0 0 0 0 0 0 0 0 0]
[179558890008728074428143539435590251050163094921204306736482862581930246 0 0 0 0 0 0 0 1 0 0 0 0 0 0 0 0 0 0 0 0 0 0 0]
[1045116551783750305826054548740320986395774397130961409362164071961074582 0 0 0 0 0 0 0 0 1 0 0 0 0 0 0 0 0 0 0 0 0 0 0]
[942640326520920243587540025837585473371504845428386334684698532097155401 0 0 0 0 0 0 0 0 0 1 0 0 0 0 0 0 0 0 0 0 0 0 0]
[246393863642064579489450770251868935899113843453454601964329139130972219 0 0 0 0 0 0 0 0 0 0 1 0 0 0 0 0 0 0 0 0 0 0 0]
[701506074300005770775736298242182499337008282777683277374118232375856343 0 0 0 0 0 0 0 0 0 0 0 1 0 0 0 0 0 0 0 0 0 0 0]
[1103896123148653900172015505545813407033074091314719384859273894203481592 0 0 0 0 0 0 0 0 0 0 0 0 1 0 0 0 0 0 0 0 0 0 0]
[312636585691110884818963428817387242147829085030317422929490924885794040 0 0 0 0 0 0 0 0 0 0 0 0 0 1 0 0 0 0 0 0 0 0 0]
[291102441045661848762304640204563184701364394351721589109084730493742913 0 0 0 0 0 0 0 0 0 0 0 0 0 0 1 0 0 0 0 0 0 0 0]
[1168088806612097604614387193538018906629714846372490206106330814626072676 0 0 0 0 0 0 0 0 0 0 0 0 0 0 0 1 0 0 0 0 0 0 0]
[610793711535550078451576943290135155189176866128005294033209669891033276 0 0 0 0 0 0 0 0 0 0 0 0 0 0 0 0 1 0 0 0 0 0 0]
[501325254744934298843598252581393752606669339993511382529723262483884233 0 0 0 0 0 0 0 0 0 0 0 0 0 0 0 0 0 1 0 0 0 0 0]
[800489360458050507242034765923156738310161187706697077100127591730272228 0 0 0 0 0 0 0 0 0 0 0 0 0 0 0 0 0 0 1 0 0 0 0]
[615473424829638257912522656489525363432698922699539537923930286917079078 0 0 0 0 0 0 0 0 0 0 0 0 0 0 0 0 0 0 0 1 0 0 0]
[391801674735847688878133539181156036158709132901528778173987573504097401 0 0 0 0 0 0 0 0 0 0 0 0 0 0 0 0 0 0 0 0 1 0 0]
[454178346493340314041673697541202047677638252008360478949103140485506244 0 0 0 0 0 0 0 0 0 0 0 0 0 0 0 0 0 0 0 0 0 1 0]
[393278055322413521862309179194358926303470958561946209925158378269457562 0 0 0 0 0 0 0 0 0 0 0 0 0 0 0 0 0 0 0 0 0 0 1]
]
