[[1235026893725954093071560011144319386920151238764776526148149029436325847 0 0 0 0 0 0 0 0 0 0 0 0 0 0 0 0 0 0 0 0 0 0 0]
[1074848780565160583546291476602147428077956177760859838418450308539084831 1 0 0 0 0 0 0 0 0 0 0 0 0 0 0 0 0 0 0 0 0 0 0]
[190715923053443000411028836511638863019924587799783088031021697311388683 0 1 0 0 0 0 0 0 0 0 0 0 0 0 0 0 0 0 0 0 0 0 0]
[269539852088819705652245504955442849563795896966030513031145876435679499 0 0 1 0 0 0 0 0 0 0 0 0 0 0 0 0 0 0 0 0 0 0 0]
[339784611311457076441414713424853657871235260623104015828386937572833604 0 0 0 1 0 0 0 0 0 0 0 0 0 0 0 0 0 0 0 0 0 0 0]
[120799597754857711823487343345222461668344276849880750210579891850837742 0 0 0 0 1 0 0 0 0 0 0 0 0 0 0 0 0 0 0 0 0 0 0]
[54829722313901327014722502545200349160212538674330741367381675351979468 0 0 0 0 0 1 0 0 0 0 0 0 0 0 0 0 0 0 0 0 0 0 0]
[159464543274360640778500947257908303345814396583478187282774271534139743 0 0 0 0 0 0 1 0 0 0 0 0 0 0 0 0 0 0 0 0 0 0 0]
[221944251621383808493973082144815621543870470904022023807869964192286772 0 0 0 0 0 0 0 1 0 0 0 0 0 0 0 0 0 0 0 0 0 0 0]
[1113089824126989677414673753713346865973839950114488901438501281095277526 0 0 0 0 0 0 0 0 1 0 0 0 0 0 0 0 0 0 0 0 0 0 0]
[686957886597268198959043407531500878919550903231268520820948667349149839 0 0 0 0 0 0 0 0 0 1 0 0 0 0 0 0 0 0 0 0 0 0 0]
[229637966528825712711713714028741838515506927663259659381657822644949241 0 0 0 0 0 0 0 0 0 0 1 0 0 0 0 0 0 0 0 0 0 0 0]
[943131905746462705564013629028864279723440622900457433950378932297312959 0 0 0 0 0 0 0 0 0 0 0 1 0 0 0 0 0 0 0 0 0 0 0]
[977651468188878049335236768451373543053497307815161002333634456418595486 0 0 0 0 0 0 0 0 0 0 0 0 1 0 0 0 0 0 0 0 0 0 0]
[203844358161361667509320897800306421374463438889755681899861787330038760 0 0 0 0 0 0 0 0 0 0 0 0 0 1 0 0 0 0 0 0 0 0 0]
[1107885663046878316843770748938166210424544727781857556639402393671404972 0 0 0 0 0 0 0 0 0 0 0 0 0 0 1 0 0 0 0 0 0 0 0]
[561144246989624036200622223639672241391810690995104073747359271177279827 0 0 0 0 0 0 0 0 0 0 0 0 0 0 0 1 0 0 0 0 0 0 0]
[987059125860753153849321170913647769668121617485158665065544966460155491 0 0 0 0 0 0 0 0 0 0 0 0 0 0 0 0 1 0 0 0 0 0 0]
[319260826876871853869111361298412989244519903152258670196951023349781125 0 0 0 0 0 0 0 0 0 0 0 0 0 0 0 0 0 1 0 0 0 0 0]
[638535474838830951840226160340652034951925901580465425768371400481675731 0 0 0 0 0 0 0 0 0 0 0 0 0 0 0 0 0 0 1 0 0 0 0]
[760716361689707894291607540069875515690298399735677404935446564828334756 0 0 0 0 0 0 0 0 0 0 0 0 0 0 0 0 0 0 0 1 0 0 0]
[1102367810856416905916740760120970472159739322353161306130632016036947654 0 0 0 0 0 0 0 0 0 0 0 0 0 0 0 0 0 0 0 0 1 0 0]
[53314137334834386368884933197473767823900358020604390350520521027719161 0 0 0 0 0 0 0 0 0 0 0 0 0 0 0 0 0 0 0 0 0 1 0]
[141384571388196898784326796397150158875471337487302989701574061791108421 0 0 0 0 0 0 0 0 0 0 0 0 0 0 0 0 0 0 0 0 0 0 1]
]
