[[1182666071718800591742304131273881863334465963955524319081475957744202023 0 0 0 0 0 0 0 0 0 0 0 0 0 0 0 0 0 0 0 0 0 0 0]
[73005507445515597855086960028889560905258852760412110311712228247927431 1 0 0 0 0 0 0 0 0 0 0 0 0 0 0 0 0 0 0 0 0 0 0]
[475399108486616784586307328375021685831025660305963249155592794557809837 0 1 0 0 0 0 0 0 0 0 0 0 0 0 0 0 0 0 0 0 0 0 0]
[139973797360617930304962214848974433062721104975393010260100625328611082 0 0 1 0 0 0 0 0 0 0 0 0 0 0 0 0 0 0 0 0 0 0 0]
[958656593298786802828714392624796387909145367297632274345982630199513000 0 0 0 1 0 0 0 0 0 0 0 0 0 0 0 0 0 0 0 0 0 0 0]
[473587379441567827952234053036113494621885983898789663718135884283409360 0 0 0 0 1 0 0 0 0 0 0 0 0 0 0 0 0 0 0 0 0 0 0]
[56269885870049677002090743774182764536763842605591997858036762631859749 0 0 0 0 0 1 0 0 0 0 0 0 0 0 0 0 0 0 0 0 0 0 0]
[1062015633697232375128971432960152197231209078987843644154758936043808646 0 0 0 0 0 0 1 0 0 0 0 0 0 0 0 0 0 0 0 0 0 0 0]
[987411338888556682203610263722874698302628826489721713272740729185083604 0 0 0 0 0 0 0 1 0 0 0 0 0 0 0 0 0 0 0 0 0 0 0]
[861216530376731808644486266701500453557924212473047899038449665418465194 0 0 0 0 0 0 0 0 1 0 0 0 0 0 0 0 0 0 0 0 0 0 0]
[555910593239623551190890632415411614859761312023013707747516683748586539 0 0 0 0 0 0 0 0 0 1 0 0 0 0 0 0 0 0 0 0 0 0 0]
[376970863717153294825365482088526633963160419746526220003681912215576096 0 0 0 0 0 0 0 0 0 0 1 0 0 0 0 0 0 0 0 0 0 0 0]
[1007422186887991698395382138186998057956425100424324899595848118187701661 0 0 0 0 0 0 0 0 0 0 0 1 0 0 0 0 0 0 0 0 0 0 0]
[584724024286381558054504586875971821768387818217923790041621978069873690 0 0 0 0 0 0 0 0 0 0 0 0 1 0 0 0 0 0 0 0 0 0 0]
[198174875182665715976418922383785130188126263138238329145831563476912830 0 0 0 0 0 0 0 0 0 0 0 0 0 1 0 0 0 0 0 0 0 0 0]
[505956413621394692690656361467747561445653656472938915552681052913595959 0 0 0 0 0 0 0 0 0 0 0 0 0 0 1 0 0 0 0 0 0 0 0]
[577209628698621476560548743019255477178829916377615948705258684255010659 0 0 0 0 0 0 0 0 0 0 0 0 0 0 0 1 0 0 0 0 0 0 0]
[885517201083823830740913708546200388713226534060299590809459384633072383 0 0 0 0 0 0 0 0 0 0 0 0 0 0 0 0 1 0 0 0 0 0 0]
[563856372763805500532344591961456429493378105124963387691006350140820899 0 0 0 0 0 0 0 0 0 0 0 0 0 0 0 0 0 1 0 0 0 0 0]
[213316145562481323645022416702084678190118049920347949608868892082274140 0 0 0 0 0 0 0 0 0 0 0 0 0 0 0 0 0 0 1 0 0 0 0]
[958734715857428264542144449548463360586306634933308695266000854325907941 0 0 0 0 0 0 0 0 0 0 0 0 0 0 0 0 0 0 0 1 0 0 0]
[205871673966275962582526672980180227707294288509873345726755179330176035 0 0 0 0 0 0 0 0 0 0 0 0 0 0 0 0 0 0 0 0 1 0 0]
[596406537955872872193699053051232054703621035492724110649184713556596293 0 0 0 0 0 0 0 0 0 0 0 0 0 0 0 0 0 0 0 0 0 1 0]
[649830505437914965654460455323805804768219432369228989930292238168132403 0 0 0 0 0 0 0 0 0 0 0 0 0 0 0 0 0 0 0 0 0 0 1]
]
