[[1443710602900998409132949889796021857451165848382866591939206827027206251 0 0 0 0 0 0 0 0 0 0 0 0 0 0 0 0 0 0 0 0 0 0 0]
[703667781373917734358201818447194229507622366052169179933357772416031449 1 0 0 0 0 0 0 0 0 0 0 0 0 0 0 0 0 0 0 0 0 0 0]
[728807172195693572261277852740699826357260583683283719940515564414298744 0 1 0 0 0 0 0 0 0 0 0 0 0 0 0 0 0 0 0 0 0 0 0]
[745483491255256762473506441304542918516597932364723335662919421491185527 0 0 1 0 0 0 0 0 0 0 0 0 0 0 0 0 0 0 0 0 0 0 0]
[378816061973315101110571421373131387996379987079160916679575485259236572 0 0 0 1 0 0 0 0 0 0 0 0 0 0 0 0 0 0 0 0 0 0 0]
[840539623990367207999575866819950251441283004046968697717036028221013006 0 0 0 0 1 0 0 0 0 0 0 0 0 0 0 0 0 0 0 0 0 0 0]
[163283617039052309879502424509867557182976730478086281662568918505835961 0 0 0 0 0 1 0 0 0 0 0 0 0 0 0 0 0 0 0 0 0 0 0]
[559517361836404099192227995908502108551876788115654970307582586390865838 0 0 0 0 0 0 1 0 0 0 0 0 0 0 0 0 0 0 0 0 0 0 0]
[718918109407960580520455491227479539091753272651748992433090635545215279 0 0 0 0 0 0 0 1 0 0 0 0 0 0 0 0 0 0 0 0 0 0 0]
[1221474283043164713766639222808552171263936001069270329987811911431913921 0 0 0 0 0 0 0 0 1 0 0 0 0 0 0 0 0 0 0 0 0 0 0]
[1222378537275042740848643248942284255759548480373470855954934515834259946 0 0 0 0 0 0 0 0 0 1 0 0 0 0 0 0 0 0 0 0 0 0 0]
[1335389087329839702807527436962313680831124403604162474581626561803415498 0 0 0 0 0 0 0 0 0 0 1 0 0 0 0 0 0 0 0 0 0 0 0]
[68611428788861639227754190252144563701104736390821684280601851337114113 0 0 0 0 0 0 0 0 0 0 0 1 0 0 0 0 0 0 0 0 0 0 0]
[205750778730836333395640719260841090046961099008837508148051398347441283 0 0 0 0 0 0 0 0 0 0 0 0 1 0 0 0 0 0 0 0 0 0 0]
[946905521260311842884005589271121466007213354569843408930235588726238820 0 0 0 0 0 0 0 0 0 0 0 0 0 1 0 0 0 0 0 0 0 0 0]
[299363664095235995598858495063730479112539634089770132849031664018069968 0 0 0 0 0 0 0 0 0 0 0 0 0 0 1 0 0 0 0 0 0 0 0]
[938155973363609350243384958196466000439790471850995022403541508956607807 0 0 0 0 0 0 0 0 0 0 0 0 0 0 0 1 0 0 0 0 0 0 0]
[343914416028420068447219872126027038536760178712704386781246626261107624 0 0 0 0 0 0 0 0 0 0 0 0 0 0 0 0 1 0 0 0 0 0 0]
[1109562290807125106260456171869926746198584690286990201762418644975656059 0 0 0 0 0 0 0 0 0 0 0 0 0 0 0 0 0 1 0 0 0 0 0]
[711629093178716324881516628610759434203173711170580802565867686842809710 0 0 0 0 0 0 0 0 0 0 0 0 0 0 0 0 0 0 1 0 0 0 0]
[376181663132745973814457278015579013422776396594407089919067110910422561 0 0 0 0 0 0 0 0 0 0 0 0 0 0 0 0 0 0 0 1 0 0 0]
[278078337097404295435772248000419150639189718103493366160341855425516397 0 0 0 0 0 0 0 0 0 0 0 0 0 0 0 0 0 0 0 0 1 0 0]
[701817613182640020941364274114349634636524744330780468274008459429399590 0 0 0 0 0 0 0 0 0 0 0 0 0 0 0 0 0 0 0 0 0 1 0]
[134038198591739350464012461124131789533237335263480293412083476552296391 0 0 0 0 0 0 0 0 0 0 0 0 0 0 0 0 0 0 0 0 0 0 1]
]
