[[1057969632463984052710764376868998984970703217837759020110186618940042707 0 0 0 0 0 0 0 0 0 0 0 0 0 0 0 0 0 0 0 0 0 0 0]
[214258756102220766717470070220707323902360632079274987013792497767742382 1 0 0 0 0 0 0 0 0 0 0 0 0 0 0 0 0 0 0 0 0 0 0]
[606644301586026932842885967898462630990949525833822715670034285743556930 0 1 0 0 0 0 0 0 0 0 0 0 0 0 0 0 0 0 0 0 0 0 0]
[725298149274539319414144363354930978460745601746159814790562255886472573 0 0 1 0 0 0 0 0 0 0 0 0 0 0 0 0 0 0 0 0 0 0 0]
[640787423621213753757553578306158927210727766209647035284557946879491943 0 0 0 1 0 0 0 0 0 0 0 0 0 0 0 0 0 0 0 0 0 0 0]
[945679134064569801475043208691838402239670497310196416886009253317816403 0 0 0 0 1 0 0 0 0 0 0 0 0 0 0 0 0 0 0 0 0 0 0]
[50260474864275047111107718421343798267663277034109078110466335982366328 0 0 0 0 0 1 0 0 0 0 0 0 0 0 0 0 0 0 0 0 0 0 0]
[116920101368113201776040204106100117502718521103506457752535410272023875 0 0 0 0 0 0 1 0 0 0 0 0 0 0 0 0 0 0 0 0 0 0 0]
[245865737032901994602897569279709392756220096147970906405033816378056490 0 0 0 0 0 0 0 1 0 0 0 0 0 0 0 0 0 0 0 0 0 0 0]
[670291972372099267039808313935206490927806730953310347507558057000577104 0 0 0 0 0 0 0 0 1 0 0 0 0 0 0 0 0 0 0 0 0 0 0]
[917946295911254475379073890457754435688209987404896446002834446257213563 0 0 0 0 0 0 0 0 0 1 0 0 0 0 0 0 0 0 0 0 0 0 0]
[137796388598672574828832175134886264524442614810250206868988042786234137 0 0 0 0 0 0 0 0 0 0 1 0 0 0 0 0 0 0 0 0 0 0 0]
[424944168627895760364217749534488607150213217642126291896941930241663748 0 0 0 0 0 0 0 0 0 0 0 1 0 0 0 0 0 0 0 0 0 0 0]
[1056313209184466120203972772872846835543206709220542071887102058151487415 0 0 0 0 0 0 0 0 0 0 0 0 1 0 0 0 0 0 0 0 0 0 0]
[209628832262531249207341692417190156046133843980841056568592534911170169 0 0 0 0 0 0 0 0 0 0 0 0 0 1 0 0 0 0 0 0 0 0 0]
[640817343998846011462800701983023888684499244876467941422352197747820002 0 0 0 0 0 0 0 0 0 0 0 0 0 0 1 0 0 0 0 0 0 0 0]
[882985990292436487037522151510749702085418153788344247046360740485368956 0 0 0 0 0 0 0 0 0 0 0 0 0 0 0 1 0 0 0 0 0 0 0]
[629993691413458592376918781417421245670376776385824588735267340228464744 0 0 0 0 0 0 0 0 0 0 0 0 0 0 0 0 1 0 0 0 0 0 0]
[763592710700873606528473148945990192007353249318953143029023789661801568 0 0 0 0 0 0 0 0 0 0 0 0 0 0 0 0 0 1 0 0 0 0 0]
[969124493252100548124067541383401646785440162213217567671822375913476249 0 0 0 0 0 0 0 0 0 0 0 0 0 0 0 0 0 0 1 0 0 0 0]
[630700206616526299273476641546034133092188056299630580743070006335626133 0 0 0 0 0 0 0 0 0 0 0 0 0 0 0 0 0 0 0 1 0 0 0]
[113069241208413178768124615196313929795630555785679546201119451805111565 0 0 0 0 0 0 0 0 0 0 0 0 0 0 0 0 0 0 0 0 1 0 0]
[985921054895473186085095050067705287074131537342913144231451803840272435 0 0 0 0 0 0 0 0 0 0 0 0 0 0 0 0 0 0 0 0 0 1 0]
[955113397074167330028479908709631619817181831865058150802507287852543949 0 0 0 0 0 0 0 0 0 0 0 0 0 0 0 0 0 0 0 0 0 0 1]
]
