[[1415733514005371045606825660415521378618111972496918400421124822596913511 0 0 0 0 0 0 0 0 0 0 0 0 0 0 0 0 0 0 0 0 0 0 0]
[46658492456186049269740743588990150064317624198346150556896703016981671 1 0 0 0 0 0 0 0 0 0 0 0 0 0 0 0 0 0 0 0 0 0 0]
[157634707716030326220302208224346917710351831360310344697271301811053770 0 1 0 0 0 0 0 0 0 0 0 0 0 0 0 0 0 0 0 0 0 0 0]
[1055758484027239451775063908568092493373803871188442922128001263452777634 0 0 1 0 0 0 0 0 0 0 0 0 0 0 0 0 0 0 0 0 0 0 0]
[897764497127448785065323412015393709575742398918073011711151509547536172 0 0 0 1 0 0 0 0 0 0 0 0 0 0 0 0 0 0 0 0 0 0 0]
[207247871100684857651971421125246966382188001516957681495686962989310763 0 0 0 0 1 0 0 0 0 0 0 0 0 0 0 0 0 0 0 0 0 0 0]
[174193576521152285203171185406552890335283208952813074592137124029106100 0 0 0 0 0 1 0 0 0 0 0 0 0 0 0 0 0 0 0 0 0 0 0]
[1017976979050136766029386517446138534401001541967713079795614391690777355 0 0 0 0 0 0 1 0 0 0 0 0 0 0 0 0 0 0 0 0 0 0 0]
[343657929977953425003901365973820050975727777626757616922721831165489973 0 0 0 0 0 0 0 1 0 0 0 0 0 0 0 0 0 0 0 0 0 0 0]
[1295427553754670429364687912128309776919961823086627673752160067718038830 0 0 0 0 0 0 0 0 1 0 0 0 0 0 0 0 0 0 0 0 0 0 0]
[213002939888702374358812634985701153300834897737962617930951644525013901 0 0 0 0 0 0 0 0 0 1 0 0 0 0 0 0 0 0 0 0 0 0 0]
[432895548603583824372267887539350850780013928671093653878603218965949984 0 0 0 0 0 0 0 0 0 0 1 0 0 0 0 0 0 0 0 0 0 0 0]
[823068005044859518076601197159826174036227074734185699502352784857352729 0 0 0 0 0 0 0 0 0 0 0 1 0 0 0 0 0 0 0 0 0 0 0]
[67249896398664386328780885647153837358202855492013708001828099895146079 0 0 0 0 0 0 0 0 0 0 0 0 1 0 0 0 0 0 0 0 0 0 0]
[698421174340979560033450604417325090830646214170292038373384976654098782 0 0 0 0 0 0 0 0 0 0 0 0 0 1 0 0 0 0 0 0 0 0 0]
[1041117518287057749056473597340253326678033536083286914790941418825611035 0 0 0 0 0 0 0 0 0 0 0 0 0 0 1 0 0 0 0 0 0 0 0]
[433112724697609272423083838105689316973506319731406461898852161544716318 0 0 0 0 0 0 0 0 0 0 0 0 0 0 0 1 0 0 0 0 0 0 0]
[133345032000601041197205046121844417884463134851628129797166071112099687 0 0 0 0 0 0 0 0 0 0 0 0 0 0 0 0 1 0 0 0 0 0 0]
[1367686827564873373425354023227021464116162455816511263658998619873686465 0 0 0 0 0 0 0 0 0 0 0 0 0 0 0 0 0 1 0 0 0 0 0]
[846997597333494851933742285594068807469147972298878043669721099788721448 0 0 0 0 0 0 0 0 0 0 0 0 0 0 0 0 0 0 1 0 0 0 0]
[654313941541074096556166893870062129646905671801489862104560284197218707 0 0 0 0 0 0 0 0 0 0 0 0 0 0 0 0 0 0 0 1 0 0 0]
[1372377687200044899841179566493252963073290911027465439374636045688363123 0 0 0 0 0 0 0 0 0 0 0 0 0 0 0 0 0 0 0 0 1 0 0]
[148711863380447969806559147147443360847275630418552964547859535986040619 0 0 0 0 0 0 0 0 0 0 0 0 0 0 0 0 0 0 0 0 0 1 0]
[837574518210524119330778052359813436114804538609096890070426020276340246 0 0 0 0 0 0 0 0 0 0 0 0 0 0 0 0 0 0 0 0 0 0 1]
]
