[[1423127538984317302411270783878904100984626471767775123319645544136067501 0 0 0 0 0 0 0 0 0 0 0 0 0 0 0 0 0 0 0 0 0 0 0]
[1041825511201200260966934917061200275381247916910051244913493397568809933 1 0 0 0 0 0 0 0 0 0 0 0 0 0 0 0 0 0 0 0 0 0 0]
[989531204110241506173712326512418169509870005394480990993792514633779641 0 1 0 0 0 0 0 0 0 0 0 0 0 0 0 0 0 0 0 0 0 0 0]
[177086308120291440479930858660610964907247059027213684559365982504245189 0 0 1 0 0 0 0 0 0 0 0 0 0 0 0 0 0 0 0 0 0 0 0]
[770563907532900307682830231184121636069745013879814630899709402964460051 0 0 0 1 0 0 0 0 0 0 0 0 0 0 0 0 0 0 0 0 0 0 0]
[224915371628567366703827237062284892598251607484222480686480429225116088 0 0 0 0 1 0 0 0 0 0 0 0 0 0 0 0 0 0 0 0 0 0 0]
[663714912827493733120645888127599048534514231606331585866542728138638019 0 0 0 0 0 1 0 0 0 0 0 0 0 0 0 0 0 0 0 0 0 0 0]
[1069121761016603674505684955318047168019589981726905316654482528683540617 0 0 0 0 0 0 1 0 0 0 0 0 0 0 0 0 0 0 0 0 0 0 0]
[701379299869090154877691303117377650385483494780107789080126582741222702 0 0 0 0 0 0 0 1 0 0 0 0 0 0 0 0 0 0 0 0 0 0 0]
[746147157933509991777669644338554133038001417097773100654812291753044899 0 0 0 0 0 0 0 0 1 0 0 0 0 0 0 0 0 0 0 0 0 0 0]
[156080444612688990159088219605721850860025570509244214661221800222737516 0 0 0 0 0 0 0 0 0 1 0 0 0 0 0 0 0 0 0 0 0 0 0]
[394379438330297778328429242026409534181947574154399857794394520499120059 0 0 0 0 0 0 0 0 0 0 1 0 0 0 0 0 0 0 0 0 0 0 0]
[646389875033402933009983889686105670712238440472431322840875640865761902 0 0 0 0 0 0 0 0 0 0 0 1 0 0 0 0 0 0 0 0 0 0 0]
[438578260025866660616847121201241621511575185749448439022919213150264809 0 0 0 0 0 0 0 0 0 0 0 0 1 0 0 0 0 0 0 0 0 0 0]
[255253642055061571821778039574961564741839864130786604016537259199557098 0 0 0 0 0 0 0 0 0 0 0 0 0 1 0 0 0 0 0 0 0 0 0]
[1137880250911951985960795041541453090408494828154321040907886696549146213 0 0 0 0 0 0 0 0 0 0 0 0 0 0 1 0 0 0 0 0 0 0 0]
[909243737045228178237778809910771061428400367059203323882144595517794508 0 0 0 0 0 0 0 0 0 0 0 0 0 0 0 1 0 0 0 0 0 0 0]
[631543574546320642331843132775055968417795444893646230638828846897988378 0 0 0 0 0 0 0 0 0 0 0 0 0 0 0 0 1 0 0 0 0 0 0]
[1293176515201720271274111264204246824713816207138529643788109792774367496 0 0 0 0 0 0 0 0 0 0 0 0 0 0 0 0 0 1 0 0 0 0 0]
[1372236772711791313259169272963931537352748848002850470102076307728460758 0 0 0 0 0 0 0 0 0 0 0 0 0 0 0 0 0 0 1 0 0 0 0]
[526903958250914393460900063746706165263308757173949785621035545653363515 0 0 0 0 0 0 0 0 0 0 0 0 0 0 0 0 0 0 0 1 0 0 0]
[1367902113762156259844500894527109717370466589159696484231966003206730783 0 0 0 0 0 0 0 0 0 0 0 0 0 0 0 0 0 0 0 0 1 0 0]
[46634129258188643492308243672791926203258327452697320438531312794466570 0 0 0 0 0 0 0 0 0 0 0 0 0 0 0 0 0 0 0 0 0 1 0]
[1216146467335874434787167953572841724743103983861865406637157056252903069 0 0 0 0 0 0 0 0 0 0 0 0 0 0 0 0 0 0 0 0 0 0 1]
]
