[[1502435750025839009847642092554146630343149030957897542515016844086455937 0 0 0 0 0 0 0 0 0 0 0 0 0 0 0 0 0 0 0 0 0 0 0]
[541418491835064497124057152826022390533978349925146481316110395667482073 1 0 0 0 0 0 0 0 0 0 0 0 0 0 0 0 0 0 0 0 0 0 0]
[1001136501123195645724951042313615521876759418345553586589721242321828330 0 1 0 0 0 0 0 0 0 0 0 0 0 0 0 0 0 0 0 0 0 0 0]
[867473569167144543509617968151143832879449890034230169678929196436845076 0 0 1 0 0 0 0 0 0 0 0 0 0 0 0 0 0 0 0 0 0 0 0]
[1229265386559338182135349817795204504957403617083179912391364337624016004 0 0 0 1 0 0 0 0 0 0 0 0 0 0 0 0 0 0 0 0 0 0 0]
[137990882872693381395040874189844496476387956490317211457944137150804898 0 0 0 0 1 0 0 0 0 0 0 0 0 0 0 0 0 0 0 0 0 0 0]
[112488016085519998864746315942732738539336475393956573673012721158250915 0 0 0 0 0 1 0 0 0 0 0 0 0 0 0 0 0 0 0 0 0 0 0]
[1437077795407953367397841036375242304940267698837631323362243609572510889 0 0 0 0 0 0 1 0 0 0 0 0 0 0 0 0 0 0 0 0 0 0 0]
[391739990675120363993400653132352430667313485339822883157662489524704315 0 0 0 0 0 0 0 1 0 0 0 0 0 0 0 0 0 0 0 0 0 0 0]
[1231428242116961838281094251252969796735206417258093384636055697638921152 0 0 0 0 0 0 0 0 1 0 0 0 0 0 0 0 0 0 0 0 0 0 0]
[672069865694085281906545595042480654488184527531536159972071280585245196 0 0 0 0 0 0 0 0 0 1 0 0 0 0 0 0 0 0 0 0 0 0 0]
[99676704323388756063033305947182288296528259696414114360812901622717542 0 0 0 0 0 0 0 0 0 0 1 0 0 0 0 0 0 0 0 0 0 0 0]
[835554300009957106372626782426149581475843237537121727452936779267519990 0 0 0 0 0 0 0 0 0 0 0 1 0 0 0 0 0 0 0 0 0 0 0]
[1438249691097872765519422756691849329686781421046801602660965333258818324 0 0 0 0 0 0 0 0 0 0 0 0 1 0 0 0 0 0 0 0 0 0 0]
[230751049462411015435704904080271434183561351230781502467294487604237195 0 0 0 0 0 0 0 0 0 0 0 0 0 1 0 0 0 0 0 0 0 0 0]
[726313305012249784029164476151699362277772666144984922479178531811371800 0 0 0 0 0 0 0 0 0 0 0 0 0 0 1 0 0 0 0 0 0 0 0]
[741977965157259280970829632191780983460547148459672074219293067950548830 0 0 0 0 0 0 0 0 0 0 0 0 0 0 0 1 0 0 0 0 0 0 0]
[118493496120414867973588642957445187407137687803410455053948770954279809 0 0 0 0 0 0 0 0 0 0 0 0 0 0 0 0 1 0 0 0 0 0 0]
[154520273588503672856260669339031451965998845104428392840631115751000869 0 0 0 0 0 0 0 0 0 0 0 0 0 0 0 0 0 1 0 0 0 0 0]
[79171551539840703469512410433109807444547184995537004654993998350584274 0 0 0 0 0 0 0 0 0 0 0 0 0 0 0 0 0 0 1 0 0 0 0]
[650049808750867073725496823438935156113523211753579210436789805684928333 0 0 0 0 0 0 0 0 0 0 0 0 0 0 0 0 0 0 0 1 0 0 0]
[510376043257040286828643695718726153536461222723255334739368010190908232 0 0 0 0 0 0 0 0 0 0 0 0 0 0 0 0 0 0 0 0 1 0 0]
[645486133378546426176681280318668653906393124957995684131344138920463562 0 0 0 0 0 0 0 0 0 0 0 0 0 0 0 0 0 0 0 0 0 1 0]
[359049701774917304229276106297201223617416281686313054119441901112164506 0 0 0 0 0 0 0 0 0 0 0 0 0 0 0 0 0 0 0 0 0 0 1]
]
