[[1428953576905923560101337791768730833977084780089288407213326822041587499 0 0 0 0 0 0 0 0 0 0 0 0 0 0 0 0 0 0 0 0 0 0 0]
[298904016565737591407893765907646249321541526274594158036491621565257633 1 0 0 0 0 0 0 0 0 0 0 0 0 0 0 0 0 0 0 0 0 0 0]
[539280904010563521147391418031511097337146686490299409905884324604718191 0 1 0 0 0 0 0 0 0 0 0 0 0 0 0 0 0 0 0 0 0 0 0]
[364072042315562410574966976213299777924104180175946161671378406883594873 0 0 1 0 0 0 0 0 0 0 0 0 0 0 0 0 0 0 0 0 0 0 0]
[190711135978681029477053432047316395417485041901280355949402338497412885 0 0 0 1 0 0 0 0 0 0 0 0 0 0 0 0 0 0 0 0 0 0 0]
[817878481487346775272610339909697155902284863226067328537970606603223692 0 0 0 0 1 0 0 0 0 0 0 0 0 0 0 0 0 0 0 0 0 0 0]
[424870849617115551177228339822511646161220252933864925943906549573615711 0 0 0 0 0 1 0 0 0 0 0 0 0 0 0 0 0 0 0 0 0 0 0]
[694612633918477176396468776602668937215022461286228849567476729394872193 0 0 0 0 0 0 1 0 0 0 0 0 0 0 0 0 0 0 0 0 0 0 0]
[469322212628890940119896268474078926411162494629550208518679947544531092 0 0 0 0 0 0 0 1 0 0 0 0 0 0 0 0 0 0 0 0 0 0 0]
[860634033903707984093955790510519841156091315872849596437004243491917585 0 0 0 0 0 0 0 0 1 0 0 0 0 0 0 0 0 0 0 0 0 0 0]
[426234122491642762135240843129060492572057124373027184071082799800031133 0 0 0 0 0 0 0 0 0 1 0 0 0 0 0 0 0 0 0 0 0 0 0]
[247656278384099049178902858108175136928701922123300581258841353820449925 0 0 0 0 0 0 0 0 0 0 1 0 0 0 0 0 0 0 0 0 0 0 0]
[658634038317167886675915590639240711021977178060790896507593166429829097 0 0 0 0 0 0 0 0 0 0 0 1 0 0 0 0 0 0 0 0 0 0 0]
[1204564488018147049880997982502958698922487097437603266775219164556098923 0 0 0 0 0 0 0 0 0 0 0 0 1 0 0 0 0 0 0 0 0 0 0]
[1296240536954786146981793595680928466929061472285578857966500239314220007 0 0 0 0 0 0 0 0 0 0 0 0 0 1 0 0 0 0 0 0 0 0 0]
[1100311731471448865043146987436399980801658006892125822931575914270442365 0 0 0 0 0 0 0 0 0 0 0 0 0 0 1 0 0 0 0 0 0 0 0]
[331210056289655088244120174279511471815846994579953725552489416426639080 0 0 0 0 0 0 0 0 0 0 0 0 0 0 0 1 0 0 0 0 0 0 0]
[169705777547141835839149760622397995508714457238250936327451632991043447 0 0 0 0 0 0 0 0 0 0 0 0 0 0 0 0 1 0 0 0 0 0 0]
[199408721054623508814141428023222389506679451891104614192164463480712859 0 0 0 0 0 0 0 0 0 0 0 0 0 0 0 0 0 1 0 0 0 0 0]
[858730244135565293428423602011874887732451163973714479363720467320139982 0 0 0 0 0 0 0 0 0 0 0 0 0 0 0 0 0 0 1 0 0 0 0]
[872681775763665511957745741458232974619865882216013191579982707275973767 0 0 0 0 0 0 0 0 0 0 0 0 0 0 0 0 0 0 0 1 0 0 0]
[764266004797043979493256369525163178689172315718421841349067778239847440 0 0 0 0 0 0 0 0 0 0 0 0 0 0 0 0 0 0 0 0 1 0 0]
[810724180996879406518189114875399528808519204992203678981272034403102633 0 0 0 0 0 0 0 0 0 0 0 0 0 0 0 0 0 0 0 0 0 1 0]
[435558679481583228569960171625693229657020018494934779360662018316960340 0 0 0 0 0 0 0 0 0 0 0 0 0 0 0 0 0 0 0 0 0 0 1]
]
