[[1009675902466705809185435023406478633664856179564909316302010016542538059 0 0 0 0 0 0 0 0 0 0 0 0 0 0 0 0 0 0 0 0 0 0 0]
[648779818609416032725575550592251824380459220439397104208851900055651243 1 0 0 0 0 0 0 0 0 0 0 0 0 0 0 0 0 0 0 0 0 0 0]
[667295743578221279568139738871809232501141089930874362633874564827562098 0 1 0 0 0 0 0 0 0 0 0 0 0 0 0 0 0 0 0 0 0 0 0]
[118138407966382073506206439121066422088020991465692963460704692556748590 0 0 1 0 0 0 0 0 0 0 0 0 0 0 0 0 0 0 0 0 0 0 0]
[134612349199755134436083569616339325489565229070394774710556614473869697 0 0 0 1 0 0 0 0 0 0 0 0 0 0 0 0 0 0 0 0 0 0 0]
[9541632217578581708410546514433540514012670611099968142372194885408231 0 0 0 0 1 0 0 0 0 0 0 0 0 0 0 0 0 0 0 0 0 0 0]
[776711927101602545754420722306215018340012047550498225523923678358704782 0 0 0 0 0 1 0 0 0 0 0 0 0 0 0 0 0 0 0 0 0 0 0]
[170400597790835239190414159640754640737178389917025249433441409385335578 0 0 0 0 0 0 1 0 0 0 0 0 0 0 0 0 0 0 0 0 0 0 0]
[443350781179487105030070140965234451424431823564094113302125708295965966 0 0 0 0 0 0 0 1 0 0 0 0 0 0 0 0 0 0 0 0 0 0 0]
[684614361407833693447199235678267179510585921116741238360171261554028047 0 0 0 0 0 0 0 0 1 0 0 0 0 0 0 0 0 0 0 0 0 0 0]
[872802317651902196151750835523972843318213520898284685112432391224014122 0 0 0 0 0 0 0 0 0 1 0 0 0 0 0 0 0 0 0 0 0 0 0]
[490771057379393833636394736752361971781293668375221853062383006523505912 0 0 0 0 0 0 0 0 0 0 1 0 0 0 0 0 0 0 0 0 0 0 0]
[743870218434610041408206590116514791501708688201160166955345915868204121 0 0 0 0 0 0 0 0 0 0 0 1 0 0 0 0 0 0 0 0 0 0 0]
[808910461893910501216278274047335588585833080453533805856932292206617940 0 0 0 0 0 0 0 0 0 0 0 0 1 0 0 0 0 0 0 0 0 0 0]
[128732532147324955375030914925907814561511705246266173117937264649738902 0 0 0 0 0 0 0 0 0 0 0 0 0 1 0 0 0 0 0 0 0 0 0]
[315322048891709476516248611563226652410832136615641105723019393177592912 0 0 0 0 0 0 0 0 0 0 0 0 0 0 1 0 0 0 0 0 0 0 0]
[487176320803398879349971370445428061466564036004224369631520378067022192 0 0 0 0 0 0 0 0 0 0 0 0 0 0 0 1 0 0 0 0 0 0 0]
[447346894034746987777333664952178071025102921144049168154280308566859656 0 0 0 0 0 0 0 0 0 0 0 0 0 0 0 0 1 0 0 0 0 0 0]
[197393526536663535850533068370923571423525562938342123482733769103505657 0 0 0 0 0 0 0 0 0 0 0 0 0 0 0 0 0 1 0 0 0 0 0]
[831586267083932012389769206162150540499867692378354356412297788463505573 0 0 0 0 0 0 0 0 0 0 0 0 0 0 0 0 0 0 1 0 0 0 0]
[89194087012033784821004023594940644330891672581312833988993278016506082 0 0 0 0 0 0 0 0 0 0 0 0 0 0 0 0 0 0 0 1 0 0 0]
[1005280350842985169149365547511071833334214836219450434114637977588077133 0 0 0 0 0 0 0 0 0 0 0 0 0 0 0 0 0 0 0 0 1 0 0]
[876809582049464184602540209809966145614636021757324726460197424532930268 0 0 0 0 0 0 0 0 0 0 0 0 0 0 0 0 0 0 0 0 0 1 0]
[706806497751882925698318946194509214613055003560299917990936227869073862 0 0 0 0 0 0 0 0 0 0 0 0 0 0 0 0 0 0 0 0 0 0 1]
]
