[[950154436507408477080899811589467294129617278294178752965712001421034171 0 0 0 0 0 0 0 0 0 0 0 0 0 0 0 0 0 0 0 0 0 0 0]
[872447111749272078573185807059393592589496965675426927117050708589799744 1 0 0 0 0 0 0 0 0 0 0 0 0 0 0 0 0 0 0 0 0 0 0]
[770063663935490953372992368482519457379445152060835575201803311547036156 0 1 0 0 0 0 0 0 0 0 0 0 0 0 0 0 0 0 0 0 0 0 0]
[552100170603029556773427680346249828036957338395678287308616240130115805 0 0 1 0 0 0 0 0 0 0 0 0 0 0 0 0 0 0 0 0 0 0 0]
[612185988705262732547389070287965312008804787346269001233937804359951938 0 0 0 1 0 0 0 0 0 0 0 0 0 0 0 0 0 0 0 0 0 0 0]
[839150349936516144244105944732705668467876082105699252099560619638676311 0 0 0 0 1 0 0 0 0 0 0 0 0 0 0 0 0 0 0 0 0 0 0]
[754258952488459168948170884489146742096658412211025057400894779753062346 0 0 0 0 0 1 0 0 0 0 0 0 0 0 0 0 0 0 0 0 0 0 0]
[146377928473613479427165012426646676156984262327003249604629950783298063 0 0 0 0 0 0 1 0 0 0 0 0 0 0 0 0 0 0 0 0 0 0 0]
[871060196675862239182106664772992188357696788555849979205508671438370372 0 0 0 0 0 0 0 1 0 0 0 0 0 0 0 0 0 0 0 0 0 0 0]
[272826691398657680326663821124501263916078378140969022492145086786657290 0 0 0 0 0 0 0 0 1 0 0 0 0 0 0 0 0 0 0 0 0 0 0]
[831795964642065843124346595481879815238861646795615260528489632492005758 0 0 0 0 0 0 0 0 0 1 0 0 0 0 0 0 0 0 0 0 0 0 0]
[452619019582770646318282773680271838486823777623189153718818236440645417 0 0 0 0 0 0 0 0 0 0 1 0 0 0 0 0 0 0 0 0 0 0 0]
[372046269420883148809286625863968216483071677984562054561825554228442680 0 0 0 0 0 0 0 0 0 0 0 1 0 0 0 0 0 0 0 0 0 0 0]
[741322143067918626163135775908831347274466405741048185788597410411128554 0 0 0 0 0 0 0 0 0 0 0 0 1 0 0 0 0 0 0 0 0 0 0]
[470144370893109188771850373649569837107105328375969214101947873070502164 0 0 0 0 0 0 0 0 0 0 0 0 0 1 0 0 0 0 0 0 0 0 0]
[865517026766633386570611034390241400084702268546013628778512504871811582 0 0 0 0 0 0 0 0 0 0 0 0 0 0 1 0 0 0 0 0 0 0 0]
[301548380903624902508781038541117240306040198683451513377303366401050015 0 0 0 0 0 0 0 0 0 0 0 0 0 0 0 1 0 0 0 0 0 0 0]
[492405431844961235289740319157163654240729466214348235096783557192327181 0 0 0 0 0 0 0 0 0 0 0 0 0 0 0 0 1 0 0 0 0 0 0]
[72840592633221571517276993042987839038896720433636073084485925411482593 0 0 0 0 0 0 0 0 0 0 0 0 0 0 0 0 0 1 0 0 0 0 0]
[765245907145796736139615335976706205151871695628205765963216979167957729 0 0 0 0 0 0 0 0 0 0 0 0 0 0 0 0 0 0 1 0 0 0 0]
[784637988844180126712874820615209302179570563587965902095976253847187077 0 0 0 0 0 0 0 0 0 0 0 0 0 0 0 0 0 0 0 1 0 0 0]
[596980810699571508642890514277957140624595650132993245239100578266283407 0 0 0 0 0 0 0 0 0 0 0 0 0 0 0 0 0 0 0 0 1 0 0]
[721686235641113887742449600063872278506826879169777498212028896996101973 0 0 0 0 0 0 0 0 0 0 0 0 0 0 0 0 0 0 0 0 0 1 0]
[726076963904264370040279597909389755836121867626679108545108214760802289 0 0 0 0 0 0 0 0 0 0 0 0 0 0 0 0 0 0 0 0 0 0 1]
]
