[[1144772951804442009890333243889700892886474022200357806814547269833488181 0 0 0 0 0 0 0 0 0 0 0 0 0 0 0 0 0 0 0 0 0 0 0]
[1086352555212743558103119022346141030380733555777646292591741624887683882 1 0 0 0 0 0 0 0 0 0 0 0 0 0 0 0 0 0 0 0 0 0 0]
[79209537539015089527148916982876823074842589494159549916360597614681236 0 1 0 0 0 0 0 0 0 0 0 0 0 0 0 0 0 0 0 0 0 0 0]
[838557028349037776151479695083715625820218700070600469434144897663819031 0 0 1 0 0 0 0 0 0 0 0 0 0 0 0 0 0 0 0 0 0 0 0]
[644681059711667012355262362145808801386076868829134683846532197551657575 0 0 0 1 0 0 0 0 0 0 0 0 0 0 0 0 0 0 0 0 0 0 0]
[430913185500827424068858097776119311736342402407366161432497329964872455 0 0 0 0 1 0 0 0 0 0 0 0 0 0 0 0 0 0 0 0 0 0 0]
[925521413647717845261564881535698723434307165644521722496614908956794110 0 0 0 0 0 1 0 0 0 0 0 0 0 0 0 0 0 0 0 0 0 0 0]
[542003239121402765708721586530102361563087159148643484010584233919357220 0 0 0 0 0 0 1 0 0 0 0 0 0 0 0 0 0 0 0 0 0 0 0]
[668805663585552465751827833496469127742293012826433378367923663117448710 0 0 0 0 0 0 0 1 0 0 0 0 0 0 0 0 0 0 0 0 0 0 0]
[1044728214644362836662853913610134141461759746219623182811481630062300204 0 0 0 0 0 0 0 0 1 0 0 0 0 0 0 0 0 0 0 0 0 0 0]
[871582266507352159589659425840397077990130272921483990461846433864425892 0 0 0 0 0 0 0 0 0 1 0 0 0 0 0 0 0 0 0 0 0 0 0]
[1086493608466179575769590484635030632706737208645107567830951489626052583 0 0 0 0 0 0 0 0 0 0 1 0 0 0 0 0 0 0 0 0 0 0 0]
[820773508574904519379429197677343417666409709387026446969823781070138467 0 0 0 0 0 0 0 0 0 0 0 1 0 0 0 0 0 0 0 0 0 0 0]
[969301598058144879061779362343091438563231313354754046160964175880614624 0 0 0 0 0 0 0 0 0 0 0 0 1 0 0 0 0 0 0 0 0 0 0]
[26182102215752198475032560323973709511756630973346949013075119786213579 0 0 0 0 0 0 0 0 0 0 0 0 0 1 0 0 0 0 0 0 0 0 0]
[1034103477203832785433709030505547080919194403379981972404763892546669572 0 0 0 0 0 0 0 0 0 0 0 0 0 0 1 0 0 0 0 0 0 0 0]
[1138356229454945265961446403430309678512360188320760463664277483090474088 0 0 0 0 0 0 0 0 0 0 0 0 0 0 0 1 0 0 0 0 0 0 0]
[851773695721265006911406059688986275226516156110763231940524508980856893 0 0 0 0 0 0 0 0 0 0 0 0 0 0 0 0 1 0 0 0 0 0 0]
[810044271517298252070091995764089868227773771333262314818850738697197984 0 0 0 0 0 0 0 0 0 0 0 0 0 0 0 0 0 1 0 0 0 0 0]
[849823507019086482910225653248020652114178646509878474671435132126147658 0 0 0 0 0 0 0 0 0 0 0 0 0 0 0 0 0 0 1 0 0 0 0]
[350466207565602926072558082406033205770680625522959943974617713129985706 0 0 0 0 0 0 0 0 0 0 0 0 0 0 0 0 0 0 0 1 0 0 0]
[878583894205882813769257420627441322869057718528300737116851333114240599 0 0 0 0 0 0 0 0 0 0 0 0 0 0 0 0 0 0 0 0 1 0 0]
[899327051308627405457748848433987162272302067703339368552087787274735434 0 0 0 0 0 0 0 0 0 0 0 0 0 0 0 0 0 0 0 0 0 1 0]
[1131326816655415293203072554084158184756613686444611764130854216253652879 0 0 0 0 0 0 0 0 0 0 0 0 0 0 0 0 0 0 0 0 0 0 1]
]
