[[1722118440291153624356259862540172499742317643530409399187681236803850397 0 0 0 0 0 0 0 0 0 0 0 0 0 0 0 0 0 0 0 0 0 0 0]
[1211463577047982284423424362563314567128071862365338469802204205016754137 1 0 0 0 0 0 0 0 0 0 0 0 0 0 0 0 0 0 0 0 0 0 0]
[349954860236173321260171509796795849231023608021698575075258531248829324 0 1 0 0 0 0 0 0 0 0 0 0 0 0 0 0 0 0 0 0 0 0 0]
[657387413428721686718362586513538272218518692313616694428965429007073723 0 0 1 0 0 0 0 0 0 0 0 0 0 0 0 0 0 0 0 0 0 0 0]
[1602123129677418191194797192716915070293425107125245815109888933530632318 0 0 0 1 0 0 0 0 0 0 0 0 0 0 0 0 0 0 0 0 0 0 0]
[992622668508177533568098432016306838909630357740089430998482600099714458 0 0 0 0 1 0 0 0 0 0 0 0 0 0 0 0 0 0 0 0 0 0 0]
[888217221579389701374693253773696219391044432383047033549111145436772029 0 0 0 0 0 1 0 0 0 0 0 0 0 0 0 0 0 0 0 0 0 0 0]
[554749153048235812353561773699756403496451100533896557870299690907213748 0 0 0 0 0 0 1 0 0 0 0 0 0 0 0 0 0 0 0 0 0 0 0]
[1356397492062919126321348664329550729163137018137739467161551363951734778 0 0 0 0 0 0 0 1 0 0 0 0 0 0 0 0 0 0 0 0 0 0 0]
[876773493350180884180540262216412009981746375878611799633010707003426255 0 0 0 0 0 0 0 0 1 0 0 0 0 0 0 0 0 0 0 0 0 0 0]
[860177021571204414266115144483651538756795631328656744957388254670951906 0 0 0 0 0 0 0 0 0 1 0 0 0 0 0 0 0 0 0 0 0 0 0]
[440787583664893131184931728324435755279616747779112904292089478972162484 0 0 0 0 0 0 0 0 0 0 1 0 0 0 0 0 0 0 0 0 0 0 0]
[478689497981709551822626241836559088912595220470302343971816347740739808 0 0 0 0 0 0 0 0 0 0 0 1 0 0 0 0 0 0 0 0 0 0 0]
[1372533823171979653862359548912645959638415468948126852918144130594096314 0 0 0 0 0 0 0 0 0 0 0 0 1 0 0 0 0 0 0 0 0 0 0]
[191331529176522288351968227243774891505990869444907044232487833866491175 0 0 0 0 0 0 0 0 0 0 0 0 0 1 0 0 0 0 0 0 0 0 0]
[1541264230952124538952249845892916795817693995896854008692495353512019232 0 0 0 0 0 0 0 0 0 0 0 0 0 0 1 0 0 0 0 0 0 0 0]
[1111494610996232141359805099017975888228079588315435220927180426924447937 0 0 0 0 0 0 0 0 0 0 0 0 0 0 0 1 0 0 0 0 0 0 0]
[507264390527002678114859705298132425184517214283050014677294520960968523 0 0 0 0 0 0 0 0 0 0 0 0 0 0 0 0 1 0 0 0 0 0 0]
[1652404362587465149088786049626991246568819091695444400162370102289520701 0 0 0 0 0 0 0 0 0 0 0 0 0 0 0 0 0 1 0 0 0 0 0]
[495902372000335024754482006555770605109356137247440074561551759942826608 0 0 0 0 0 0 0 0 0 0 0 0 0 0 0 0 0 0 1 0 0 0 0]
[334145639978961923139437292396307808123358932815311249972957816003590068 0 0 0 0 0 0 0 0 0 0 0 0 0 0 0 0 0 0 0 1 0 0 0]
[1309349099603028573587210297315136744603678460837847202695936609543161003 0 0 0 0 0 0 0 0 0 0 0 0 0 0 0 0 0 0 0 0 1 0 0]
[495993652836889868856356293730573310697659841402830564702783590341134220 0 0 0 0 0 0 0 0 0 0 0 0 0 0 0 0 0 0 0 0 0 1 0]
[687179238701037413548762716201818707586641023480827389928188425977767304 0 0 0 0 0 0 0 0 0 0 0 0 0 0 0 0 0 0 0 0 0 0 1]
]
