[[1406473029145723009565281818056918496678001263824354561587510867559948789 0 0 0 0 0 0 0 0 0 0 0 0 0 0 0 0 0 0 0 0 0 0 0]
[215161335188500723880746560410512523985748302112671526844646108048817924 1 0 0 0 0 0 0 0 0 0 0 0 0 0 0 0 0 0 0 0 0 0 0]
[825975240100867590399470434027508625370416674577262151355595482030177989 0 1 0 0 0 0 0 0 0 0 0 0 0 0 0 0 0 0 0 0 0 0 0]
[676742521012763935419468249721060755221031634788425197171574885584702219 0 0 1 0 0 0 0 0 0 0 0 0 0 0 0 0 0 0 0 0 0 0 0]
[1078303000561843425331065618917850643361701178005952297267181336177970673 0 0 0 1 0 0 0 0 0 0 0 0 0 0 0 0 0 0 0 0 0 0 0]
[640257712702233560510707211729540353368296687624098088798626612707459755 0 0 0 0 1 0 0 0 0 0 0 0 0 0 0 0 0 0 0 0 0 0 0]
[974614548011599890047936908495019609630501001657869929517930283247100596 0 0 0 0 0 1 0 0 0 0 0 0 0 0 0 0 0 0 0 0 0 0 0]
[1243296197602870074426988181306753331989542477186156194788661027535631484 0 0 0 0 0 0 1 0 0 0 0 0 0 0 0 0 0 0 0 0 0 0 0]
[4152965774123073861632284255895737193304731928197697455397989995129477 0 0 0 0 0 0 0 1 0 0 0 0 0 0 0 0 0 0 0 0 0 0 0]
[1168799070013928813167808538407410889393975907157507455577176377075589369 0 0 0 0 0 0 0 0 1 0 0 0 0 0 0 0 0 0 0 0 0 0 0]
[8274415223897788925345184485724044395676471885360398813979032927053836 0 0 0 0 0 0 0 0 0 1 0 0 0 0 0 0 0 0 0 0 0 0 0]
[400969082282443306832611697655210735484252305864162529961458189699698685 0 0 0 0 0 0 0 0 0 0 1 0 0 0 0 0 0 0 0 0 0 0 0]
[553319839177087169080343755953321903401852794857371085625805076427015738 0 0 0 0 0 0 0 0 0 0 0 1 0 0 0 0 0 0 0 0 0 0 0]
[328031153202936909529579861982487398984170689004709089351358875212825751 0 0 0 0 0 0 0 0 0 0 0 0 1 0 0 0 0 0 0 0 0 0 0]
[356719316871754019582976052975133828939075851395283344755579777826741630 0 0 0 0 0 0 0 0 0 0 0 0 0 1 0 0 0 0 0 0 0 0 0]
[876313366998366837485852788559074699575543113224771253290142112531045572 0 0 0 0 0 0 0 0 0 0 0 0 0 0 1 0 0 0 0 0 0 0 0]
[15147020188138868426783298720820990282240848025379233473954717272330468 0 0 0 0 0 0 0 0 0 0 0 0 0 0 0 1 0 0 0 0 0 0 0]
[443646701936074064563684745097322631390684812559536549006000280791395729 0 0 0 0 0 0 0 0 0 0 0 0 0 0 0 0 1 0 0 0 0 0 0]
[40557949210248134463448219618908485352445688092198605733166292353566705 0 0 0 0 0 0 0 0 0 0 0 0 0 0 0 0 0 1 0 0 0 0 0]
[380648290492821748739607633423655849170668044972618356643476857483776959 0 0 0 0 0 0 0 0 0 0 0 0 0 0 0 0 0 0 1 0 0 0 0]
[924167975152509519498765244583586846285748449405809237733856720998296759 0 0 0 0 0 0 0 0 0 0 0 0 0 0 0 0 0 0 0 1 0 0 0]
[250164514428922763608911076084431864775601365247941005715725974894045556 0 0 0 0 0 0 0 0 0 0 0 0 0 0 0 0 0 0 0 0 1 0 0]
[1102496174233413959846682824487317266129980457391699196633736721820360435 0 0 0 0 0 0 0 0 0 0 0 0 0 0 0 0 0 0 0 0 0 1 0]
[88773153292564792867997912755852824112886447994730838319080012953171898 0 0 0 0 0 0 0 0 0 0 0 0 0 0 0 0 0 0 0 0 0 0 1]
]
