[[1402204769586692470995280192935774558153991941811824859082711438719050427 0 0 0 0 0 0 0 0 0 0 0 0 0 0 0 0 0 0 0 0 0 0 0]
[497756770063360129854972574182446110194847062542744276553251659517609090 1 0 0 0 0 0 0 0 0 0 0 0 0 0 0 0 0 0 0 0 0 0 0]
[95357879038707127996579332124585553588629757566232667364857663520864182 0 1 0 0 0 0 0 0 0 0 0 0 0 0 0 0 0 0 0 0 0 0 0]
[30359827199002009812664874730038441367160675407316544288968093849209426 0 0 1 0 0 0 0 0 0 0 0 0 0 0 0 0 0 0 0 0 0 0 0]
[347907253066306752424793724957275624360388103063045340574927760319394588 0 0 0 1 0 0 0 0 0 0 0 0 0 0 0 0 0 0 0 0 0 0 0]
[292530990427989290789030682889070622611104716822969296405118078526076245 0 0 0 0 1 0 0 0 0 0 0 0 0 0 0 0 0 0 0 0 0 0 0]
[1171604641610631962509562072701421660743887384303555018938908921581349129 0 0 0 0 0 1 0 0 0 0 0 0 0 0 0 0 0 0 0 0 0 0 0]
[559003469322510316014202125333872072046364490256937886266995575379594933 0 0 0 0 0 0 1 0 0 0 0 0 0 0 0 0 0 0 0 0 0 0 0]
[590206171831751087896703984257479508422622643441233711801738477560651958 0 0 0 0 0 0 0 1 0 0 0 0 0 0 0 0 0 0 0 0 0 0 0]
[717520571656806777423925771177525871426207172010901912207365453989888873 0 0 0 0 0 0 0 0 1 0 0 0 0 0 0 0 0 0 0 0 0 0 0]
[1207000577117397833521561245257048697014715776274019987918319081855863933 0 0 0 0 0 0 0 0 0 1 0 0 0 0 0 0 0 0 0 0 0 0 0]
[1236429563158089455167700453347681479317375586588020522963513403009903130 0 0 0 0 0 0 0 0 0 0 1 0 0 0 0 0 0 0 0 0 0 0 0]
[289370006116473617972490852043408646085946911851767686867592593320139802 0 0 0 0 0 0 0 0 0 0 0 1 0 0 0 0 0 0 0 0 0 0 0]
[269604802572731939301147687994288952287412857626464682264542138579316302 0 0 0 0 0 0 0 0 0 0 0 0 1 0 0 0 0 0 0 0 0 0 0]
[830863383439173709759817379744415162905452572220085901763208691904173489 0 0 0 0 0 0 0 0 0 0 0 0 0 1 0 0 0 0 0 0 0 0 0]
[287667344111979855950140143610381593146496801395387597579894339370202519 0 0 0 0 0 0 0 0 0 0 0 0 0 0 1 0 0 0 0 0 0 0 0]
[422810590988603520023738110177862333008750533477663801177915435921378996 0 0 0 0 0 0 0 0 0 0 0 0 0 0 0 1 0 0 0 0 0 0 0]
[655020990568170788342489647402332429960703586254543689230538466449556205 0 0 0 0 0 0 0 0 0 0 0 0 0 0 0 0 1 0 0 0 0 0 0]
[380876784951332776655872837648274206375415025209190269420377620117977679 0 0 0 0 0 0 0 0 0 0 0 0 0 0 0 0 0 1 0 0 0 0 0]
[1101364537192941383406940817611248014452993367804570998325341904373340308 0 0 0 0 0 0 0 0 0 0 0 0 0 0 0 0 0 0 1 0 0 0 0]
[1352166911616887112681664866565019578743214721950390207125113983702762247 0 0 0 0 0 0 0 0 0 0 0 0 0 0 0 0 0 0 0 1 0 0 0]
[818331607582607961174354912631764773795678889140564282560882883835573826 0 0 0 0 0 0 0 0 0 0 0 0 0 0 0 0 0 0 0 0 1 0 0]
[588102640308940495491720231225385769065522614463169138761303238016331909 0 0 0 0 0 0 0 0 0 0 0 0 0 0 0 0 0 0 0 0 0 1 0]
[1023845109614220040077787522285221665118957986992641925943360767643094273 0 0 0 0 0 0 0 0 0 0 0 0 0 0 0 0 0 0 0 0 0 0 1]
]
