[[1039367418151476736948788120268406928983503523966977649144757833361299017 0 0 0 0 0 0 0 0 0 0 0 0 0 0 0 0 0 0 0 0 0 0 0]
[493625365505513386038336246634972195929676227178218162652356345233561395 1 0 0 0 0 0 0 0 0 0 0 0 0 0 0 0 0 0 0 0 0 0 0]
[789887737845465935302511957700510599502670748052481841722088779287150695 0 1 0 0 0 0 0 0 0 0 0 0 0 0 0 0 0 0 0 0 0 0 0]
[147616487736774321189227346838369178080825197547882822704675648601860775 0 0 1 0 0 0 0 0 0 0 0 0 0 0 0 0 0 0 0 0 0 0 0]
[253843902077863296102240801825874833304725547686587071203088498297490252 0 0 0 1 0 0 0 0 0 0 0 0 0 0 0 0 0 0 0 0 0 0 0]
[525483614191367581681512243247702022118822375773970589115252462166108168 0 0 0 0 1 0 0 0 0 0 0 0 0 0 0 0 0 0 0 0 0 0 0]
[153599603720129266263454602571329809208654609925516686516631363588041354 0 0 0 0 0 1 0 0 0 0 0 0 0 0 0 0 0 0 0 0 0 0 0]
[967643068980308990130913514019380211039288845462794729850361695093768266 0 0 0 0 0 0 1 0 0 0 0 0 0 0 0 0 0 0 0 0 0 0 0]
[969799254576441419119871542469182052230057821568863517657544241848598485 0 0 0 0 0 0 0 1 0 0 0 0 0 0 0 0 0 0 0 0 0 0 0]
[803598252610423050264463676961744630397183712487213747306895987445602440 0 0 0 0 0 0 0 0 1 0 0 0 0 0 0 0 0 0 0 0 0 0 0]
[49186966911401619739061512515628646191763476253384626888001535286589592 0 0 0 0 0 0 0 0 0 1 0 0 0 0 0 0 0 0 0 0 0 0 0]
[268517497941486616702676780822057339363641943125525534099672888765473950 0 0 0 0 0 0 0 0 0 0 1 0 0 0 0 0 0 0 0 0 0 0 0]
[927093058719355747126292443335678958095134678136787317617769254248067727 0 0 0 0 0 0 0 0 0 0 0 1 0 0 0 0 0 0 0 0 0 0 0]
[245470438780996678023999436365356568254192061485422339881377644632664275 0 0 0 0 0 0 0 0 0 0 0 0 1 0 0 0 0 0 0 0 0 0 0]
[120420119826018323593118940446970741691157476794521546377053207739326352 0 0 0 0 0 0 0 0 0 0 0 0 0 1 0 0 0 0 0 0 0 0 0]
[114554734043938616761734865430917416925512850465930488111619782430682091 0 0 0 0 0 0 0 0 0 0 0 0 0 0 1 0 0 0 0 0 0 0 0]
[298764439904131009779179258104354619101755382835873570715369697781054078 0 0 0 0 0 0 0 0 0 0 0 0 0 0 0 1 0 0 0 0 0 0 0]
[386306516460687346129382347787501951024373672606055608697440169068834696 0 0 0 0 0 0 0 0 0 0 0 0 0 0 0 0 1 0 0 0 0 0 0]
[282061030211226052094899772296039743728205205860790394130674630805947017 0 0 0 0 0 0 0 0 0 0 0 0 0 0 0 0 0 1 0 0 0 0 0]
[285747653300362535321775037882918622861484237798391199370186119035627373 0 0 0 0 0 0 0 0 0 0 0 0 0 0 0 0 0 0 1 0 0 0 0]
[466056329398173724387337464892804948399205606291237238466594415652628361 0 0 0 0 0 0 0 0 0 0 0 0 0 0 0 0 0 0 0 1 0 0 0]
[74550979417081639002286152415774898049419312790482342152690141996956471 0 0 0 0 0 0 0 0 0 0 0 0 0 0 0 0 0 0 0 0 1 0 0]
[817273504003701149660182279949049199259652125780455939031693097867357782 0 0 0 0 0 0 0 0 0 0 0 0 0 0 0 0 0 0 0 0 0 1 0]
[432802840283415077300798908094394099969843891386758988809110220591329520 0 0 0 0 0 0 0 0 0 0 0 0 0 0 0 0 0 0 0 0 0 0 1]
]
