[[1511866339675730083410467135606196840553980046184334435006760145771426371 0 0 0 0 0 0 0 0 0 0 0 0 0 0 0 0 0 0 0 0 0 0 0]
[933593493242649477845983527574899230612500817041670308635419420953755165 1 0 0 0 0 0 0 0 0 0 0 0 0 0 0 0 0 0 0 0 0 0 0]
[335681669651706951934640082751482357067548204899939785783413504584692814 0 1 0 0 0 0 0 0 0 0 0 0 0 0 0 0 0 0 0 0 0 0 0]
[309474752026853219312685909161868384574496753782735705402116995696142537 0 0 1 0 0 0 0 0 0 0 0 0 0 0 0 0 0 0 0 0 0 0 0]
[694501935982223535070482734835387237600349363153011070707711439531915308 0 0 0 1 0 0 0 0 0 0 0 0 0 0 0 0 0 0 0 0 0 0 0]
[475758987622710369544961467002205147351602317171568697878197741396434581 0 0 0 0 1 0 0 0 0 0 0 0 0 0 0 0 0 0 0 0 0 0 0]
[1139256048138336985909769896786692925498775633412196182257825463952374412 0 0 0 0 0 1 0 0 0 0 0 0 0 0 0 0 0 0 0 0 0 0 0]
[483541603712450358809532533434445177396622741383219912528344681397419194 0 0 0 0 0 0 1 0 0 0 0 0 0 0 0 0 0 0 0 0 0 0 0]
[834867524215522454301975744686501381602035758921062032212434164823465284 0 0 0 0 0 0 0 1 0 0 0 0 0 0 0 0 0 0 0 0 0 0 0]
[1322175881190762688738396481500135689751642051156961318841477742571573700 0 0 0 0 0 0 0 0 1 0 0 0 0 0 0 0 0 0 0 0 0 0 0]
[586569155396842235164993466502085520591284031916388497341532603137658158 0 0 0 0 0 0 0 0 0 1 0 0 0 0 0 0 0 0 0 0 0 0 0]
[1298666018701772908780004376916913425459285703396610849032998476438348100 0 0 0 0 0 0 0 0 0 0 1 0 0 0 0 0 0 0 0 0 0 0 0]
[444782120197037758618127424006041328576699936314289999062246623466768803 0 0 0 0 0 0 0 0 0 0 0 1 0 0 0 0 0 0 0 0 0 0 0]
[276605394494190982809447278852051370948650455032027460976689618971472345 0 0 0 0 0 0 0 0 0 0 0 0 1 0 0 0 0 0 0 0 0 0 0]
[222050177300079271766649622532700073005542665594301280081520269105259437 0 0 0 0 0 0 0 0 0 0 0 0 0 1 0 0 0 0 0 0 0 0 0]
[498697174908542482142715686687456871515814958769659204482817655819921031 0 0 0 0 0 0 0 0 0 0 0 0 0 0 1 0 0 0 0 0 0 0 0]
[576379089636514612453921152694638656873716931092742941013089275181037366 0 0 0 0 0 0 0 0 0 0 0 0 0 0 0 1 0 0 0 0 0 0 0]
[1337343354995420359400521603254681962507711530231303536746230421852962929 0 0 0 0 0 0 0 0 0 0 0 0 0 0 0 0 1 0 0 0 0 0 0]
[110861898991506312433765174440364164787312376340555261131740340813146487 0 0 0 0 0 0 0 0 0 0 0 0 0 0 0 0 0 1 0 0 0 0 0]
[1378722252699578561286165526756410690588105637759607599262215011420091390 0 0 0 0 0 0 0 0 0 0 0 0 0 0 0 0 0 0 1 0 0 0 0]
[612473367396518740726382911578337681274666674191808504218609269343889680 0 0 0 0 0 0 0 0 0 0 0 0 0 0 0 0 0 0 0 1 0 0 0]
[658782538515739096637510922780597631863222054339539858619921317460310127 0 0 0 0 0 0 0 0 0 0 0 0 0 0 0 0 0 0 0 0 1 0 0]
[298359021215815348619022921691750872567552973169268723025252815036403949 0 0 0 0 0 0 0 0 0 0 0 0 0 0 0 0 0 0 0 0 0 1 0]
[1366907757320875151586131561740435546116246881306925205464421051857169919 0 0 0 0 0 0 0 0 0 0 0 0 0 0 0 0 0 0 0 0 0 0 1]
]
