[[1696182862493839377322680663170906243119654465640820970893267828671828963 0 0 0 0 0 0 0 0 0 0 0 0 0 0 0 0 0 0 0 0 0 0 0]
[1183803753859557959772164303069126786503240494145800833139729922975968188 1 0 0 0 0 0 0 0 0 0 0 0 0 0 0 0 0 0 0 0 0 0 0]
[1581711454966704026547272687116220224286400548742589919596387019786897305 0 1 0 0 0 0 0 0 0 0 0 0 0 0 0 0 0 0 0 0 0 0 0]
[666750589499494472519414697590117848314059119310205028200838845893919507 0 0 1 0 0 0 0 0 0 0 0 0 0 0 0 0 0 0 0 0 0 0 0]
[736587849303102511974535500649567859319039013370853967285152347465392779 0 0 0 1 0 0 0 0 0 0 0 0 0 0 0 0 0 0 0 0 0 0 0]
[900576937224502877937340124711767814499349743276878047324363824182963619 0 0 0 0 1 0 0 0 0 0 0 0 0 0 0 0 0 0 0 0 0 0 0]
[1246281453481020495178016139692921783179616041827899391436138372279585512 0 0 0 0 0 1 0 0 0 0 0 0 0 0 0 0 0 0 0 0 0 0 0]
[1014585346922630385384367445847626875751019748283721942882978050745422246 0 0 0 0 0 0 1 0 0 0 0 0 0 0 0 0 0 0 0 0 0 0 0]
[1693912586288851499591291560717574215604292462262633807630503167246537897 0 0 0 0 0 0 0 1 0 0 0 0 0 0 0 0 0 0 0 0 0 0 0]
[1583993016421975856242472187766707552095310257436867516374824475541350922 0 0 0 0 0 0 0 0 1 0 0 0 0 0 0 0 0 0 0 0 0 0 0]
[875804249029360018223329091656743762570106444951553300538268683290627534 0 0 0 0 0 0 0 0 0 1 0 0 0 0 0 0 0 0 0 0 0 0 0]
[951851485647730404985275201957609664913213094047950948968669812637590475 0 0 0 0 0 0 0 0 0 0 1 0 0 0 0 0 0 0 0 0 0 0 0]
[1074867752687966904646097945401195495220487713038848374210881445746039665 0 0 0 0 0 0 0 0 0 0 0 1 0 0 0 0 0 0 0 0 0 0 0]
[104235574716716442052507000102080178680950051501554285685182902755465268 0 0 0 0 0 0 0 0 0 0 0 0 1 0 0 0 0 0 0 0 0 0 0]
[1614614783548272357075252576813506568873874020158136104476706721532796332 0 0 0 0 0 0 0 0 0 0 0 0 0 1 0 0 0 0 0 0 0 0 0]
[230957565855267151148160456272153685540405429282055539569359207620211510 0 0 0 0 0 0 0 0 0 0 0 0 0 0 1 0 0 0 0 0 0 0 0]
[375992830377851279427760287258677444512894459907606284447182150995182629 0 0 0 0 0 0 0 0 0 0 0 0 0 0 0 1 0 0 0 0 0 0 0]
[1011815985407500173424527602641714481822029315702214423176875281671618362 0 0 0 0 0 0 0 0 0 0 0 0 0 0 0 0 1 0 0 0 0 0 0]
[499945052150267858089071267762252913825700616030089878002323991935454092 0 0 0 0 0 0 0 0 0 0 0 0 0 0 0 0 0 1 0 0 0 0 0]
[1658868164979964161191815117666257418553978004296659548121073359829083886 0 0 0 0 0 0 0 0 0 0 0 0 0 0 0 0 0 0 1 0 0 0 0]
[1224296482995072156557451154006623412611708444080933049912455755049378410 0 0 0 0 0 0 0 0 0 0 0 0 0 0 0 0 0 0 0 1 0 0 0]
[678845319028490450074230926830202295359826613465667073281761871191293924 0 0 0 0 0 0 0 0 0 0 0 0 0 0 0 0 0 0 0 0 1 0 0]
[118103876025305710398235851273963141886666685331710756707944984008548036 0 0 0 0 0 0 0 0 0 0 0 0 0 0 0 0 0 0 0 0 0 1 0]
[295029089675326483087772310691969802492317204946923650310302050197850682 0 0 0 0 0 0 0 0 0 0 0 0 0 0 0 0 0 0 0 0 0 0 1]
]
