[[1206421412995793519179836645841724558710170073874130540391855853128286779 0 0 0 0 0 0 0 0 0 0 0 0 0 0 0 0 0 0 0 0 0 0 0]
[748847884428301056485531280859645767706061484272070063245304167106739778 1 0 0 0 0 0 0 0 0 0 0 0 0 0 0 0 0 0 0 0 0 0 0]
[1014333087848659534277117383521575239282731300384633065071146555755051557 0 1 0 0 0 0 0 0 0 0 0 0 0 0 0 0 0 0 0 0 0 0 0]
[1122176467808818101086881893015559133912236649090955938425565160691673099 0 0 1 0 0 0 0 0 0 0 0 0 0 0 0 0 0 0 0 0 0 0 0]
[440679887358566208819774975803409574238410321941377104753145093391158027 0 0 0 1 0 0 0 0 0 0 0 0 0 0 0 0 0 0 0 0 0 0 0]
[705229793970084971187572300962526065727687004930464634777813446303463639 0 0 0 0 1 0 0 0 0 0 0 0 0 0 0 0 0 0 0 0 0 0 0]
[778323988043841167681099740718943519677170626555770603269624993652211410 0 0 0 0 0 1 0 0 0 0 0 0 0 0 0 0 0 0 0 0 0 0 0]
[898585980442785455011992832122022750454036889570022575424758281082259193 0 0 0 0 0 0 1 0 0 0 0 0 0 0 0 0 0 0 0 0 0 0 0]
[738229797734397326538176050857012918954662325989688910369585739839691834 0 0 0 0 0 0 0 1 0 0 0 0 0 0 0 0 0 0 0 0 0 0 0]
[577617662679627778807823021015187835787897015785870290363608629898506088 0 0 0 0 0 0 0 0 1 0 0 0 0 0 0 0 0 0 0 0 0 0 0]
[591581584281790185725926450159596609029101231530426187215494396587325446 0 0 0 0 0 0 0 0 0 1 0 0 0 0 0 0 0 0 0 0 0 0 0]
[170680884944735649014398608559342476654486457085242546138108078749678631 0 0 0 0 0 0 0 0 0 0 1 0 0 0 0 0 0 0 0 0 0 0 0]
[467493233485742507442029114658802668283121295713915441612986669842349462 0 0 0 0 0 0 0 0 0 0 0 1 0 0 0 0 0 0 0 0 0 0 0]
[914504886250622577380558200876496698021816226230530605198038168347185737 0 0 0 0 0 0 0 0 0 0 0 0 1 0 0 0 0 0 0 0 0 0 0]
[60399310127960014005503389440244419729198432697428832497226360768104169 0 0 0 0 0 0 0 0 0 0 0 0 0 1 0 0 0 0 0 0 0 0 0]
[303899280130926383752382913878910123604404833915529079015145537875890831 0 0 0 0 0 0 0 0 0 0 0 0 0 0 1 0 0 0 0 0 0 0 0]
[708065332279290714283739991535823297437552963651395918548162480831808145 0 0 0 0 0 0 0 0 0 0 0 0 0 0 0 1 0 0 0 0 0 0 0]
[302918232677532359431000245796236443289531558054693123035631318721622777 0 0 0 0 0 0 0 0 0 0 0 0 0 0 0 0 1 0 0 0 0 0 0]
[563237237235787093533851681418837556642772153595732189254993894954034837 0 0 0 0 0 0 0 0 0 0 0 0 0 0 0 0 0 1 0 0 0 0 0]
[57969033015171245006775488492052137780960705444742249506331509060385195 0 0 0 0 0 0 0 0 0 0 0 0 0 0 0 0 0 0 1 0 0 0 0]
[106745745875359689736565908861797088034171951911984222197934207550876828 0 0 0 0 0 0 0 0 0 0 0 0 0 0 0 0 0 0 0 1 0 0 0]
[353445764028901202441010911274365928573062292034082560927621252947670955 0 0 0 0 0 0 0 0 0 0 0 0 0 0 0 0 0 0 0 0 1 0 0]
[1196851769471501535485770391713245520977127171647353427575572995358130241 0 0 0 0 0 0 0 0 0 0 0 0 0 0 0 0 0 0 0 0 0 1 0]
[951262230986059013601925947267022764007826653747414364014184299311913282 0 0 0 0 0 0 0 0 0 0 0 0 0 0 0 0 0 0 0 0 0 0 1]
]
