[[1071463038290791499902342229530423737157907618660478997631522656447268599 0 0 0 0 0 0 0 0 0 0 0 0 0 0 0 0 0 0 0 0 0 0 0]
[204834993813761412311700949908810380243122604968000606138152147124106619 1 0 0 0 0 0 0 0 0 0 0 0 0 0 0 0 0 0 0 0 0 0 0]
[365603454374480954657006561357664629575708286321465833521474230793896986 0 1 0 0 0 0 0 0 0 0 0 0 0 0 0 0 0 0 0 0 0 0 0]
[836789911583094067690182455808745374588463477491651233123357378511542267 0 0 1 0 0 0 0 0 0 0 0 0 0 0 0 0 0 0 0 0 0 0 0]
[38288310328823249846420439621120061487762749298202975866573441782704233 0 0 0 1 0 0 0 0 0 0 0 0 0 0 0 0 0 0 0 0 0 0 0]
[598374383471923191864031545139282905010013859599698224067479317300019992 0 0 0 0 1 0 0 0 0 0 0 0 0 0 0 0 0 0 0 0 0 0 0]
[902322375471831734362589210364215155662601180014529083241057104928082459 0 0 0 0 0 1 0 0 0 0 0 0 0 0 0 0 0 0 0 0 0 0 0]
[388203249889976633990157960619151007705293890580263866222027713620443376 0 0 0 0 0 0 1 0 0 0 0 0 0 0 0 0 0 0 0 0 0 0 0]
[377598421496827922168683094517661989799916947741628292626364507223862211 0 0 0 0 0 0 0 1 0 0 0 0 0 0 0 0 0 0 0 0 0 0 0]
[231982874209210636894979041930338139540426838230759641419475243412514765 0 0 0 0 0 0 0 0 1 0 0 0 0 0 0 0 0 0 0 0 0 0 0]
[558368689736832925602567353767393234435637808378261495280946174349698405 0 0 0 0 0 0 0 0 0 1 0 0 0 0 0 0 0 0 0 0 0 0 0]
[677881869634039905341333935658561035243147877703210543016095955112746700 0 0 0 0 0 0 0 0 0 0 1 0 0 0 0 0 0 0 0 0 0 0 0]
[254056622628134891096358486151182434712186773779276197727274945683903438 0 0 0 0 0 0 0 0 0 0 0 1 0 0 0 0 0 0 0 0 0 0 0]
[384770192568894501159605477948304741525721680388927665934782025458291360 0 0 0 0 0 0 0 0 0 0 0 0 1 0 0 0 0 0 0 0 0 0 0]
[273527115080472590107171604602616436966719985081145959055449569708238974 0 0 0 0 0 0 0 0 0 0 0 0 0 1 0 0 0 0 0 0 0 0 0]
[368198930380720388970237071061924591895413189994077040748244001937787383 0 0 0 0 0 0 0 0 0 0 0 0 0 0 1 0 0 0 0 0 0 0 0]
[792504137588292846429773599313072128457123164646525395083381999761254201 0 0 0 0 0 0 0 0 0 0 0 0 0 0 0 1 0 0 0 0 0 0 0]
[920199381504723780393343024150780158298715110559293337234216553094746437 0 0 0 0 0 0 0 0 0 0 0 0 0 0 0 0 1 0 0 0 0 0 0]
[431294327966233939204040099832990696199462448183870004229992185289441942 0 0 0 0 0 0 0 0 0 0 0 0 0 0 0 0 0 1 0 0 0 0 0]
[438048452843708653123935780960617046572035882353517571535862013945185539 0 0 0 0 0 0 0 0 0 0 0 0 0 0 0 0 0 0 1 0 0 0 0]
[563821366436430253920655326410001802941004508767265415413628831142012427 0 0 0 0 0 0 0 0 0 0 0 0 0 0 0 0 0 0 0 1 0 0 0]
[100035272460874688097609395320535793149352186859145153400044458352932210 0 0 0 0 0 0 0 0 0 0 0 0 0 0 0 0 0 0 0 0 1 0 0]
[742254875058465734195231994477739045236364930028845960941005940067457439 0 0 0 0 0 0 0 0 0 0 0 0 0 0 0 0 0 0 0 0 0 1 0]
[847428681901479880718234690159071537406831810187859551663358139600859246 0 0 0 0 0 0 0 0 0 0 0 0 0 0 0 0 0 0 0 0 0 0 1]
]
