[[1667979884363926344357213906759815375550584068191474094705893053207242547 0 0 0 0 0 0 0 0 0 0 0 0 0 0 0 0 0 0 0 0 0 0 0]
[692377355855663406058859177596065068744024933879697013185209350988009580 1 0 0 0 0 0 0 0 0 0 0 0 0 0 0 0 0 0 0 0 0 0 0]
[950300648451500008186947341492536022433745968798584413419635342387337150 0 1 0 0 0 0 0 0 0 0 0 0 0 0 0 0 0 0 0 0 0 0 0]
[1512873262621352035748922619785641721274605081718288816792146751615119941 0 0 1 0 0 0 0 0 0 0 0 0 0 0 0 0 0 0 0 0 0 0 0]
[783895563580102391085848593011450582043375654934321008618795766152427656 0 0 0 1 0 0 0 0 0 0 0 0 0 0 0 0 0 0 0 0 0 0 0]
[336268362851883636745229482764580326602232973634253016363755805705254630 0 0 0 0 1 0 0 0 0 0 0 0 0 0 0 0 0 0 0 0 0 0 0]
[1374473860330213491070465279201910006638658456822236928578747667102643629 0 0 0 0 0 1 0 0 0 0 0 0 0 0 0 0 0 0 0 0 0 0 0]
[1389387483270297481468726048884099588705018012801536841673605319393839370 0 0 0 0 0 0 1 0 0 0 0 0 0 0 0 0 0 0 0 0 0 0 0]
[1192841760176736958086895062059174687890254284210863218541871304945026955 0 0 0 0 0 0 0 1 0 0 0 0 0 0 0 0 0 0 0 0 0 0 0]
[915097022656099288093266652783527667672968367315347190069355856598237712 0 0 0 0 0 0 0 0 1 0 0 0 0 0 0 0 0 0 0 0 0 0 0]
[1014288013444942632803307949675555347033609269133459415273269014277275611 0 0 0 0 0 0 0 0 0 1 0 0 0 0 0 0 0 0 0 0 0 0 0]
[1063729698602127831623019174704047497957479388543444210398961977777616881 0 0 0 0 0 0 0 0 0 0 1 0 0 0 0 0 0 0 0 0 0 0 0]
[330958135584867782819939758465342245886366236253033812698697794999167923 0 0 0 0 0 0 0 0 0 0 0 1 0 0 0 0 0 0 0 0 0 0 0]
[368952533438021813044512913914289200437244971886734612915860071129345141 0 0 0 0 0 0 0 0 0 0 0 0 1 0 0 0 0 0 0 0 0 0 0]
[817396642738454662815293202445618208650576214784217181734204064576549017 0 0 0 0 0 0 0 0 0 0 0 0 0 1 0 0 0 0 0 0 0 0 0]
[366092930575086384574165091456787272049417766214577981889801318443022940 0 0 0 0 0 0 0 0 0 0 0 0 0 0 1 0 0 0 0 0 0 0 0]
[1644241499714385916359613624979811184628735508408815334067946094561804987 0 0 0 0 0 0 0 0 0 0 0 0 0 0 0 1 0 0 0 0 0 0 0]
[1347334887310686860098824266418837742644917922058947382084046581916712096 0 0 0 0 0 0 0 0 0 0 0 0 0 0 0 0 1 0 0 0 0 0 0]
[935036965836554280109549314114152788044395208272346488592233193486383650 0 0 0 0 0 0 0 0 0 0 0 0 0 0 0 0 0 1 0 0 0 0 0]
[1049153479062193906713423447265148926411523005197399883835130352746962120 0 0 0 0 0 0 0 0 0 0 0 0 0 0 0 0 0 0 1 0 0 0 0]
[251458245856932513844127214369269439406446790155623322152839439157853240 0 0 0 0 0 0 0 0 0 0 0 0 0 0 0 0 0 0 0 1 0 0 0]
[1190534276381892280996975694099405016928394814520417012320113327226269023 0 0 0 0 0 0 0 0 0 0 0 0 0 0 0 0 0 0 0 0 1 0 0]
[1590013167876844209536829156172385707181053210099835335845334562105788161 0 0 0 0 0 0 0 0 0 0 0 0 0 0 0 0 0 0 0 0 0 1 0]
[132077786597922232619465916181943658742758108552035138463049011289063179 0 0 0 0 0 0 0 0 0 0 0 0 0 0 0 0 0 0 0 0 0 0 1]
]
