[[1264300398905791227286521031989354758185940114673595421280458753909122717 0 0 0 0 0 0 0 0 0 0 0 0 0 0 0 0 0 0 0 0 0 0 0]
[1004614935911896971375064754397112523525622830619687762269797014598089372 1 0 0 0 0 0 0 0 0 0 0 0 0 0 0 0 0 0 0 0 0 0 0]
[104668026195060101887678876101908769874777316733493393364085788843870728 0 1 0 0 0 0 0 0 0 0 0 0 0 0 0 0 0 0 0 0 0 0 0]
[868240598696308494478206903998260322382355020883481417089355827849606738 0 0 1 0 0 0 0 0 0 0 0 0 0 0 0 0 0 0 0 0 0 0 0]
[684813581403178090737851487401496333389984850941989055967968769901522983 0 0 0 1 0 0 0 0 0 0 0 0 0 0 0 0 0 0 0 0 0 0 0]
[798946252148920552491236024660585103238001332957811309006875215002934959 0 0 0 0 1 0 0 0 0 0 0 0 0 0 0 0 0 0 0 0 0 0 0]
[233990817321558496909973366557900518506389985900245278202206847186514974 0 0 0 0 0 1 0 0 0 0 0 0 0 0 0 0 0 0 0 0 0 0 0]
[1128448882991400030044760890769642711701408769446045304141762170263229739 0 0 0 0 0 0 1 0 0 0 0 0 0 0 0 0 0 0 0 0 0 0 0]
[463014201837853065792689587097106765980496236425754849846967104138803070 0 0 0 0 0 0 0 1 0 0 0 0 0 0 0 0 0 0 0 0 0 0 0]
[1165373824824421605792111537070672852533508956886724870786250220922079788 0 0 0 0 0 0 0 0 1 0 0 0 0 0 0 0 0 0 0 0 0 0 0]
[333386832057250429997121527952798219051358224390582621808428998929764613 0 0 0 0 0 0 0 0 0 1 0 0 0 0 0 0 0 0 0 0 0 0 0]
[1082439514724279614985510781184340900781739665434586518370412515936057971 0 0 0 0 0 0 0 0 0 0 1 0 0 0 0 0 0 0 0 0 0 0 0]
[506003101836166379677627107670276999622164223633777633650908491577698394 0 0 0 0 0 0 0 0 0 0 0 1 0 0 0 0 0 0 0 0 0 0 0]
[1189754742107493757367132770961725040867973480947280293464795684188749559 0 0 0 0 0 0 0 0 0 0 0 0 1 0 0 0 0 0 0 0 0 0 0]
[1051386387243496175977166362294307156711531138813674960581968731886044941 0 0 0 0 0 0 0 0 0 0 0 0 0 1 0 0 0 0 0 0 0 0 0]
[684649495099973231628480909109089902260293867911612154498948393200046453 0 0 0 0 0 0 0 0 0 0 0 0 0 0 1 0 0 0 0 0 0 0 0]
[1055529585680133787830858194768400570767830730111729003515919337223220463 0 0 0 0 0 0 0 0 0 0 0 0 0 0 0 1 0 0 0 0 0 0 0]
[1008326378099974067727302781453877811982392300293328810464678312166050011 0 0 0 0 0 0 0 0 0 0 0 0 0 0 0 0 1 0 0 0 0 0 0]
[1225499052394889624091310924546321164413330443830435106940461521848459033 0 0 0 0 0 0 0 0 0 0 0 0 0 0 0 0 0 1 0 0 0 0 0]
[459623113819144398444919916857393578284075463151267921957997124294029445 0 0 0 0 0 0 0 0 0 0 0 0 0 0 0 0 0 0 1 0 0 0 0]
[527023142360945025680821254109042702370644136216498421191389294389688808 0 0 0 0 0 0 0 0 0 0 0 0 0 0 0 0 0 0 0 1 0 0 0]
[35550074305721425900009787520900306815543348802406951291673760694267138 0 0 0 0 0 0 0 0 0 0 0 0 0 0 0 0 0 0 0 0 1 0 0]
[507356782158576783986658651253014440338947786344310653076234421713707594 0 0 0 0 0 0 0 0 0 0 0 0 0 0 0 0 0 0 0 0 0 1 0]
[852864504301672196405061588840854362186341826929688296593969823647347708 0 0 0 0 0 0 0 0 0 0 0 0 0 0 0 0 0 0 0 0 0 0 1]
]
