[[1206558783093101310670766351630251784926798076449036236228040327618521941 0 0 0 0 0 0 0 0 0 0 0 0 0 0 0 0 0 0 0 0 0 0 0]
[652178662537470607259916696512838694595841929277864618551732585045835125 1 0 0 0 0 0 0 0 0 0 0 0 0 0 0 0 0 0 0 0 0 0 0]
[145035653799941336986793566043247327907953102055285756342897435607151497 0 1 0 0 0 0 0 0 0 0 0 0 0 0 0 0 0 0 0 0 0 0 0]
[1139818725792767539805271792372735145019243981807328390267618448950256898 0 0 1 0 0 0 0 0 0 0 0 0 0 0 0 0 0 0 0 0 0 0 0]
[679461803721881605034406949423449400421575176490035237313023675858681515 0 0 0 1 0 0 0 0 0 0 0 0 0 0 0 0 0 0 0 0 0 0 0]
[217374735713462111064449952612545767297039567690930373184529279871562068 0 0 0 0 1 0 0 0 0 0 0 0 0 0 0 0 0 0 0 0 0 0 0]
[816025717060623265115570151455866607000868345660214816147348496021966627 0 0 0 0 0 1 0 0 0 0 0 0 0 0 0 0 0 0 0 0 0 0 0]
[11951743075828406911015476651118592902034412406701384800055925192245548 0 0 0 0 0 0 1 0 0 0 0 0 0 0 0 0 0 0 0 0 0 0 0]
[179753452245157608692262072847342558172479546906176326341734675239388108 0 0 0 0 0 0 0 1 0 0 0 0 0 0 0 0 0 0 0 0 0 0 0]
[73072991869877171366502362788000237749775055762577775574996309489464121 0 0 0 0 0 0 0 0 1 0 0 0 0 0 0 0 0 0 0 0 0 0 0]
[1083425717689689256472948731902687719399212367565248272390596522953161946 0 0 0 0 0 0 0 0 0 1 0 0 0 0 0 0 0 0 0 0 0 0 0]
[750372765147237680335528024865679091314241029896106268492615285873747255 0 0 0 0 0 0 0 0 0 0 1 0 0 0 0 0 0 0 0 0 0 0 0]
[419265085725794576734050008801288932685728804573231049224747673185443468 0 0 0 0 0 0 0 0 0 0 0 1 0 0 0 0 0 0 0 0 0 0 0]
[1041486161825796337019720983842589030370268092164824728932022554447208494 0 0 0 0 0 0 0 0 0 0 0 0 1 0 0 0 0 0 0 0 0 0 0]
[155512866345714195008568049936368197126364262775767576580191744116599620 0 0 0 0 0 0 0 0 0 0 0 0 0 1 0 0 0 0 0 0 0 0 0]
[1045356933593949254430892069071606198100248693067060358193088064087017081 0 0 0 0 0 0 0 0 0 0 0 0 0 0 1 0 0 0 0 0 0 0 0]
[882364981223241523947799985861875060268078558584576966864206443640017094 0 0 0 0 0 0 0 0 0 0 0 0 0 0 0 1 0 0 0 0 0 0 0]
[452068319515163911156735571434738280565065203104925747876239219569623726 0 0 0 0 0 0 0 0 0 0 0 0 0 0 0 0 1 0 0 0 0 0 0]
[923506034601265641136651080974790207149152760557529483812778503939277785 0 0 0 0 0 0 0 0 0 0 0 0 0 0 0 0 0 1 0 0 0 0 0]
[908489854102164667252800209460328255517807924103165930162770834412338709 0 0 0 0 0 0 0 0 0 0 0 0 0 0 0 0 0 0 1 0 0 0 0]
[539762122301324575214011372741314158454617081434260846215811311798882110 0 0 0 0 0 0 0 0 0 0 0 0 0 0 0 0 0 0 0 1 0 0 0]
[1192454326027272527337826963204758317806914498768607531979839557802957322 0 0 0 0 0 0 0 0 0 0 0 0 0 0 0 0 0 0 0 0 1 0 0]
[865421858385111652816746523083692022366214997971946101376727985189700433 0 0 0 0 0 0 0 0 0 0 0 0 0 0 0 0 0 0 0 0 0 1 0]
[479919657333092927655033753442942182153726950293580928420566384228626109 0 0 0 0 0 0 0 0 0 0 0 0 0 0 0 0 0 0 0 0 0 0 1]
]
