[[1251148963035673339734825806746040368962178873443303659050947293234750791 0 0 0 0 0 0 0 0 0 0 0 0 0 0 0 0 0 0 0 0 0 0 0]
[316446750905879354317937128172617669328369875692208973045241651933586857 1 0 0 0 0 0 0 0 0 0 0 0 0 0 0 0 0 0 0 0 0 0 0]
[368396476218167038751249170129222582246540942768786439796275350653232504 0 1 0 0 0 0 0 0 0 0 0 0 0 0 0 0 0 0 0 0 0 0 0]
[1091079835487085592028493362490252309091625664912603164686820145557080713 0 0 1 0 0 0 0 0 0 0 0 0 0 0 0 0 0 0 0 0 0 0 0]
[1212520658310400820560123468456934097656176131682564176220165309780676500 0 0 0 1 0 0 0 0 0 0 0 0 0 0 0 0 0 0 0 0 0 0 0]
[219022189926253787896215901497191026337695447751903768183511668809343359 0 0 0 0 1 0 0 0 0 0 0 0 0 0 0 0 0 0 0 0 0 0 0]
[993629691156583699734152176125642619172707408746160153202703013960595928 0 0 0 0 0 1 0 0 0 0 0 0 0 0 0 0 0 0 0 0 0 0 0]
[1154943576165721745256510846751023894668940737100064260117066563900807626 0 0 0 0 0 0 1 0 0 0 0 0 0 0 0 0 0 0 0 0 0 0 0]
[544302362642506156058043815153789381295856918678439909558843682465788101 0 0 0 0 0 0 0 1 0 0 0 0 0 0 0 0 0 0 0 0 0 0 0]
[39681653281930619259738193685016302364688731136893972511985448929283146 0 0 0 0 0 0 0 0 1 0 0 0 0 0 0 0 0 0 0 0 0 0 0]
[557667067637594013449321540128683375816638722595035378585638018387342697 0 0 0 0 0 0 0 0 0 1 0 0 0 0 0 0 0 0 0 0 0 0 0]
[1150716000822790964582173906766303467140013632218603404475655707459057926 0 0 0 0 0 0 0 0 0 0 1 0 0 0 0 0 0 0 0 0 0 0 0]
[672357080955765524844035844499359394253337535280604812913966833230524308 0 0 0 0 0 0 0 0 0 0 0 1 0 0 0 0 0 0 0 0 0 0 0]
[1073035157675947021731703196581727658583654416456277762878973835956506733 0 0 0 0 0 0 0 0 0 0 0 0 1 0 0 0 0 0 0 0 0 0 0]
[305257432128138258276005267471026088888348405794451511308026498510851070 0 0 0 0 0 0 0 0 0 0 0 0 0 1 0 0 0 0 0 0 0 0 0]
[170955392030100721767961581731252611755482238921022780472849545716245256 0 0 0 0 0 0 0 0 0 0 0 0 0 0 1 0 0 0 0 0 0 0 0]
[367475446686377586922229018723458425717488320466211612971072377238328198 0 0 0 0 0 0 0 0 0 0 0 0 0 0 0 1 0 0 0 0 0 0 0]
[56270420596169638572761185702642418708959839174893367046162651226047157 0 0 0 0 0 0 0 0 0 0 0 0 0 0 0 0 1 0 0 0 0 0 0]
[53591063858649880206331543275399118591922032960495615201959453670965107 0 0 0 0 0 0 0 0 0 0 0 0 0 0 0 0 0 1 0 0 0 0 0]
[855828219758095897982704033183092560405964392116651971832134186306266143 0 0 0 0 0 0 0 0 0 0 0 0 0 0 0 0 0 0 1 0 0 0 0]
[79495596747476586028061484540506376556283480798161884545521039625555986 0 0 0 0 0 0 0 0 0 0 0 0 0 0 0 0 0 0 0 1 0 0 0]
[89381487421509239177721597964640143311597607913160488436612607934835968 0 0 0 0 0 0 0 0 0 0 0 0 0 0 0 0 0 0 0 0 1 0 0]
[620199079518374650255587419835409618653050163321469464551801017685003657 0 0 0 0 0 0 0 0 0 0 0 0 0 0 0 0 0 0 0 0 0 1 0]
[154249955482775328113241148343215472602361211986230735714289258330100167 0 0 0 0 0 0 0 0 0 0 0 0 0 0 0 0 0 0 0 0 0 0 1]
]
