[[1507757603439306634576528658561445040101754950366656063635664340919431709 0 0 0 0 0 0 0 0 0 0 0 0 0 0 0 0 0 0 0 0 0 0 0]
[1329501481367783749163330143465694890164339513251284632100245914229289228 1 0 0 0 0 0 0 0 0 0 0 0 0 0 0 0 0 0 0 0 0 0 0]
[1205551897814864758495180037916025157271357284837847273538645952887605031 0 1 0 0 0 0 0 0 0 0 0 0 0 0 0 0 0 0 0 0 0 0 0]
[198903933576814334535640478824784529513105193883936438203021788674969561 0 0 1 0 0 0 0 0 0 0 0 0 0 0 0 0 0 0 0 0 0 0 0]
[826749299401507323765031868768565674864582967625661761972084205424957303 0 0 0 1 0 0 0 0 0 0 0 0 0 0 0 0 0 0 0 0 0 0 0]
[344576491783224937746564370137937055290228523420300860033417346503296320 0 0 0 0 1 0 0 0 0 0 0 0 0 0 0 0 0 0 0 0 0 0 0]
[96651352045526364001980239696284157937487647556437375837926788383049337 0 0 0 0 0 1 0 0 0 0 0 0 0 0 0 0 0 0 0 0 0 0 0]
[863683180369114266215291927218765587892679386259265301545532897140945523 0 0 0 0 0 0 1 0 0 0 0 0 0 0 0 0 0 0 0 0 0 0 0]
[1254153218020660950908734356377429365251949229028023887271410696364379611 0 0 0 0 0 0 0 1 0 0 0 0 0 0 0 0 0 0 0 0 0 0 0]
[1383003805805811099965477684959832838757339507173417927342820731697278905 0 0 0 0 0 0 0 0 1 0 0 0 0 0 0 0 0 0 0 0 0 0 0]
[236525939919735573021819122900068393818567069146767089189653650647359397 0 0 0 0 0 0 0 0 0 1 0 0 0 0 0 0 0 0 0 0 0 0 0]
[849245010071007468801654018455875500348693797583217829785779645324306898 0 0 0 0 0 0 0 0 0 0 1 0 0 0 0 0 0 0 0 0 0 0 0]
[889936198783992876369639638531690752203213102042398199973738196260196439 0 0 0 0 0 0 0 0 0 0 0 1 0 0 0 0 0 0 0 0 0 0 0]
[229199376664644626094155014100118485642110479872399847593520391269036750 0 0 0 0 0 0 0 0 0 0 0 0 1 0 0 0 0 0 0 0 0 0 0]
[302310835442995536621912191737768971212259864604122679358509583632023261 0 0 0 0 0 0 0 0 0 0 0 0 0 1 0 0 0 0 0 0 0 0 0]
[1158619716198361899641621044559724621924974664768326728454932873798887212 0 0 0 0 0 0 0 0 0 0 0 0 0 0 1 0 0 0 0 0 0 0 0]
[156682250919810420263008980988128223818997260786945934857992294411935319 0 0 0 0 0 0 0 0 0 0 0 0 0 0 0 1 0 0 0 0 0 0 0]
[1042289891359905262386201899047390315747226746096904269152504147216576897 0 0 0 0 0 0 0 0 0 0 0 0 0 0 0 0 1 0 0 0 0 0 0]
[383369206406669542662237973388319109889413843571949936445375373859129070 0 0 0 0 0 0 0 0 0 0 0 0 0 0 0 0 0 1 0 0 0 0 0]
[804422738542101756522630464764071704698410834422861205648972482332728170 0 0 0 0 0 0 0 0 0 0 0 0 0 0 0 0 0 0 1 0 0 0 0]
[704321650376675720402060246397644769269050507255086508788115567611605070 0 0 0 0 0 0 0 0 0 0 0 0 0 0 0 0 0 0 0 1 0 0 0]
[796615709858166721618736180678426925097523206736189542808355802082436973 0 0 0 0 0 0 0 0 0 0 0 0 0 0 0 0 0 0 0 0 1 0 0]
[1263593635333014844669944004411196169760623002323407761717423316146068623 0 0 0 0 0 0 0 0 0 0 0 0 0 0 0 0 0 0 0 0 0 1 0]
[888564106142890614625702099709704601386049728544389878747706614969825555 0 0 0 0 0 0 0 0 0 0 0 0 0 0 0 0 0 0 0 0 0 0 1]
]
