[[1499365608082667837623724004895430700062905988812288859324883727244908507 0 0 0 0 0 0 0 0 0 0 0 0 0 0 0 0 0 0 0 0 0 0 0]
[804574936451879651113266525429291792587202168128722991921667471870941740 1 0 0 0 0 0 0 0 0 0 0 0 0 0 0 0 0 0 0 0 0 0 0]
[893708990456359772920334727914958117443206890227331468240508256512806921 0 1 0 0 0 0 0 0 0 0 0 0 0 0 0 0 0 0 0 0 0 0 0]
[179789421584881125211111071226003826260691868580381173747968919846915316 0 0 1 0 0 0 0 0 0 0 0 0 0 0 0 0 0 0 0 0 0 0 0]
[815002531431381926490631124553583636198320701762335093507944462363284475 0 0 0 1 0 0 0 0 0 0 0 0 0 0 0 0 0 0 0 0 0 0 0]
[327299434106045890611866833011737124889665835073411107334680498394040225 0 0 0 0 1 0 0 0 0 0 0 0 0 0 0 0 0 0 0 0 0 0 0]
[299054460956592770767808441529199403172615100739489465836595583624683277 0 0 0 0 0 1 0 0 0 0 0 0 0 0 0 0 0 0 0 0 0 0 0]
[765198962331329316679294358045905552025916765073434198653713989009533171 0 0 0 0 0 0 1 0 0 0 0 0 0 0 0 0 0 0 0 0 0 0 0]
[540843620104124676046272979316607510850392538817505778369657715414997450 0 0 0 0 0 0 0 1 0 0 0 0 0 0 0 0 0 0 0 0 0 0 0]
[352901638193300975052518731894952307990268337466792224120035194900794733 0 0 0 0 0 0 0 0 1 0 0 0 0 0 0 0 0 0 0 0 0 0 0]
[1427696665207693981089753065363088835825918482021317787895592809571966125 0 0 0 0 0 0 0 0 0 1 0 0 0 0 0 0 0 0 0 0 0 0 0]
[363405326529814150464997132953404762593329384391941605954680485018635964 0 0 0 0 0 0 0 0 0 0 1 0 0 0 0 0 0 0 0 0 0 0 0]
[668996742510584449037684490109304361007230384412009372325512117420731667 0 0 0 0 0 0 0 0 0 0 0 1 0 0 0 0 0 0 0 0 0 0 0]
[1110935431527617621112131556519258220616555502450022244843550007772455325 0 0 0 0 0 0 0 0 0 0 0 0 1 0 0 0 0 0 0 0 0 0 0]
[304792078881756491146605764966703999138883171787278808470510858724371655 0 0 0 0 0 0 0 0 0 0 0 0 0 1 0 0 0 0 0 0 0 0 0]
[1356552280667372451634290644793421636784285994451009661601695790683094335 0 0 0 0 0 0 0 0 0 0 0 0 0 0 1 0 0 0 0 0 0 0 0]
[364234678806384129016021182188807300080727778052842591380626468608408213 0 0 0 0 0 0 0 0 0 0 0 0 0 0 0 1 0 0 0 0 0 0 0]
[1304697005860496985435410135465799089906871702205146753062096239054997207 0 0 0 0 0 0 0 0 0 0 0 0 0 0 0 0 1 0 0 0 0 0 0]
[965259237920937941547402151800180273226671044827700178720997173176417503 0 0 0 0 0 0 0 0 0 0 0 0 0 0 0 0 0 1 0 0 0 0 0]
[1387177792113759407876531296011278682194895949620789047389168901064118344 0 0 0 0 0 0 0 0 0 0 0 0 0 0 0 0 0 0 1 0 0 0 0]
[1326764316753727881804704715789981369108728117487636232421991974830460862 0 0 0 0 0 0 0 0 0 0 0 0 0 0 0 0 0 0 0 1 0 0 0]
[1495900354816944752774124827791903329911394870199384079195261521086770760 0 0 0 0 0 0 0 0 0 0 0 0 0 0 0 0 0 0 0 0 1 0 0]
[809441085329785614514994556983469392869962428303607990722626697130390930 0 0 0 0 0 0 0 0 0 0 0 0 0 0 0 0 0 0 0 0 0 1 0]
[64844613179291813400104304223318920571219646457820334122432921175590476 0 0 0 0 0 0 0 0 0 0 0 0 0 0 0 0 0 0 0 0 0 0 1]
]
