[[1234520611319627931425879852906435393883467991806418442704751076066356979 0 0 0 0 0 0 0 0 0 0 0 0 0 0 0 0 0 0 0 0 0 0 0]
[784386390148672096616923702754038141898853777439434104971550554414482305 1 0 0 0 0 0 0 0 0 0 0 0 0 0 0 0 0 0 0 0 0 0 0]
[280975049605109850165292862862413712605772521104214348385021868724099102 0 1 0 0 0 0 0 0 0 0 0 0 0 0 0 0 0 0 0 0 0 0 0]
[221051592049767261023608146708722306662371192437543321612929662232103891 0 0 1 0 0 0 0 0 0 0 0 0 0 0 0 0 0 0 0 0 0 0 0]
[67015501733123635940031338703506319706889595679145466685778584383780925 0 0 0 1 0 0 0 0 0 0 0 0 0 0 0 0 0 0 0 0 0 0 0]
[1213830030940735020839476336913723713679729381363415553096877505093140295 0 0 0 0 1 0 0 0 0 0 0 0 0 0 0 0 0 0 0 0 0 0 0]
[1094578028883659163959187760274788818293337461428905351067639986329686496 0 0 0 0 0 1 0 0 0 0 0 0 0 0 0 0 0 0 0 0 0 0 0]
[1227623347599424824858811505680714098401903066384234725202287376621289208 0 0 0 0 0 0 1 0 0 0 0 0 0 0 0 0 0 0 0 0 0 0 0]
[335654624640946145524985949874391009465568500403244148596745188946828798 0 0 0 0 0 0 0 1 0 0 0 0 0 0 0 0 0 0 0 0 0 0 0]
[1002581124341511326465650685702273980577755114779792745649123784695143499 0 0 0 0 0 0 0 0 1 0 0 0 0 0 0 0 0 0 0 0 0 0 0]
[104254204335862539457191157841567688135287562411005378323070018433093645 0 0 0 0 0 0 0 0 0 1 0 0 0 0 0 0 0 0 0 0 0 0 0]
[834390528879807909478211295760953426319992463063299326661561301405393071 0 0 0 0 0 0 0 0 0 0 1 0 0 0 0 0 0 0 0 0 0 0 0]
[1226742074173409474396408674376117840475273344925639433370646872619357198 0 0 0 0 0 0 0 0 0 0 0 1 0 0 0 0 0 0 0 0 0 0 0]
[175492711830780531888160869022218201501153349766482510647849426175734732 0 0 0 0 0 0 0 0 0 0 0 0 1 0 0 0 0 0 0 0 0 0 0]
[133708428153112464301460307107317435770092303348670757758676002940085426 0 0 0 0 0 0 0 0 0 0 0 0 0 1 0 0 0 0 0 0 0 0 0]
[862525095862443829486967200089187790458080524489592121986391488736676172 0 0 0 0 0 0 0 0 0 0 0 0 0 0 1 0 0 0 0 0 0 0 0]
[469864244421992770102624647807622668465355276772187735037264903196290321 0 0 0 0 0 0 0 0 0 0 0 0 0 0 0 1 0 0 0 0 0 0 0]
[1035001574347453598463849635620823498012990388668793287783550819449969790 0 0 0 0 0 0 0 0 0 0 0 0 0 0 0 0 1 0 0 0 0 0 0]
[105380909898597611824318789933467979874948094853403546751466428757406971 0 0 0 0 0 0 0 0 0 0 0 0 0 0 0 0 0 1 0 0 0 0 0]
[218643278433626768812753123663017653075507482147692103897599225359867505 0 0 0 0 0 0 0 0 0 0 0 0 0 0 0 0 0 0 1 0 0 0 0]
[924359855106643638227737466973127235558717170317314025680534822396561341 0 0 0 0 0 0 0 0 0 0 0 0 0 0 0 0 0 0 0 1 0 0 0]
[857332109934292617432429095696971702492941706378738005147428243297878687 0 0 0 0 0 0 0 0 0 0 0 0 0 0 0 0 0 0 0 0 1 0 0]
[855475386086244260748591674974537444315518283333916984341658736166947892 0 0 0 0 0 0 0 0 0 0 0 0 0 0 0 0 0 0 0 0 0 1 0]
[913122284648579391307347536889319406327903930773186402887709850133473992 0 0 0 0 0 0 0 0 0 0 0 0 0 0 0 0 0 0 0 0 0 0 1]
]
