[[1439203431459437765721746685652842894906383021426203413210538225924830221 0 0 0 0 0 0 0 0 0 0 0 0 0 0 0 0 0 0 0 0 0 0 0]
[1112664948147598456223946264746060929206290697126625320592432933667716318 1 0 0 0 0 0 0 0 0 0 0 0 0 0 0 0 0 0 0 0 0 0 0]
[1146552108336220323591906723505569992388088300010053280461923861701624951 0 1 0 0 0 0 0 0 0 0 0 0 0 0 0 0 0 0 0 0 0 0 0]
[996466328722625181667835630513446593174132400261165725863266258274469462 0 0 1 0 0 0 0 0 0 0 0 0 0 0 0 0 0 0 0 0 0 0 0]
[839522897851184648963617615810285307931101632150392204598999303424272918 0 0 0 1 0 0 0 0 0 0 0 0 0 0 0 0 0 0 0 0 0 0 0]
[1101906605693595976516018630280299042782214615787555296752760269332622529 0 0 0 0 1 0 0 0 0 0 0 0 0 0 0 0 0 0 0 0 0 0 0]
[1224283682737079444963834582086128425435672688257325133797547486571261302 0 0 0 0 0 1 0 0 0 0 0 0 0 0 0 0 0 0 0 0 0 0 0]
[1133260491790784099802916183645195260377356093590545655745037503715491083 0 0 0 0 0 0 1 0 0 0 0 0 0 0 0 0 0 0 0 0 0 0 0]
[811486130619358450683636454713527231426379877750906750496053086414650025 0 0 0 0 0 0 0 1 0 0 0 0 0 0 0 0 0 0 0 0 0 0 0]
[1161748299994897331921804334110622980453741412550510070102072833147296878 0 0 0 0 0 0 0 0 1 0 0 0 0 0 0 0 0 0 0 0 0 0 0]
[110849762609998865397992416571879547862644906018708990096253430398561728 0 0 0 0 0 0 0 0 0 1 0 0 0 0 0 0 0 0 0 0 0 0 0]
[792776370025711357091418665276721904403448969185800066419840854045405517 0 0 0 0 0 0 0 0 0 0 1 0 0 0 0 0 0 0 0 0 0 0 0]
[617707383243472525885692688132694872183106223359741145036615819902710708 0 0 0 0 0 0 0 0 0 0 0 1 0 0 0 0 0 0 0 0 0 0 0]
[224231947922430237897837952275584414406162873801154493720278133402183767 0 0 0 0 0 0 0 0 0 0 0 0 1 0 0 0 0 0 0 0 0 0 0]
[910027453900592999354544640119274554731999783746621356929586971223768625 0 0 0 0 0 0 0 0 0 0 0 0 0 1 0 0 0 0 0 0 0 0 0]
[837124552326916896166584446289835095785617962562781172235193461681498796 0 0 0 0 0 0 0 0 0 0 0 0 0 0 1 0 0 0 0 0 0 0 0]
[880347025410745888781570825127065905704540711772383916157648345933079473 0 0 0 0 0 0 0 0 0 0 0 0 0 0 0 1 0 0 0 0 0 0 0]
[1249407944578304397384402256946086818268366447728263045767777525321531049 0 0 0 0 0 0 0 0 0 0 0 0 0 0 0 0 1 0 0 0 0 0 0]
[828879857490643470364327371975239243743306183074849131866444162768653615 0 0 0 0 0 0 0 0 0 0 0 0 0 0 0 0 0 1 0 0 0 0 0]
[489983067161691183367068285806305031014476632450519255113128730881029690 0 0 0 0 0 0 0 0 0 0 0 0 0 0 0 0 0 0 1 0 0 0 0]
[240864479349015249885788025377226308197947999345242113772946415999480228 0 0 0 0 0 0 0 0 0 0 0 0 0 0 0 0 0 0 0 1 0 0 0]
[376835888666958794438035734626331348250326491990952117204294609325599976 0 0 0 0 0 0 0 0 0 0 0 0 0 0 0 0 0 0 0 0 1 0 0]
[437468392181087450550814656208359557461597886996212990394481398369318016 0 0 0 0 0 0 0 0 0 0 0 0 0 0 0 0 0 0 0 0 0 1 0]
[14988125271530142448910762996479336113389725009222777569904497703262998 0 0 0 0 0 0 0 0 0 0 0 0 0 0 0 0 0 0 0 0 0 0 1]
]
