[[1087473477935259262152724646985729002996015777730075740794606760589650749 0 0 0 0 0 0 0 0 0 0 0 0 0 0 0 0 0 0 0 0 0 0 0]
[573854204236793543946069298027724318578575415120263693739601757851391473 1 0 0 0 0 0 0 0 0 0 0 0 0 0 0 0 0 0 0 0 0 0 0]
[183219433992895985403481067314146383908894181398619657240496884961682194 0 1 0 0 0 0 0 0 0 0 0 0 0 0 0 0 0 0 0 0 0 0 0]
[306117887073910741581126953155772497406991354639504251571416396578882496 0 0 1 0 0 0 0 0 0 0 0 0 0 0 0 0 0 0 0 0 0 0 0]
[6802689818272856198539890283071550815561553738946660096774804114390459 0 0 0 1 0 0 0 0 0 0 0 0 0 0 0 0 0 0 0 0 0 0 0]
[590463831815374495672057374637129293283299141518746538020022958247933064 0 0 0 0 1 0 0 0 0 0 0 0 0 0 0 0 0 0 0 0 0 0 0]
[735305340464127615854035031538212545033924130305704705416086361681182096 0 0 0 0 0 1 0 0 0 0 0 0 0 0 0 0 0 0 0 0 0 0 0]
[581529702250453876353262262240350025055783696612922352328952478502875941 0 0 0 0 0 0 1 0 0 0 0 0 0 0 0 0 0 0 0 0 0 0 0]
[706428833558160533275039013072592370287119759563336348378804102560327200 0 0 0 0 0 0 0 1 0 0 0 0 0 0 0 0 0 0 0 0 0 0 0]
[13961788178566410069768531774657993304420050151859198673171243478454204 0 0 0 0 0 0 0 0 1 0 0 0 0 0 0 0 0 0 0 0 0 0 0]
[924876624655526210264311322546158045788115950750403842355666718139963217 0 0 0 0 0 0 0 0 0 1 0 0 0 0 0 0 0 0 0 0 0 0 0]
[1073795026809276209835853624053025119938745906879732004923533691759151897 0 0 0 0 0 0 0 0 0 0 1 0 0 0 0 0 0 0 0 0 0 0 0]
[269011377356876432004939937671003478666432737835451822303358597537817625 0 0 0 0 0 0 0 0 0 0 0 1 0 0 0 0 0 0 0 0 0 0 0]
[427989944473346066352818108859615568548345128742782543245795096667312050 0 0 0 0 0 0 0 0 0 0 0 0 1 0 0 0 0 0 0 0 0 0 0]
[714517037696912458801665464509525701312595219912620803520055946709447253 0 0 0 0 0 0 0 0 0 0 0 0 0 1 0 0 0 0 0 0 0 0 0]
[132777715629402467448954299330134251618019367252565923897036049474689262 0 0 0 0 0 0 0 0 0 0 0 0 0 0 1 0 0 0 0 0 0 0 0]
[618674158197042763383539216438053855926762242030683472450357124902534900 0 0 0 0 0 0 0 0 0 0 0 0 0 0 0 1 0 0 0 0 0 0 0]
[140320541821269095512907144462195054085859725172555355990119790624013160 0 0 0 0 0 0 0 0 0 0 0 0 0 0 0 0 1 0 0 0 0 0 0]
[947025988918190758767784987326788158536490085945376775128173148890629742 0 0 0 0 0 0 0 0 0 0 0 0 0 0 0 0 0 1 0 0 0 0 0]
[1036031995842831191401350776049070187757657692577704681096505270060291140 0 0 0 0 0 0 0 0 0 0 0 0 0 0 0 0 0 0 1 0 0 0 0]
[380048621678155914108663947652885333829544868486989345893456670127906351 0 0 0 0 0 0 0 0 0 0 0 0 0 0 0 0 0 0 0 1 0 0 0]
[42467744340165845755549986711711549687490177009825459711372454491947335 0 0 0 0 0 0 0 0 0 0 0 0 0 0 0 0 0 0 0 0 1 0 0]
[805105121018367004576213380555930806715471063421751882601061366174355353 0 0 0 0 0 0 0 0 0 0 0 0 0 0 0 0 0 0 0 0 0 1 0]
[638771057508542824928814854367624095334180192141004460992302348122511036 0 0 0 0 0 0 0 0 0 0 0 0 0 0 0 0 0 0 0 0 0 0 1]
]
