[[1233366428591134700096338846209025227772086868893795590784957831156904879 0 0 0 0 0 0 0 0 0 0 0 0 0 0 0 0 0 0 0 0 0 0 0]
[690815570302066431521155359945462123281614261953693595751402993992471922 1 0 0 0 0 0 0 0 0 0 0 0 0 0 0 0 0 0 0 0 0 0 0]
[814575515133916559407206015752766290013319328026212563833041494956921144 0 1 0 0 0 0 0 0 0 0 0 0 0 0 0 0 0 0 0 0 0 0 0]
[554129733778623805784795720238499388550046591829836517710734589738412467 0 0 1 0 0 0 0 0 0 0 0 0 0 0 0 0 0 0 0 0 0 0 0]
[532448722696999361372098637911440844652840279948523449298475337853232994 0 0 0 1 0 0 0 0 0 0 0 0 0 0 0 0 0 0 0 0 0 0 0]
[644377059240606621848473068898081628243505826596585770317075809744019368 0 0 0 0 1 0 0 0 0 0 0 0 0 0 0 0 0 0 0 0 0 0 0]
[1108180462921565043172702851283141166646148806399526524501233123530235797 0 0 0 0 0 1 0 0 0 0 0 0 0 0 0 0 0 0 0 0 0 0 0]
[1080293175392552520253169076593160100819510512022962018695723683776796912 0 0 0 0 0 0 1 0 0 0 0 0 0 0 0 0 0 0 0 0 0 0 0]
[623020928978381372818772517787742344509434023404971801222891325483157948 0 0 0 0 0 0 0 1 0 0 0 0 0 0 0 0 0 0 0 0 0 0 0]
[683666181458559860146305928248787554132072724186526609405654070277167669 0 0 0 0 0 0 0 0 1 0 0 0 0 0 0 0 0 0 0 0 0 0 0]
[287972832090501106805974640272356124604643701851455746690209895811614776 0 0 0 0 0 0 0 0 0 1 0 0 0 0 0 0 0 0 0 0 0 0 0]
[975987567520781369693961662262771863744993460483401345222088817112669081 0 0 0 0 0 0 0 0 0 0 1 0 0 0 0 0 0 0 0 0 0 0 0]
[1111188233747304080708305920676700172174640268501160766120029546442252863 0 0 0 0 0 0 0 0 0 0 0 1 0 0 0 0 0 0 0 0 0 0 0]
[1039546095898912494343169220463342537000202892411500537047990431090165880 0 0 0 0 0 0 0 0 0 0 0 0 1 0 0 0 0 0 0 0 0 0 0]
[114658417275870518537165671633034421399680872853690200524389842478918828 0 0 0 0 0 0 0 0 0 0 0 0 0 1 0 0 0 0 0 0 0 0 0]
[346677748689999278806057101168825264083985410403236902522258402342958474 0 0 0 0 0 0 0 0 0 0 0 0 0 0 1 0 0 0 0 0 0 0 0]
[345990329252154093831605394814816832056915791636341454218837032308033116 0 0 0 0 0 0 0 0 0 0 0 0 0 0 0 1 0 0 0 0 0 0 0]
[1072285114264631353586825689990168513181551968174569794820215853348006096 0 0 0 0 0 0 0 0 0 0 0 0 0 0 0 0 1 0 0 0 0 0 0]
[237350628935643549754977971686370703537800331456309884094360271618555151 0 0 0 0 0 0 0 0 0 0 0 0 0 0 0 0 0 1 0 0 0 0 0]
[1154460985248573076617748208394062924310822667285974868285937465520815044 0 0 0 0 0 0 0 0 0 0 0 0 0 0 0 0 0 0 1 0 0 0 0]
[561625414281194317738213175638046468951919030939231641646469572364936440 0 0 0 0 0 0 0 0 0 0 0 0 0 0 0 0 0 0 0 1 0 0 0]
[744529258040641930070876998017474044932128849358447625450335568073703569 0 0 0 0 0 0 0 0 0 0 0 0 0 0 0 0 0 0 0 0 1 0 0]
[1139872186112975141624884362403132875321861964275596159286399584974915989 0 0 0 0 0 0 0 0 0 0 0 0 0 0 0 0 0 0 0 0 0 1 0]
[152544408175051099317129330031276727596046570086328994724741769979070519 0 0 0 0 0 0 0 0 0 0 0 0 0 0 0 0 0 0 0 0 0 0 1]
]
