[[1938467340770409883470484642524065003972598368593123730742860678538565922245405781051 0 0 0 0 0 0 0 0 0 0 0 0 0 0 0 0 0 0 0 0 0 0 0 0 0 0 0]
[1279362118102583663851682670961869219843651844899154839676142177637358118736725148412 1 0 0 0 0 0 0 0 0 0 0 0 0 0 0 0 0 0 0 0 0 0 0 0 0 0 0]
[1061908399369757072139852697036619525150247821798998916549047102459357760005256158774 0 1 0 0 0 0 0 0 0 0 0 0 0 0 0 0 0 0 0 0 0 0 0 0 0 0 0]
[224507655538371320558056466550291824917643988289783779828677747754295944770133504776 0 0 1 0 0 0 0 0 0 0 0 0 0 0 0 0 0 0 0 0 0 0 0 0 0 0 0]
[1609118653352241155909952074555848209502364150404315951028831044134199951942071812054 0 0 0 1 0 0 0 0 0 0 0 0 0 0 0 0 0 0 0 0 0 0 0 0 0 0 0]
[1895926272152148138387431373745047725002106301181754998893085550229588568580105403615 0 0 0 0 1 0 0 0 0 0 0 0 0 0 0 0 0 0 0 0 0 0 0 0 0 0 0]
[923600797717314920216064823523977867950209529326693820839919114723106468460449164128 0 0 0 0 0 1 0 0 0 0 0 0 0 0 0 0 0 0 0 0 0 0 0 0 0 0 0]
[143985329610933118747283866350654127481121278485352201316057987063219730184948451797 0 0 0 0 0 0 1 0 0 0 0 0 0 0 0 0 0 0 0 0 0 0 0 0 0 0 0]
[105733457971342993460289069848469662638540861467426983906223930840475693005580183232 0 0 0 0 0 0 0 1 0 0 0 0 0 0 0 0 0 0 0 0 0 0 0 0 0 0 0]
[1006062464429789794911795431883806464060763651894651964406326537868987618618319729072 0 0 0 0 0 0 0 0 1 0 0 0 0 0 0 0 0 0 0 0 0 0 0 0 0 0 0]
[1262183977107650543224409811110905152924290642368117853879950787723363399111226372210 0 0 0 0 0 0 0 0 0 1 0 0 0 0 0 0 0 0 0 0 0 0 0 0 0 0 0]
[519402106960900567565013708004458465655074621168651448196014747373570114195201743683 0 0 0 0 0 0 0 0 0 0 1 0 0 0 0 0 0 0 0 0 0 0 0 0 0 0 0]
[1341491591916551753529270576605953112124365398822370199247961659133244366366800780514 0 0 0 0 0 0 0 0 0 0 0 1 0 0 0 0 0 0 0 0 0 0 0 0 0 0 0]
[1045498801660489937407163161630182503516216569161932835084979880763270349278029460102 0 0 0 0 0 0 0 0 0 0 0 0 1 0 0 0 0 0 0 0 0 0 0 0 0 0 0]
[1217831405141309259213410690505041086778291396402962951202897570337251906583524747682 0 0 0 0 0 0 0 0 0 0 0 0 0 1 0 0 0 0 0 0 0 0 0 0 0 0 0]
[1364566145974413294511203112676284766984768513277923176339023972379065052638399337093 0 0 0 0 0 0 0 0 0 0 0 0 0 0 1 0 0 0 0 0 0 0 0 0 0 0 0]
[980064923939214287820703186885705981792768263988696098651200972248033879651996938146 0 0 0 0 0 0 0 0 0 0 0 0 0 0 0 1 0 0 0 0 0 0 0 0 0 0 0]
[585102329794593133256954908630146735117759033378261479704054660631790073865087250263 0 0 0 0 0 0 0 0 0 0 0 0 0 0 0 0 1 0 0 0 0 0 0 0 0 0 0]
[902400570807713711468029930247135095041966830399951989960368274897215371039778853148 0 0 0 0 0 0 0 0 0 0 0 0 0 0 0 0 0 1 0 0 0 0 0 0 0 0 0]
[897650600561414590050461542484814420199184324275497500960512108891759456785603399875 0 0 0 0 0 0 0 0 0 0 0 0 0 0 0 0 0 0 1 0 0 0 0 0 0 0 0]
[1772151002117314180449285554345662217137725511883576573099971542706325527880229264704 0 0 0 0 0 0 0 0 0 0 0 0 0 0 0 0 0 0 0 1 0 0 0 0 0 0 0]
[1081445049547801744424476268884783106222105330599162509026508856311328578368354561590 0 0 0 0 0 0 0 0 0 0 0 0 0 0 0 0 0 0 0 0 1 0 0 0 0 0 0]
[860864898694122514364476525631435963036730433589536406570433376168764205782031587932 0 0 0 0 0 0 0 0 0 0 0 0 0 0 0 0 0 0 0 0 0 1 0 0 0 0 0]
[924301600109903786768189042620080748128458283000004554872685582379769728509748154577 0 0 0 0 0 0 0 0 0 0 0 0 0 0 0 0 0 0 0 0 0 0 1 0 0 0 0]
[827723231116311336613814175757413469656525391393487860642112925028100807249601664306 0 0 0 0 0 0 0 0 0 0 0 0 0 0 0 0 0 0 0 0 0 0 0 1 0 0 0]
[363741066299141994050516581778685447444064238528132388379000226450899789098290396218 0 0 0 0 0 0 0 0 0 0 0 0 0 0 0 0 0 0 0 0 0 0 0 0 1 0 0]
[1741596528092989248978673255837152272781225958159482559317833493292099773110633908906 0 0 0 0 0 0 0 0 0 0 0 0 0 0 0 0 0 0 0 0 0 0 0 0 0 1 0]
[984124344642808140583107420373634664047325729056937441869614821840896811435165847025 0 0 0 0 0 0 0 0 0 0 0 0 0 0 0 0 0 0 0 0 0 0 0 0 0 0 1]
]
