[[1034820234739596368385509151756570609640579282739713879204857264145340690550812443961 0 0 0 0 0 0 0 0 0 0 0 0 0 0 0 0 0 0 0 0 0 0 0 0 0 0 0]
[622114158125060539653641037088237949688617725800243827771427913908090855786872224215 1 0 0 0 0 0 0 0 0 0 0 0 0 0 0 0 0 0 0 0 0 0 0 0 0 0 0]
[133900152733263343155031836561854488525194943783095133709087719507649745925936958646 0 1 0 0 0 0 0 0 0 0 0 0 0 0 0 0 0 0 0 0 0 0 0 0 0 0 0]
[759922464584473997745153894364529806917100751529586289330496746496018979082565812045 0 0 1 0 0 0 0 0 0 0 0 0 0 0 0 0 0 0 0 0 0 0 0 0 0 0 0]
[975358786802738644147330922251261382117846801906983283571539343492302991361708242134 0 0 0 1 0 0 0 0 0 0 0 0 0 0 0 0 0 0 0 0 0 0 0 0 0 0 0]
[868853275379234585667106188743718623179634874517154144820334313032398930073347709752 0 0 0 0 1 0 0 0 0 0 0 0 0 0 0 0 0 0 0 0 0 0 0 0 0 0 0]
[290186358546611431012982885762842056704993772340656258628902874687745053198466501158 0 0 0 0 0 1 0 0 0 0 0 0 0 0 0 0 0 0 0 0 0 0 0 0 0 0 0]
[357885096428315979764829039082277605577561479058382399669351611146236071899112632270 0 0 0 0 0 0 1 0 0 0 0 0 0 0 0 0 0 0 0 0 0 0 0 0 0 0 0]
[250355560228587872028048134559008858609680937069245913456190357575171348675335159693 0 0 0 0 0 0 0 1 0 0 0 0 0 0 0 0 0 0 0 0 0 0 0 0 0 0 0]
[489592305407279050201755338454903782435523323882058641110559928758575883946151760022 0 0 0 0 0 0 0 0 1 0 0 0 0 0 0 0 0 0 0 0 0 0 0 0 0 0 0]
[730910194972589863493820972222882156222118095898254850693994933825906224488866139320 0 0 0 0 0 0 0 0 0 1 0 0 0 0 0 0 0 0 0 0 0 0 0 0 0 0 0]
[388588647956058932125143819289688008638132675326336935338683887139880014102938631105 0 0 0 0 0 0 0 0 0 0 1 0 0 0 0 0 0 0 0 0 0 0 0 0 0 0 0]
[437091398779821421119274441589537015218944646811939234529067455302342506382285461384 0 0 0 0 0 0 0 0 0 0 0 1 0 0 0 0 0 0 0 0 0 0 0 0 0 0 0]
[320607132844443084480850590706983756755790629409283790488176197113371884094450135189 0 0 0 0 0 0 0 0 0 0 0 0 1 0 0 0 0 0 0 0 0 0 0 0 0 0 0]
[882795854786035447749139275809014426925170215910631489456020311931750715589729618278 0 0 0 0 0 0 0 0 0 0 0 0 0 1 0 0 0 0 0 0 0 0 0 0 0 0 0]
[78418167220303584909951849525755697916069052718884390212648705439643518307085691876 0 0 0 0 0 0 0 0 0 0 0 0 0 0 1 0 0 0 0 0 0 0 0 0 0 0 0]
[956038228960357624971938511200289578957581310692377263439454566026427485001510551454 0 0 0 0 0 0 0 0 0 0 0 0 0 0 0 1 0 0 0 0 0 0 0 0 0 0 0]
[703187290768436922300781809819229086168225364929257394354536298483012898945502207875 0 0 0 0 0 0 0 0 0 0 0 0 0 0 0 0 1 0 0 0 0 0 0 0 0 0 0]
[244080478310047024147753122557419256301364702773057717203690597405380822068857882474 0 0 0 0 0 0 0 0 0 0 0 0 0 0 0 0 0 1 0 0 0 0 0 0 0 0 0]
[80418549786990036195565149085473940263729884905194502326867292639381003574459849988 0 0 0 0 0 0 0 0 0 0 0 0 0 0 0 0 0 0 1 0 0 0 0 0 0 0 0]
[740620355081072410970238625414419452493620994802923208113840695724827365995057177607 0 0 0 0 0 0 0 0 0 0 0 0 0 0 0 0 0 0 0 1 0 0 0 0 0 0 0]
[332760177014467580170791532752881930423049391984009897181836341994382065248599369422 0 0 0 0 0 0 0 0 0 0 0 0 0 0 0 0 0 0 0 0 1 0 0 0 0 0 0]
[212024696270796250449166066894653607652772965934109827620042450440885252917141210304 0 0 0 0 0 0 0 0 0 0 0 0 0 0 0 0 0 0 0 0 0 1 0 0 0 0 0]
[510656563262590270795753939335923041669781423062331211519797359868821234495893524229 0 0 0 0 0 0 0 0 0 0 0 0 0 0 0 0 0 0 0 0 0 0 1 0 0 0 0]
[792728244080378396528605163126713858061788085911927191615577749161838257458727447671 0 0 0 0 0 0 0 0 0 0 0 0 0 0 0 0 0 0 0 0 0 0 0 1 0 0 0]
[71015555420163532687721694702450441957495357373103981961823858112962247743925976278 0 0 0 0 0 0 0 0 0 0 0 0 0 0 0 0 0 0 0 0 0 0 0 0 1 0 0]
[574870632858752980095663884201207752407253438250765397249744730840063851121649458438 0 0 0 0 0 0 0 0 0 0 0 0 0 0 0 0 0 0 0 0 0 0 0 0 0 1 0]
[440738360424925177251150039295621185957634028896294134649559509589992041275410094749 0 0 0 0 0 0 0 0 0 0 0 0 0 0 0 0 0 0 0 0 0 0 0 0 0 0 1]
]
