[[1793081353519549757215915247484590249793224464897367993699906230817893470940329324161 0 0 0 0 0 0 0 0 0 0 0 0 0 0 0 0 0 0 0 0 0 0 0 0 0 0 0]
[215199893661262394324962213593679826777872869984425006878706372503086818118339149508 1 0 0 0 0 0 0 0 0 0 0 0 0 0 0 0 0 0 0 0 0 0 0 0 0 0 0]
[1558016965264511029635906053690600479137472243611636010941371741840757926806951201660 0 1 0 0 0 0 0 0 0 0 0 0 0 0 0 0 0 0 0 0 0 0 0 0 0 0 0]
[648277595704964325160428865181408158285883531114268598352723392350567963054956285444 0 0 1 0 0 0 0 0 0 0 0 0 0 0 0 0 0 0 0 0 0 0 0 0 0 0 0]
[274271535406087422853468804115457296085200683936560696263149028946443811657857158749 0 0 0 1 0 0 0 0 0 0 0 0 0 0 0 0 0 0 0 0 0 0 0 0 0 0 0]
[208212781995395687945863952398929715858027577660455342781994134669077273939564577718 0 0 0 0 1 0 0 0 0 0 0 0 0 0 0 0 0 0 0 0 0 0 0 0 0 0 0]
[259198056545052389861134110989117582265587867046584486059645655164222730047223094130 0 0 0 0 0 1 0 0 0 0 0 0 0 0 0 0 0 0 0 0 0 0 0 0 0 0 0]
[1048531667305749270465099793516245875877561344894509793923952914761367578164764046385 0 0 0 0 0 0 1 0 0 0 0 0 0 0 0 0 0 0 0 0 0 0 0 0 0 0 0]
[836101314528447777459729441465957995053473661399033932689871786224557293175575701429 0 0 0 0 0 0 0 1 0 0 0 0 0 0 0 0 0 0 0 0 0 0 0 0 0 0 0]
[511198932089557617722117353269175343012731873995083692210173354113185195651858058014 0 0 0 0 0 0 0 0 1 0 0 0 0 0 0 0 0 0 0 0 0 0 0 0 0 0 0]
[471421867369393795547106925527602048871375201063559916071835566630273573156007665548 0 0 0 0 0 0 0 0 0 1 0 0 0 0 0 0 0 0 0 0 0 0 0 0 0 0 0]
[1666066241881248922705103880677034837175370055130527883310491204480967609794487178359 0 0 0 0 0 0 0 0 0 0 1 0 0 0 0 0 0 0 0 0 0 0 0 0 0 0 0]
[741997093053817601059791748322898426341261588245208280027004252916964551291557687933 0 0 0 0 0 0 0 0 0 0 0 1 0 0 0 0 0 0 0 0 0 0 0 0 0 0 0]
[223874622932296827261678988757568368189291569611092347715408248451456021753748214021 0 0 0 0 0 0 0 0 0 0 0 0 1 0 0 0 0 0 0 0 0 0 0 0 0 0 0]
[65975019593207094602992331054137884869916689822638377431661859703372920493701947387 0 0 0 0 0 0 0 0 0 0 0 0 0 1 0 0 0 0 0 0 0 0 0 0 0 0 0]
[1177589037258573272095982629671993482321043412467426027795655604406543552588264172909 0 0 0 0 0 0 0 0 0 0 0 0 0 0 1 0 0 0 0 0 0 0 0 0 0 0 0]
[1345925554993914011578121700006513035360296523910330441748824863545032807408041926236 0 0 0 0 0 0 0 0 0 0 0 0 0 0 0 1 0 0 0 0 0 0 0 0 0 0 0]
[1735646617259813069934412024847842694078470064458813398763527037388612960381940998668 0 0 0 0 0 0 0 0 0 0 0 0 0 0 0 0 1 0 0 0 0 0 0 0 0 0 0]
[1557922400443469549379607257552819471144469362684710205657635756448987443030256754386 0 0 0 0 0 0 0 0 0 0 0 0 0 0 0 0 0 1 0 0 0 0 0 0 0 0 0]
[1483489502425707710121669219161786212625418652671829376631114533840030911628015137259 0 0 0 0 0 0 0 0 0 0 0 0 0 0 0 0 0 0 1 0 0 0 0 0 0 0 0]
[1750039196637521725091586890026807494005652185777136124213478951227879080397728978371 0 0 0 0 0 0 0 0 0 0 0 0 0 0 0 0 0 0 0 1 0 0 0 0 0 0 0]
[1348772694301844634772641627832525562031398539214084362680745087611795937194790052437 0 0 0 0 0 0 0 0 0 0 0 0 0 0 0 0 0 0 0 0 1 0 0 0 0 0 0]
[1506610647655636389338340804589651075146538000156452786184053105463570707174064492704 0 0 0 0 0 0 0 0 0 0 0 0 0 0 0 0 0 0 0 0 0 1 0 0 0 0 0]
[701076894903083597218058425517664073408112329251645115591640128095929979255053755639 0 0 0 0 0 0 0 0 0 0 0 0 0 0 0 0 0 0 0 0 0 0 1 0 0 0 0]
[1133334259783755875489321647874219881894495607546160083909247563802609008517463519029 0 0 0 0 0 0 0 0 0 0 0 0 0 0 0 0 0 0 0 0 0 0 0 1 0 0 0]
[445472030472519979554830146931463036693328442138717026453016023075166795095577009480 0 0 0 0 0 0 0 0 0 0 0 0 0 0 0 0 0 0 0 0 0 0 0 0 1 0 0]
[1603173143963181224630966488812975898054188227806329676839320419335434495334003527373 0 0 0 0 0 0 0 0 0 0 0 0 0 0 0 0 0 0 0 0 0 0 0 0 0 1 0]
[1184148986174690264379116808890098796649266817922367549271953864355196438296950010101 0 0 0 0 0 0 0 0 0 0 0 0 0 0 0 0 0 0 0 0 0 0 0 0 0 0 1]
]
