[[1294171525271016340161024426416611237589101961848649138352066556234626085801314329173 0 0 0 0 0 0 0 0 0 0 0 0 0 0 0 0 0 0 0 0 0 0 0 0 0 0 0]
[829990091744812974103375644843215551855642025102116515746618919442777122685370653506 1 0 0 0 0 0 0 0 0 0 0 0 0 0 0 0 0 0 0 0 0 0 0 0 0 0 0]
[1286602729580137939207773747082891542552272289719932737567595117802499333932305196132 0 1 0 0 0 0 0 0 0 0 0 0 0 0 0 0 0 0 0 0 0 0 0 0 0 0 0]
[1241339019443888469796193874055691062743164433443712940727363073810999442319086095699 0 0 1 0 0 0 0 0 0 0 0 0 0 0 0 0 0 0 0 0 0 0 0 0 0 0 0]
[648364292222264777672647754826650125182738035821564039930253411185516912678271568352 0 0 0 1 0 0 0 0 0 0 0 0 0 0 0 0 0 0 0 0 0 0 0 0 0 0 0]
[361052490484242127273732515202076217662321717636836387867901133693975671227093386924 0 0 0 0 1 0 0 0 0 0 0 0 0 0 0 0 0 0 0 0 0 0 0 0 0 0 0]
[1161908537454025511861482210705783970359548597714472567948880170640248874593307436713 0 0 0 0 0 1 0 0 0 0 0 0 0 0 0 0 0 0 0 0 0 0 0 0 0 0 0]
[814064067345638682882450967758882243680603676195770255421570826253240487257942791007 0 0 0 0 0 0 1 0 0 0 0 0 0 0 0 0 0 0 0 0 0 0 0 0 0 0 0]
[347813049017052635791643238094083252997041379687337275165775610575254641988773887579 0 0 0 0 0 0 0 1 0 0 0 0 0 0 0 0 0 0 0 0 0 0 0 0 0 0 0]
[1040646158586106787570466418376221873291507616954636316175976952726223294782032393416 0 0 0 0 0 0 0 0 1 0 0 0 0 0 0 0 0 0 0 0 0 0 0 0 0 0 0]
[1165717563643539954829819021364383897653822301873196153218245331697577243303481707064 0 0 0 0 0 0 0 0 0 1 0 0 0 0 0 0 0 0 0 0 0 0 0 0 0 0 0]
[454698155109348010454428794337636750923406779491136955704286349069202603373305159881 0 0 0 0 0 0 0 0 0 0 1 0 0 0 0 0 0 0 0 0 0 0 0 0 0 0 0]
[633444479904619476955388548276318855942659325627115752237826321424478903349598359241 0 0 0 0 0 0 0 0 0 0 0 1 0 0 0 0 0 0 0 0 0 0 0 0 0 0 0]
[140531111338344729607588998064794819707079029392746720549623648439005447846978315554 0 0 0 0 0 0 0 0 0 0 0 0 1 0 0 0 0 0 0 0 0 0 0 0 0 0 0]
[1239858562247520158891296368716418663913246266440891569733772665369492964184135468864 0 0 0 0 0 0 0 0 0 0 0 0 0 1 0 0 0 0 0 0 0 0 0 0 0 0 0]
[1784631939303750563907166732142016263936143457656058273281019290577162103223902166 0 0 0 0 0 0 0 0 0 0 0 0 0 0 1 0 0 0 0 0 0 0 0 0 0 0 0]
[452926289982660427315413911718929192133849590553497089555229126202802073036345093753 0 0 0 0 0 0 0 0 0 0 0 0 0 0 0 1 0 0 0 0 0 0 0 0 0 0 0]
[660180624631678744949106456983716813868146044968420772768967752906174436595072534356 0 0 0 0 0 0 0 0 0 0 0 0 0 0 0 0 1 0 0 0 0 0 0 0 0 0 0]
[70667411272834053854581710796441280924104768649807455893753600485635725522600744991 0 0 0 0 0 0 0 0 0 0 0 0 0 0 0 0 0 1 0 0 0 0 0 0 0 0 0]
[234445174829576407728073787359956860726049669550877074651577623265110922826342083044 0 0 0 0 0 0 0 0 0 0 0 0 0 0 0 0 0 0 1 0 0 0 0 0 0 0 0]
[388086078138606990595911890121627791463754828702335736378994575275872966767562066005 0 0 0 0 0 0 0 0 0 0 0 0 0 0 0 0 0 0 0 1 0 0 0 0 0 0 0]
[1276665179891740483249290514219163056859626555367891081347126777941617076771839538473 0 0 0 0 0 0 0 0 0 0 0 0 0 0 0 0 0 0 0 0 1 0 0 0 0 0 0]
[986957193899040491631605223745516838138423110593960413329083600113420764347414617875 0 0 0 0 0 0 0 0 0 0 0 0 0 0 0 0 0 0 0 0 0 1 0 0 0 0 0]
[372918716826744608823103008147252008787949191147271679788105390154712647935599064332 0 0 0 0 0 0 0 0 0 0 0 0 0 0 0 0 0 0 0 0 0 0 1 0 0 0 0]
[1025351018728218989243193187992240171784008016014500428213834748404749675140486477300 0 0 0 0 0 0 0 0 0 0 0 0 0 0 0 0 0 0 0 0 0 0 0 1 0 0 0]
[366615556290314116315037309228545526163509548157529276545838046212393773236471033973 0 0 0 0 0 0 0 0 0 0 0 0 0 0 0 0 0 0 0 0 0 0 0 0 1 0 0]
[767524847343391478416769297962334141148061307515389080291957481235591676598278424745 0 0 0 0 0 0 0 0 0 0 0 0 0 0 0 0 0 0 0 0 0 0 0 0 0 1 0]
[899614838044151402546047120398916387970636463550196028107330290021407236160862493660 0 0 0 0 0 0 0 0 0 0 0 0 0 0 0 0 0 0 0 0 0 0 0 0 0 0 1]
]
