[[1728777593228204225782472006441852450226691463336352029601093787718357264727392426599 0 0 0 0 0 0 0 0 0 0 0 0 0 0 0 0 0 0 0 0 0 0 0 0 0 0 0]
[1458133559989232808201905301609948436388494923249290872548857494327148492985346024955 1 0 0 0 0 0 0 0 0 0 0 0 0 0 0 0 0 0 0 0 0 0 0 0 0 0 0]
[292764298838990308786830628837888900543237182480364732560991291355020967426574973482 0 1 0 0 0 0 0 0 0 0 0 0 0 0 0 0 0 0 0 0 0 0 0 0 0 0 0]
[963294799061128540570081627117827395849717824070867178503630026961016467096909518307 0 0 1 0 0 0 0 0 0 0 0 0 0 0 0 0 0 0 0 0 0 0 0 0 0 0 0]
[504241698425240340379027746913899686769549334762059417969166904016361687555251536776 0 0 0 1 0 0 0 0 0 0 0 0 0 0 0 0 0 0 0 0 0 0 0 0 0 0 0]
[1084376404513657688978726936864449235271788683512966535057102601211493306107627835509 0 0 0 0 1 0 0 0 0 0 0 0 0 0 0 0 0 0 0 0 0 0 0 0 0 0 0]
[1492523852728976355293223344968128969654012649588601634329456680207558945426397613949 0 0 0 0 0 1 0 0 0 0 0 0 0 0 0 0 0 0 0 0 0 0 0 0 0 0 0]
[201794706256366215390599229246334083584072856305969793567705893674845370861905791397 0 0 0 0 0 0 1 0 0 0 0 0 0 0 0 0 0 0 0 0 0 0 0 0 0 0 0]
[361902832358471199734505016249751325546638333496026370456019189083985791495332068123 0 0 0 0 0 0 0 1 0 0 0 0 0 0 0 0 0 0 0 0 0 0 0 0 0 0 0]
[208240812571160254829262290044697641601029829453935982143213135256679571689402820027 0 0 0 0 0 0 0 0 1 0 0 0 0 0 0 0 0 0 0 0 0 0 0 0 0 0 0]
[219715114452100368856414882816939697304117291133446966023314042952121413328311125638 0 0 0 0 0 0 0 0 0 1 0 0 0 0 0 0 0 0 0 0 0 0 0 0 0 0 0]
[899251086782407553405668615212927428139283626985092822062712381178533709649486270146 0 0 0 0 0 0 0 0 0 0 1 0 0 0 0 0 0 0 0 0 0 0 0 0 0 0 0]
[947503677459152500429285918177536116100140900601041409330157324814163382760670982273 0 0 0 0 0 0 0 0 0 0 0 1 0 0 0 0 0 0 0 0 0 0 0 0 0 0 0]
[1631295938812878086076890297410200653764445908442838575146910279364187714914047136987 0 0 0 0 0 0 0 0 0 0 0 0 1 0 0 0 0 0 0 0 0 0 0 0 0 0 0]
[501545680114157046589564328060643452473260259523136360024040909779468949525942513814 0 0 0 0 0 0 0 0 0 0 0 0 0 1 0 0 0 0 0 0 0 0 0 0 0 0 0]
[479769705963664812166519457781628168500344213619546521664053102132221685192361576902 0 0 0 0 0 0 0 0 0 0 0 0 0 0 1 0 0 0 0 0 0 0 0 0 0 0 0]
[492691059407901936767529714184574288889179791766069002230129460722212081033707614691 0 0 0 0 0 0 0 0 0 0 0 0 0 0 0 1 0 0 0 0 0 0 0 0 0 0 0]
[1528949420374864330326567469583687639651222198185383640438895168842619461101211583337 0 0 0 0 0 0 0 0 0 0 0 0 0 0 0 0 1 0 0 0 0 0 0 0 0 0 0]
[838183780281617630289246159984374259478360327189966671403339343533534163891669698290 0 0 0 0 0 0 0 0 0 0 0 0 0 0 0 0 0 1 0 0 0 0 0 0 0 0 0]
[685357676796663443804116024912298389632380904168878172138593192079279820681894832038 0 0 0 0 0 0 0 0 0 0 0 0 0 0 0 0 0 0 1 0 0 0 0 0 0 0 0]
[925431323592471593373379586524027111866800985839828635088689575829603865746478772993 0 0 0 0 0 0 0 0 0 0 0 0 0 0 0 0 0 0 0 1 0 0 0 0 0 0 0]
[531594166650345087282153572972243699137806629933972103402785743274267096207518843679 0 0 0 0 0 0 0 0 0 0 0 0 0 0 0 0 0 0 0 0 1 0 0 0 0 0 0]
[111834676133875012906248247326536118285236603542566282926167467944790210762624894280 0 0 0 0 0 0 0 0 0 0 0 0 0 0 0 0 0 0 0 0 0 1 0 0 0 0 0]
[25349239374122772754096711471159202754632749803574162082683902776787817744995041669 0 0 0 0 0 0 0 0 0 0 0 0 0 0 0 0 0 0 0 0 0 0 1 0 0 0 0]
[1586532800073229112111814629413358523399095114880274901398887866080046530507958611769 0 0 0 0 0 0 0 0 0 0 0 0 0 0 0 0 0 0 0 0 0 0 0 1 0 0 0]
[387298993278232381271970650305193381702307025850740142904779003270056059786433242813 0 0 0 0 0 0 0 0 0 0 0 0 0 0 0 0 0 0 0 0 0 0 0 0 1 0 0]
[975275953069693333067764813624084718151175162741321862893385390558403644043652568253 0 0 0 0 0 0 0 0 0 0 0 0 0 0 0 0 0 0 0 0 0 0 0 0 0 1 0]
[76642200014511681590739480713903061017557600184782665297646290687923084833827225636 0 0 0 0 0 0 0 0 0 0 0 0 0 0 0 0 0 0 0 0 0 0 0 0 0 0 1]
]
