[[1854398443820066998293741089798323707344335221022434800523030405242973297764654975143 0 0 0 0 0 0 0 0 0 0 0 0 0 0 0 0 0 0 0 0 0 0 0 0 0 0 0]
[72776301287717573632477446991240748931959516955988348539588981774165291953729992276 1 0 0 0 0 0 0 0 0 0 0 0 0 0 0 0 0 0 0 0 0 0 0 0 0 0 0]
[404568269247217127107591767359494210059729285144032303939382916237330432434384472430 0 1 0 0 0 0 0 0 0 0 0 0 0 0 0 0 0 0 0 0 0 0 0 0 0 0 0]
[368788294581941030351739552674403208820831602524703165133877594471333358029345494691 0 0 1 0 0 0 0 0 0 0 0 0 0 0 0 0 0 0 0 0 0 0 0 0 0 0 0]
[370327573770461091861764195499891941241651997899077637904801690761526693645429356534 0 0 0 1 0 0 0 0 0 0 0 0 0 0 0 0 0 0 0 0 0 0 0 0 0 0 0]
[1566624601231267027114737586459745970748200560752910517233696748291497743566926781721 0 0 0 0 1 0 0 0 0 0 0 0 0 0 0 0 0 0 0 0 0 0 0 0 0 0 0]
[1816507532101878937401513158498024984101405844913256082482362092170484741382959871986 0 0 0 0 0 1 0 0 0 0 0 0 0 0 0 0 0 0 0 0 0 0 0 0 0 0 0]
[957606116858218194265157795959087034255470589475230595144857695596441087735134793970 0 0 0 0 0 0 1 0 0 0 0 0 0 0 0 0 0 0 0 0 0 0 0 0 0 0 0]
[390452171702291099416878773635707309158067755244626325528692442846246462659344773276 0 0 0 0 0 0 0 1 0 0 0 0 0 0 0 0 0 0 0 0 0 0 0 0 0 0 0]
[517601937806505869141971783410206411937276693610965891721782411411275884426768500517 0 0 0 0 0 0 0 0 1 0 0 0 0 0 0 0 0 0 0 0 0 0 0 0 0 0 0]
[1752275818393876155371512069250847142600926478445340367316272662633471288133550247640 0 0 0 0 0 0 0 0 0 1 0 0 0 0 0 0 0 0 0 0 0 0 0 0 0 0 0]
[1487003769600716587825362843112004610216968250560161010982598300972674719054081736501 0 0 0 0 0 0 0 0 0 0 1 0 0 0 0 0 0 0 0 0 0 0 0 0 0 0 0]
[364584370282564578232915558475874011981306572107048178243976705951464928922981467762 0 0 0 0 0 0 0 0 0 0 0 1 0 0 0 0 0 0 0 0 0 0 0 0 0 0 0]
[351034500939492176301171951997392200426441325876382086688949584212749573305272526016 0 0 0 0 0 0 0 0 0 0 0 0 1 0 0 0 0 0 0 0 0 0 0 0 0 0 0]
[117799194465540600756044581013690722551373453643150747813204147323194928404073049040 0 0 0 0 0 0 0 0 0 0 0 0 0 1 0 0 0 0 0 0 0 0 0 0 0 0 0]
[468806240499966036675733004681671645260846933741692905627850421365239350907376009783 0 0 0 0 0 0 0 0 0 0 0 0 0 0 1 0 0 0 0 0 0 0 0 0 0 0 0]
[1060370812201463940208786158634371329881468364949922539343673772666892510587249801701 0 0 0 0 0 0 0 0 0 0 0 0 0 0 0 1 0 0 0 0 0 0 0 0 0 0 0]
[902202988865402502660675915423236941919885003894409580903220647880010258834311437352 0 0 0 0 0 0 0 0 0 0 0 0 0 0 0 0 1 0 0 0 0 0 0 0 0 0 0]
[148544101941945965362197336409064464480892139011936983841199377573557411310801431197 0 0 0 0 0 0 0 0 0 0 0 0 0 0 0 0 0 1 0 0 0 0 0 0 0 0 0]
[39137472058000531186812513678464374102648560946581186722874616100709095213257126196 0 0 0 0 0 0 0 0 0 0 0 0 0 0 0 0 0 0 1 0 0 0 0 0 0 0 0]
[383104349153077517546096773279617216531270804103376772150891206578352045913070680536 0 0 0 0 0 0 0 0 0 0 0 0 0 0 0 0 0 0 0 1 0 0 0 0 0 0 0]
[1803543334159102104083127031641229469934730248018701369676926305563284059032671307172 0 0 0 0 0 0 0 0 0 0 0 0 0 0 0 0 0 0 0 0 1 0 0 0 0 0 0]
[1759231449811126274200831608202829155255033297705737611320309082931729772228007473967 0 0 0 0 0 0 0 0 0 0 0 0 0 0 0 0 0 0 0 0 0 1 0 0 0 0 0]
[720528755334119910958734539499070727943837750099476692482918747394736608790771594252 0 0 0 0 0 0 0 0 0 0 0 0 0 0 0 0 0 0 0 0 0 0 1 0 0 0 0]
[1833291158398975993851917767735817223219327206165095948048648487797313222740004978356 0 0 0 0 0 0 0 0 0 0 0 0 0 0 0 0 0 0 0 0 0 0 0 1 0 0 0]
[1142500670383626340729178777830616552703543131958359460957820568678204531590428614263 0 0 0 0 0 0 0 0 0 0 0 0 0 0 0 0 0 0 0 0 0 0 0 0 1 0 0]
[154138832243866260135383382589646732360909373106705982172561120724020303194474864098 0 0 0 0 0 0 0 0 0 0 0 0 0 0 0 0 0 0 0 0 0 0 0 0 0 1 0]
[1066157199068595284893439718778651716611213623754729376344923992178001597291577376892 0 0 0 0 0 0 0 0 0 0 0 0 0 0 0 0 0 0 0 0 0 0 0 0 0 0 1]
]
