[[1322206842190372429238061276200543771681940249719408710684127706701658302946521123627 0 0 0 0 0 0 0 0 0 0 0 0 0 0 0 0 0 0 0 0 0 0 0 0 0 0 0]
[1204443734094706104595772470226001329847226668656213553580016846806628468070876499154 1 0 0 0 0 0 0 0 0 0 0 0 0 0 0 0 0 0 0 0 0 0 0 0 0 0 0]
[53968734362195990573287586008772018805795522275587338231182963443495281133071182717 0 1 0 0 0 0 0 0 0 0 0 0 0 0 0 0 0 0 0 0 0 0 0 0 0 0 0]
[97789066272621997315864026475607258057808600750790613558255213951712416530321353921 0 0 1 0 0 0 0 0 0 0 0 0 0 0 0 0 0 0 0 0 0 0 0 0 0 0 0]
[96907972447702443857297540946193749512120673986009391168685927082562206759972425553 0 0 0 1 0 0 0 0 0 0 0 0 0 0 0 0 0 0 0 0 0 0 0 0 0 0 0]
[1254575623449112942603401854850081992343810271402410465117209966590002041474654805444 0 0 0 0 1 0 0 0 0 0 0 0 0 0 0 0 0 0 0 0 0 0 0 0 0 0 0]
[330066120437963459831368732537509758771004662726115809626361782688133417221646902459 0 0 0 0 0 1 0 0 0 0 0 0 0 0 0 0 0 0 0 0 0 0 0 0 0 0 0]
[157046119172873383796665557202854539229776797264700616104038779967493648540617435361 0 0 0 0 0 0 1 0 0 0 0 0 0 0 0 0 0 0 0 0 0 0 0 0 0 0 0]
[677118016332553312621025876298123847062190768854931947045779292959945284719303724323 0 0 0 0 0 0 0 1 0 0 0 0 0 0 0 0 0 0 0 0 0 0 0 0 0 0 0]
[1053454873628191971498229456735958497030671620830035199926560990007969105736826705448 0 0 0 0 0 0 0 0 1 0 0 0 0 0 0 0 0 0 0 0 0 0 0 0 0 0 0]
[435501193607941832737943818397457475521015408793350704810749898291442729183474017948 0 0 0 0 0 0 0 0 0 1 0 0 0 0 0 0 0 0 0 0 0 0 0 0 0 0 0]
[694380807851549259853021890337718458103495553756917376488401956719735723057226895517 0 0 0 0 0 0 0 0 0 0 1 0 0 0 0 0 0 0 0 0 0 0 0 0 0 0 0]
[763942704464635120751359687137201652316176865130065842932497802092788523398522798070 0 0 0 0 0 0 0 0 0 0 0 1 0 0 0 0 0 0 0 0 0 0 0 0 0 0 0]
[350186391105608653932538551485091837601121286410386715517224893860080125973449537394 0 0 0 0 0 0 0 0 0 0 0 0 1 0 0 0 0 0 0 0 0 0 0 0 0 0 0]
[189232186236848449787778086177869088139825711989116608605540387147831646048687760781 0 0 0 0 0 0 0 0 0 0 0 0 0 1 0 0 0 0 0 0 0 0 0 0 0 0 0]
[1079976237196323706796222371745058672190774327278437323486347127046930672412094186153 0 0 0 0 0 0 0 0 0 0 0 0 0 0 1 0 0 0 0 0 0 0 0 0 0 0 0]
[285025957364228118393378406880710640470912552447867840294880327633149961386375566302 0 0 0 0 0 0 0 0 0 0 0 0 0 0 0 1 0 0 0 0 0 0 0 0 0 0 0]
[962592433000066593207639093322553554713175164693398348881149820538024642079393350473 0 0 0 0 0 0 0 0 0 0 0 0 0 0 0 0 1 0 0 0 0 0 0 0 0 0 0]
[1082694804933011236034249662628493635119224802779458626147020408194545140171636648374 0 0 0 0 0 0 0 0 0 0 0 0 0 0 0 0 0 1 0 0 0 0 0 0 0 0 0]
[83915068209180808082909064320629704772508413163903871497835522162768351155886521704 0 0 0 0 0 0 0 0 0 0 0 0 0 0 0 0 0 0 1 0 0 0 0 0 0 0 0]
[518727399597450760824265129558348436046472878210537510272296904856579950956680405148 0 0 0 0 0 0 0 0 0 0 0 0 0 0 0 0 0 0 0 1 0 0 0 0 0 0 0]
[529085485130807058506255603415087003118233308497468787908669021688189910698145245240 0 0 0 0 0 0 0 0 0 0 0 0 0 0 0 0 0 0 0 0 1 0 0 0 0 0 0]
[342938275797568904648593825320637653871213601728403028237370477872694291988339097334 0 0 0 0 0 0 0 0 0 0 0 0 0 0 0 0 0 0 0 0 0 1 0 0 0 0 0]
[71435995894792286129360844148420215823126705774416889827981730677558112658690966675 0 0 0 0 0 0 0 0 0 0 0 0 0 0 0 0 0 0 0 0 0 0 1 0 0 0 0]
[951679186512739896779527947105953284849331138757792922186193367564469135716218360121 0 0 0 0 0 0 0 0 0 0 0 0 0 0 0 0 0 0 0 0 0 0 0 1 0 0 0]
[1222662903175994112213444834457625920784112611499461869889754844402898283790524903274 0 0 0 0 0 0 0 0 0 0 0 0 0 0 0 0 0 0 0 0 0 0 0 0 1 0 0]
[846358181875881910891506436099948968670825744118391398804731523822964187970994214030 0 0 0 0 0 0 0 0 0 0 0 0 0 0 0 0 0 0 0 0 0 0 0 0 0 1 0]
[863766297247501868430429985201441967390837525616977502781660091487354189816898360685 0 0 0 0 0 0 0 0 0 0 0 0 0 0 0 0 0 0 0 0 0 0 0 0 0 0 1]
]
