[[1338443356050286104865204383318917447675793754418251089832723083535182566786844275123 0 0 0 0 0 0 0 0 0 0 0 0 0 0 0 0 0 0 0 0 0 0 0 0 0 0 0]
[1028687320366435846873578439678283227191689988336154428307678722446402633558911417006 1 0 0 0 0 0 0 0 0 0 0 0 0 0 0 0 0 0 0 0 0 0 0 0 0 0 0]
[566671115939521265955672632316836238879185398494126808909625214609738996661746470565 0 1 0 0 0 0 0 0 0 0 0 0 0 0 0 0 0 0 0 0 0 0 0 0 0 0 0]
[580104078068344184831676150448762742333765888752524091732754236047927704639167682624 0 0 1 0 0 0 0 0 0 0 0 0 0 0 0 0 0 0 0 0 0 0 0 0 0 0 0]
[81447355150926725206510623443914666541095630930676936816297737259994072970892312564 0 0 0 1 0 0 0 0 0 0 0 0 0 0 0 0 0 0 0 0 0 0 0 0 0 0 0]
[1234322225921616557084437298847853433896512300378701874398165851511509181319590171843 0 0 0 0 1 0 0 0 0 0 0 0 0 0 0 0 0 0 0 0 0 0 0 0 0 0 0]
[221613654002020659357503781446307867854174883620937256202336787053008933240160918349 0 0 0 0 0 1 0 0 0 0 0 0 0 0 0 0 0 0 0 0 0 0 0 0 0 0 0]
[807237378588252895059086971409168427231557313745152616787236994163707603682445065702 0 0 0 0 0 0 1 0 0 0 0 0 0 0 0 0 0 0 0 0 0 0 0 0 0 0 0]
[439877850529263879598552199095135150232383189739744929978443387371363720745911521545 0 0 0 0 0 0 0 1 0 0 0 0 0 0 0 0 0 0 0 0 0 0 0 0 0 0 0]
[604920308065653175418156333706530232180256381428695173222143122244804795510812271971 0 0 0 0 0 0 0 0 1 0 0 0 0 0 0 0 0 0 0 0 0 0 0 0 0 0 0]
[338856051755495401779833086289578817201529743164308973558285532263151182243796997515 0 0 0 0 0 0 0 0 0 1 0 0 0 0 0 0 0 0 0 0 0 0 0 0 0 0 0]
[399396393958513283080417672363743597197618079264355640317028605597103318860480839497 0 0 0 0 0 0 0 0 0 0 1 0 0 0 0 0 0 0 0 0 0 0 0 0 0 0 0]
[270685898645409847466139078511067405648041906739896542214833846770714873120745042940 0 0 0 0 0 0 0 0 0 0 0 1 0 0 0 0 0 0 0 0 0 0 0 0 0 0 0]
[257847206384236815897927672200266060559983798415423953822000507826594874525987093285 0 0 0 0 0 0 0 0 0 0 0 0 1 0 0 0 0 0 0 0 0 0 0 0 0 0 0]
[817389262122535174357396696455258986430112067905356723812122998314683940786030484869 0 0 0 0 0 0 0 0 0 0 0 0 0 1 0 0 0 0 0 0 0 0 0 0 0 0 0]
[972803166945813876395089225148353298222173658139662331871184584576598545621501356702 0 0 0 0 0 0 0 0 0 0 0 0 0 0 1 0 0 0 0 0 0 0 0 0 0 0 0]
[690647067490044332353421452608577998584847360411264815778703198133783094968061614260 0 0 0 0 0 0 0 0 0 0 0 0 0 0 0 1 0 0 0 0 0 0 0 0 0 0 0]
[253447428433620152320751567670782237396279181953106814984024415439632626181056283737 0 0 0 0 0 0 0 0 0 0 0 0 0 0 0 0 1 0 0 0 0 0 0 0 0 0 0]
[1155244757805147984562553068695786647245870606272111911688603262117498394975269055246 0 0 0 0 0 0 0 0 0 0 0 0 0 0 0 0 0 1 0 0 0 0 0 0 0 0 0]
[32678528481783672777699690397881306842597130453656742429784568532948790598633160736 0 0 0 0 0 0 0 0 0 0 0 0 0 0 0 0 0 0 1 0 0 0 0 0 0 0 0]
[335243485456580848709330192269789521340626933974787147444785386359465329828147740928 0 0 0 0 0 0 0 0 0 0 0 0 0 0 0 0 0 0 0 1 0 0 0 0 0 0 0]
[161512711856522520846098915819904178425694460602639014539350526813654142031446864085 0 0 0 0 0 0 0 0 0 0 0 0 0 0 0 0 0 0 0 0 1 0 0 0 0 0 0]
[231437125420516675494255087192224746012501486215167470785142640056254806379252101837 0 0 0 0 0 0 0 0 0 0 0 0 0 0 0 0 0 0 0 0 0 1 0 0 0 0 0]
[181435591499182627777146004987294427545220603402529480961593607468267766300569824606 0 0 0 0 0 0 0 0 0 0 0 0 0 0 0 0 0 0 0 0 0 0 1 0 0 0 0]
[1046810051725969422760639006553650209496562758662275393290378802807160039451741777623 0 0 0 0 0 0 0 0 0 0 0 0 0 0 0 0 0 0 0 0 0 0 0 1 0 0 0]
[71619552716935644057934801834362454272970141933017857993944838208470185735210622395 0 0 0 0 0 0 0 0 0 0 0 0 0 0 0 0 0 0 0 0 0 0 0 0 1 0 0]
[791432037791509605737138029114356454491092897812049629922802974961240215124815298740 0 0 0 0 0 0 0 0 0 0 0 0 0 0 0 0 0 0 0 0 0 0 0 0 0 1 0]
[1076234969765239686481173864458833829177597937184198285938644117106648501219802780312 0 0 0 0 0 0 0 0 0 0 0 0 0 0 0 0 0 0 0 0 0 0 0 0 0 0 1]
]
