[[1800893149123639859602345918533861307719323206938271409075967793928343638880129560221 0 0 0 0 0 0 0 0 0 0 0 0 0 0 0 0 0 0 0 0 0 0 0 0 0 0 0]
[1637039279899919920142054806557425646594028971696387508910859242864746327219031705522 1 0 0 0 0 0 0 0 0 0 0 0 0 0 0 0 0 0 0 0 0 0 0 0 0 0 0]
[280261677536095012639332768995533151331864435340199040521110393930807239544351222140 0 1 0 0 0 0 0 0 0 0 0 0 0 0 0 0 0 0 0 0 0 0 0 0 0 0 0]
[1566740309331401731519733837124447286031042064477112406802711459045693132099147098450 0 0 1 0 0 0 0 0 0 0 0 0 0 0 0 0 0 0 0 0 0 0 0 0 0 0 0]
[1252355019102520188207508893210584542089597931278745029886221998604877355514972306186 0 0 0 1 0 0 0 0 0 0 0 0 0 0 0 0 0 0 0 0 0 0 0 0 0 0 0]
[1205747027475831722540070606423394656719268667416329141669316215682109009300275718682 0 0 0 0 1 0 0 0 0 0 0 0 0 0 0 0 0 0 0 0 0 0 0 0 0 0 0]
[1271087132843687716273073927710081491552248127361870553002073721451539348508129224423 0 0 0 0 0 1 0 0 0 0 0 0 0 0 0 0 0 0 0 0 0 0 0 0 0 0 0]
[956054335766398577404713759743023412377526424822337728110503156722766664085427361766 0 0 0 0 0 0 1 0 0 0 0 0 0 0 0 0 0 0 0 0 0 0 0 0 0 0 0]
[1767074547205661522478360789171753764756937261359261715730952490728064000814337018399 0 0 0 0 0 0 0 1 0 0 0 0 0 0 0 0 0 0 0 0 0 0 0 0 0 0 0]
[193600716000669050173621800881239049534233180373290787407063802706969195736324403066 0 0 0 0 0 0 0 0 1 0 0 0 0 0 0 0 0 0 0 0 0 0 0 0 0 0 0]
[1703328377691660337307574319604192503151137572353766795735062920002714859447941385190 0 0 0 0 0 0 0 0 0 1 0 0 0 0 0 0 0 0 0 0 0 0 0 0 0 0 0]
[177468506211433697608485920142607874871017682428782745343858036360430870993455485970 0 0 0 0 0 0 0 0 0 0 1 0 0 0 0 0 0 0 0 0 0 0 0 0 0 0 0]
[500205207200874223776026820889815726510938438393286647021023750146129018527321267366 0 0 0 0 0 0 0 0 0 0 0 1 0 0 0 0 0 0 0 0 0 0 0 0 0 0 0]
[1759083920275399945734248482079959830647127652181362610078337530640815348388617500778 0 0 0 0 0 0 0 0 0 0 0 0 1 0 0 0 0 0 0 0 0 0 0 0 0 0 0]
[1448550802146265646359357227976638908192964071791032730151278392909509084945176271581 0 0 0 0 0 0 0 0 0 0 0 0 0 1 0 0 0 0 0 0 0 0 0 0 0 0 0]
[860178250523396576298947358332205695272257482264828499305313814872549474525475687548 0 0 0 0 0 0 0 0 0 0 0 0 0 0 1 0 0 0 0 0 0 0 0 0 0 0 0]
[1086869604712330023606864250941469744223268888917298646775739211150921172288214060710 0 0 0 0 0 0 0 0 0 0 0 0 0 0 0 1 0 0 0 0 0 0 0 0 0 0 0]
[1460514914603831464650937134540383570393079443113292811454265681786810060906280269539 0 0 0 0 0 0 0 0 0 0 0 0 0 0 0 0 1 0 0 0 0 0 0 0 0 0 0]
[1732615672089886825676110921304615528760550760519097490763135412054398179314958072820 0 0 0 0 0 0 0 0 0 0 0 0 0 0 0 0 0 1 0 0 0 0 0 0 0 0 0]
[1635971733545513677110785947028341222677662379575166005755536336006961071310869086353 0 0 0 0 0 0 0 0 0 0 0 0 0 0 0 0 0 0 1 0 0 0 0 0 0 0 0]
[1223857976932182560198351091752472371889150948505773918044218220863894723886555065275 0 0 0 0 0 0 0 0 0 0 0 0 0 0 0 0 0 0 0 1 0 0 0 0 0 0 0]
[41392169876582770619357998350796977596681760279018349664575817211771988002067330171 0 0 0 0 0 0 0 0 0 0 0 0 0 0 0 0 0 0 0 0 1 0 0 0 0 0 0]
[1086176571344912151746343680430788661052753109771554568009904005418776020710750384809 0 0 0 0 0 0 0 0 0 0 0 0 0 0 0 0 0 0 0 0 0 1 0 0 0 0 0]
[606802162643101917478723733763216286812916390157634547660287156546831438904257354509 0 0 0 0 0 0 0 0 0 0 0 0 0 0 0 0 0 0 0 0 0 0 1 0 0 0 0]
[1403564086342302024873594943687446414205894675872850261154260998869392531024660963379 0 0 0 0 0 0 0 0 0 0 0 0 0 0 0 0 0 0 0 0 0 0 0 1 0 0 0]
[283300514142158711995019005262254463178195009539260413911059491174180238576351243103 0 0 0 0 0 0 0 0 0 0 0 0 0 0 0 0 0 0 0 0 0 0 0 0 1 0 0]
[439913241110549960839116618832054924106541147414815007461241422157698344092294240397 0 0 0 0 0 0 0 0 0 0 0 0 0 0 0 0 0 0 0 0 0 0 0 0 0 1 0]
[1482193387012217779508328775671825293518445889181087538010454702907749622497744524208 0 0 0 0 0 0 0 0 0 0 0 0 0 0 0 0 0 0 0 0 0 0 0 0 0 0 1]
]
