[[1689936240949449699523413852393554693463696357132013027774171446723369009294611694493 0 0 0 0 0 0 0 0 0 0 0 0 0 0 0 0 0 0 0 0 0 0 0 0 0 0 0]
[746935336453684108139615327355975604293421565374387043087924003026366544812959732254 1 0 0 0 0 0 0 0 0 0 0 0 0 0 0 0 0 0 0 0 0 0 0 0 0 0 0]
[173643965855765295451095990665468122388549709036404569872143841586008721893264180870 0 1 0 0 0 0 0 0 0 0 0 0 0 0 0 0 0 0 0 0 0 0 0 0 0 0 0]
[968216640126273874661122428259868956431539831547155498851313024695315824097174179272 0 0 1 0 0 0 0 0 0 0 0 0 0 0 0 0 0 0 0 0 0 0 0 0 0 0 0]
[1101230023386723490625727552398357692880423543301381731301377564830192749614011908164 0 0 0 1 0 0 0 0 0 0 0 0 0 0 0 0 0 0 0 0 0 0 0 0 0 0 0]
[364802320599309565592909573941055840317601248689138382273475887947811664202350569914 0 0 0 0 1 0 0 0 0 0 0 0 0 0 0 0 0 0 0 0 0 0 0 0 0 0 0]
[131617708240182277458467271836905323143566929223052675176281881568874811819028745283 0 0 0 0 0 1 0 0 0 0 0 0 0 0 0 0 0 0 0 0 0 0 0 0 0 0 0]
[1628269503750746314475259451408077177260303280533982405883551012269285998057595180489 0 0 0 0 0 0 1 0 0 0 0 0 0 0 0 0 0 0 0 0 0 0 0 0 0 0 0]
[1411394703386561542718656000820222391492231749215955771538416804488678986168841493342 0 0 0 0 0 0 0 1 0 0 0 0 0 0 0 0 0 0 0 0 0 0 0 0 0 0 0]
[346211507595155371109486696651965496057602058167043649125143292023013175925541725636 0 0 0 0 0 0 0 0 1 0 0 0 0 0 0 0 0 0 0 0 0 0 0 0 0 0 0]
[562390178128987752894299428980419809659088113993439860847307240004016307329644936453 0 0 0 0 0 0 0 0 0 1 0 0 0 0 0 0 0 0 0 0 0 0 0 0 0 0 0]
[1044135733659296355987407621174798336944931260180888070859132312044525259407802369490 0 0 0 0 0 0 0 0 0 0 1 0 0 0 0 0 0 0 0 0 0 0 0 0 0 0 0]
[38395321787269648620811002108614816146154640988035432399320589648500726388725382094 0 0 0 0 0 0 0 0 0 0 0 1 0 0 0 0 0 0 0 0 0 0 0 0 0 0 0]
[1477479367578923928315923654451837511653533275510735265241301905365971199292153789868 0 0 0 0 0 0 0 0 0 0 0 0 1 0 0 0 0 0 0 0 0 0 0 0 0 0 0]
[656943049883121965310267917698912069247208392604809951357700539463990006204076704249 0 0 0 0 0 0 0 0 0 0 0 0 0 1 0 0 0 0 0 0 0 0 0 0 0 0 0]
[1191317749055109584089389432784972127215408734647438433740749049355187165121338122256 0 0 0 0 0 0 0 0 0 0 0 0 0 0 1 0 0 0 0 0 0 0 0 0 0 0 0]
[104133099653719734899303775547037278938284499150685690047665426400982243836291597036 0 0 0 0 0 0 0 0 0 0 0 0 0 0 0 1 0 0 0 0 0 0 0 0 0 0 0]
[396553014470911047823356451166795190219353514154993227983251093571566849409979794374 0 0 0 0 0 0 0 0 0 0 0 0 0 0 0 0 1 0 0 0 0 0 0 0 0 0 0]
[1441399296640544651641712006194377604918343360182428917381381044704514381705452514412 0 0 0 0 0 0 0 0 0 0 0 0 0 0 0 0 0 1 0 0 0 0 0 0 0 0 0]
[943818726321795491077119086964843834846566166384785438835443458487399686915651706719 0 0 0 0 0 0 0 0 0 0 0 0 0 0 0 0 0 0 1 0 0 0 0 0 0 0 0]
[78503538623587833337509474513994094575298730721995138159013647865992733776131009877 0 0 0 0 0 0 0 0 0 0 0 0 0 0 0 0 0 0 0 1 0 0 0 0 0 0 0]
[994824523185086206139132354355304760211368201336320084245264556257612789633485768969 0 0 0 0 0 0 0 0 0 0 0 0 0 0 0 0 0 0 0 0 1 0 0 0 0 0 0]
[306514246399187362148174673506541575236020370457031496445992156191801154280324622084 0 0 0 0 0 0 0 0 0 0 0 0 0 0 0 0 0 0 0 0 0 1 0 0 0 0 0]
[182825614101086203697985741308439105781961230942588090194093885262075427139393026617 0 0 0 0 0 0 0 0 0 0 0 0 0 0 0 0 0 0 0 0 0 0 1 0 0 0 0]
[250824318424364311720193259066991815522435238573422639446320386026992589024545265664 0 0 0 0 0 0 0 0 0 0 0 0 0 0 0 0 0 0 0 0 0 0 0 1 0 0 0]
[498697075488370943932484954786655779528131817587889971390706094625504510613378663010 0 0 0 0 0 0 0 0 0 0 0 0 0 0 0 0 0 0 0 0 0 0 0 0 1 0 0]
[1022047261072216620628790273027244035658438772232117647208425396295117519068806692431 0 0 0 0 0 0 0 0 0 0 0 0 0 0 0 0 0 0 0 0 0 0 0 0 0 1 0]
[636155713269040042209285436646754530269939596156413263186563744892992158957453361137 0 0 0 0 0 0 0 0 0 0 0 0 0 0 0 0 0 0 0 0 0 0 0 0 0 0 1]
]
