[[1632533495580194540012543659751943426823770087281897286080172117427568590645195671473 0 0 0 0 0 0 0 0 0 0 0 0 0 0 0 0 0 0 0 0 0 0 0 0 0 0 0]
[36905643525349059746535315735197670608418872890478519469399549422490724167894944190 1 0 0 0 0 0 0 0 0 0 0 0 0 0 0 0 0 0 0 0 0 0 0 0 0 0 0]
[806041237206207965586961669066406323196971562879760197838825154341950918746860983033 0 1 0 0 0 0 0 0 0 0 0 0 0 0 0 0 0 0 0 0 0 0 0 0 0 0 0]
[1183936390574786502734699799075204620432520563711699393744924828900724138170930020120 0 0 1 0 0 0 0 0 0 0 0 0 0 0 0 0 0 0 0 0 0 0 0 0 0 0 0]
[843099168364145002441170429299419951511136844024228051785019040871294257905083290418 0 0 0 1 0 0 0 0 0 0 0 0 0 0 0 0 0 0 0 0 0 0 0 0 0 0 0]
[1179006315188486244120623031784283343364191849969425096381705416296441108925371101219 0 0 0 0 1 0 0 0 0 0 0 0 0 0 0 0 0 0 0 0 0 0 0 0 0 0 0]
[1120351558033525800541647139099324416375229093155820191692460334594753239856073431711 0 0 0 0 0 1 0 0 0 0 0 0 0 0 0 0 0 0 0 0 0 0 0 0 0 0 0]
[449394892647667312015098808462218890807480176509502318620415321279973775537712923340 0 0 0 0 0 0 1 0 0 0 0 0 0 0 0 0 0 0 0 0 0 0 0 0 0 0 0]
[1463641140332688467908358182478704082598577987297829239993922947806966147087237548369 0 0 0 0 0 0 0 1 0 0 0 0 0 0 0 0 0 0 0 0 0 0 0 0 0 0 0]
[1363059467361477581714744531845160782202476133057377170760942680865814910227227105599 0 0 0 0 0 0 0 0 1 0 0 0 0 0 0 0 0 0 0 0 0 0 0 0 0 0 0]
[581676331173116427422735864565929961462845962828852025447131094265308008759141984065 0 0 0 0 0 0 0 0 0 1 0 0 0 0 0 0 0 0 0 0 0 0 0 0 0 0 0]
[382921321310246884111644834340263635142760917478413913985509033104369846964539878078 0 0 0 0 0 0 0 0 0 0 1 0 0 0 0 0 0 0 0 0 0 0 0 0 0 0 0]
[883741213165364315662953880266439404679389834024696599612548413591930757306389897091 0 0 0 0 0 0 0 0 0 0 0 1 0 0 0 0 0 0 0 0 0 0 0 0 0 0 0]
[1593889515027994939312675927199383761302334898086972593107687405507410510104865551717 0 0 0 0 0 0 0 0 0 0 0 0 1 0 0 0 0 0 0 0 0 0 0 0 0 0 0]
[1288153836327630971945961393570465193109401020534061919581337016728655393324253612798 0 0 0 0 0 0 0 0 0 0 0 0 0 1 0 0 0 0 0 0 0 0 0 0 0 0 0]
[337193176535193009260439068293336955888401377912407283617560275243136251369000763210 0 0 0 0 0 0 0 0 0 0 0 0 0 0 1 0 0 0 0 0 0 0 0 0 0 0 0]
[1423999105003775593741481893818032061333602855793888153504863967055889135697252368325 0 0 0 0 0 0 0 0 0 0 0 0 0 0 0 1 0 0 0 0 0 0 0 0 0 0 0]
[1530197335154265305088504756126311550111227663475369579491762893068466827240353055256 0 0 0 0 0 0 0 0 0 0 0 0 0 0 0 0 1 0 0 0 0 0 0 0 0 0 0]
[234601140137748525995068466200563364394695524421998657905749243450631969368052346898 0 0 0 0 0 0 0 0 0 0 0 0 0 0 0 0 0 1 0 0 0 0 0 0 0 0 0]
[102380589084202592944275057452242320831056460568819338301091799460992216403844336061 0 0 0 0 0 0 0 0 0 0 0 0 0 0 0 0 0 0 1 0 0 0 0 0 0 0 0]
[1496486997832464515428780373538961958659834403787512523445894681606392668503338758843 0 0 0 0 0 0 0 0 0 0 0 0 0 0 0 0 0 0 0 1 0 0 0 0 0 0 0]
[1222640708289267980781464401423363080006153783928618430213841599973683844041887363248 0 0 0 0 0 0 0 0 0 0 0 0 0 0 0 0 0 0 0 0 1 0 0 0 0 0 0]
[1389549586954434529470640745771444487799309836541280387411720005045576237142393153901 0 0 0 0 0 0 0 0 0 0 0 0 0 0 0 0 0 0 0 0 0 1 0 0 0 0 0]
[1284300383228735086814679836079610991636073395236405770943192990790880868264779901439 0 0 0 0 0 0 0 0 0 0 0 0 0 0 0 0 0 0 0 0 0 0 1 0 0 0 0]
[849750596454693780200530569633754715794170949307997983590559787835708689792616553716 0 0 0 0 0 0 0 0 0 0 0 0 0 0 0 0 0 0 0 0 0 0 0 1 0 0 0]
[566669979013176779550043756383297861246389193082050331801545554695222926673983924265 0 0 0 0 0 0 0 0 0 0 0 0 0 0 0 0 0 0 0 0 0 0 0 0 1 0 0]
[1609675202855887379675344752992951748347502045044276550305618773502093671017478594101 0 0 0 0 0 0 0 0 0 0 0 0 0 0 0 0 0 0 0 0 0 0 0 0 0 1 0]
[711639266536508022343356953047898706460511934294807156126113826522074558949094752864 0 0 0 0 0 0 0 0 0 0 0 0 0 0 0 0 0 0 0 0 0 0 0 0 0 0 1]
]
