[[1127283839042938061951830406207229594826774549685848599808263188186333070897681228403 0 0 0 0 0 0 0 0 0 0 0 0 0 0 0 0 0 0 0 0 0 0 0 0 0 0 0]
[331479591182208333418719776846789004048056212753848559837648851141525787063839392607 1 0 0 0 0 0 0 0 0 0 0 0 0 0 0 0 0 0 0 0 0 0 0 0 0 0 0]
[875859566330660931763255556875681781707116829465513019755453124128650361747899285599 0 1 0 0 0 0 0 0 0 0 0 0 0 0 0 0 0 0 0 0 0 0 0 0 0 0 0]
[844414372621978051579851283641942199996291795377493027922173427771928457280699572252 0 0 1 0 0 0 0 0 0 0 0 0 0 0 0 0 0 0 0 0 0 0 0 0 0 0 0]
[423068985918306013305021857398910263225418396965989775174783288289736210202682133926 0 0 0 1 0 0 0 0 0 0 0 0 0 0 0 0 0 0 0 0 0 0 0 0 0 0 0]
[354326715210698245132931575655326694189051055075306035745541441651250164202832655567 0 0 0 0 1 0 0 0 0 0 0 0 0 0 0 0 0 0 0 0 0 0 0 0 0 0 0]
[577057694413286446923379844888788358063002244748257538309397289818892285147619604616 0 0 0 0 0 1 0 0 0 0 0 0 0 0 0 0 0 0 0 0 0 0 0 0 0 0 0]
[602555863785975131894717914086596074590002819514041159268999014588627590244070827583 0 0 0 0 0 0 1 0 0 0 0 0 0 0 0 0 0 0 0 0 0 0 0 0 0 0 0]
[730166926945568217262834439741905539947111864515408818707597884114106246107292469717 0 0 0 0 0 0 0 1 0 0 0 0 0 0 0 0 0 0 0 0 0 0 0 0 0 0 0]
[592713420654794769104511805167028315388728189839236035875734095654119819150550936133 0 0 0 0 0 0 0 0 1 0 0 0 0 0 0 0 0 0 0 0 0 0 0 0 0 0 0]
[476379278879272465471288033638814718756941098065597627086964734633647416892648876765 0 0 0 0 0 0 0 0 0 1 0 0 0 0 0 0 0 0 0 0 0 0 0 0 0 0 0]
[279661570877876393132426589321842033248205519138800406907464819950194788189216290932 0 0 0 0 0 0 0 0 0 0 1 0 0 0 0 0 0 0 0 0 0 0 0 0 0 0 0]
[680145779487393236138349910716603325771947319025675979782085714274856988707906039998 0 0 0 0 0 0 0 0 0 0 0 1 0 0 0 0 0 0 0 0 0 0 0 0 0 0 0]
[93910078428551184507978424886210306395228743743797768627916047796282447950631680361 0 0 0 0 0 0 0 0 0 0 0 0 1 0 0 0 0 0 0 0 0 0 0 0 0 0 0]
[1034232885013034653335635471697518466577634884292430914972547629610271329769679703636 0 0 0 0 0 0 0 0 0 0 0 0 0 1 0 0 0 0 0 0 0 0 0 0 0 0 0]
[975153354966624202134476124983736878762396605273743167397337767632917724855692183740 0 0 0 0 0 0 0 0 0 0 0 0 0 0 1 0 0 0 0 0 0 0 0 0 0 0 0]
[31000595899608347351471054828539804451633669445586385863149702449534460994143776112 0 0 0 0 0 0 0 0 0 0 0 0 0 0 0 1 0 0 0 0 0 0 0 0 0 0 0]
[389935697115837076577799470974356284407734521774698713770686886893466840907836031163 0 0 0 0 0 0 0 0 0 0 0 0 0 0 0 0 1 0 0 0 0 0 0 0 0 0 0]
[179259916831099879939565708341557080507007442865657358872728450955391669891608711607 0 0 0 0 0 0 0 0 0 0 0 0 0 0 0 0 0 1 0 0 0 0 0 0 0 0 0]
[700731357913196597817128324002906189097993764290643323720318309689299628737005213950 0 0 0 0 0 0 0 0 0 0 0 0 0 0 0 0 0 0 1 0 0 0 0 0 0 0 0]
[244118348868070738287901453861065295521688795612653964901835373975750843449725706274 0 0 0 0 0 0 0 0 0 0 0 0 0 0 0 0 0 0 0 1 0 0 0 0 0 0 0]
[444905953380241986225838695949482196235895289626924247459547781748321616462471131785 0 0 0 0 0 0 0 0 0 0 0 0 0 0 0 0 0 0 0 0 1 0 0 0 0 0 0]
[364659135544449600177369312026828649465648735549251105391510529022798811536510296050 0 0 0 0 0 0 0 0 0 0 0 0 0 0 0 0 0 0 0 0 0 1 0 0 0 0 0]
[448817036558820388362026666996917628202570725080649529097142267467984817867395353863 0 0 0 0 0 0 0 0 0 0 0 0 0 0 0 0 0 0 0 0 0 0 1 0 0 0 0]
[514407421162659248167611864497674866981471163600803978657093774397337763718897081650 0 0 0 0 0 0 0 0 0 0 0 0 0 0 0 0 0 0 0 0 0 0 0 1 0 0 0]
[228010444368566564218755575352482727063515051635755786895076021173606969641079205155 0 0 0 0 0 0 0 0 0 0 0 0 0 0 0 0 0 0 0 0 0 0 0 0 1 0 0]
[1115296890888192844978823608522121732975094326346972192009380705827483822495855267563 0 0 0 0 0 0 0 0 0 0 0 0 0 0 0 0 0 0 0 0 0 0 0 0 0 1 0]
[237368345416081961999434810779535875711332267379313874620725738344550895624881259940 0 0 0 0 0 0 0 0 0 0 0 0 0 0 0 0 0 0 0 0 0 0 0 0 0 0 1]
]
