[[1393147394688494059756282627100470539203528139230598976584174945539379542362838039123 0 0 0 0 0 0 0 0 0 0 0 0 0 0 0 0 0 0 0 0 0 0 0 0 0 0 0]
[1010563895180787484854201906041070281685801270108432277933646844199847163923250835186 1 0 0 0 0 0 0 0 0 0 0 0 0 0 0 0 0 0 0 0 0 0 0 0 0 0 0]
[1131743253400290672636836643409020882824011663667102386453193876367543445431495156932 0 1 0 0 0 0 0 0 0 0 0 0 0 0 0 0 0 0 0 0 0 0 0 0 0 0 0]
[288716231741235442561838301333044777298896579819468894081693713051220217115198614616 0 0 1 0 0 0 0 0 0 0 0 0 0 0 0 0 0 0 0 0 0 0 0 0 0 0 0]
[543652866971234310815725901433192323846168276017650834556572427311108244230472291474 0 0 0 1 0 0 0 0 0 0 0 0 0 0 0 0 0 0 0 0 0 0 0 0 0 0 0]
[68575627114031964483600677295288877243560433526454852353707535060510728890294003236 0 0 0 0 1 0 0 0 0 0 0 0 0 0 0 0 0 0 0 0 0 0 0 0 0 0 0]
[181778848274234711142780755979834838086507035344311457785432616507032655325446409145 0 0 0 0 0 1 0 0 0 0 0 0 0 0 0 0 0 0 0 0 0 0 0 0 0 0 0]
[1220848102460229870136160206504675599835949892074318469391832433280691939699355272407 0 0 0 0 0 0 1 0 0 0 0 0 0 0 0 0 0 0 0 0 0 0 0 0 0 0 0]
[1024164638161648546219036418886068085614017290916483837525234507759738777607031909809 0 0 0 0 0 0 0 1 0 0 0 0 0 0 0 0 0 0 0 0 0 0 0 0 0 0 0]
[1270664066294104478107448538699952887126885939116526474765036396470991497124028727322 0 0 0 0 0 0 0 0 1 0 0 0 0 0 0 0 0 0 0 0 0 0 0 0 0 0 0]
[128690708692504424587083874600805093291872011294963192393131264613443037256670732557 0 0 0 0 0 0 0 0 0 1 0 0 0 0 0 0 0 0 0 0 0 0 0 0 0 0 0]
[667403187418880000836789933122467842760074928429743910322260676716022825787712484664 0 0 0 0 0 0 0 0 0 0 1 0 0 0 0 0 0 0 0 0 0 0 0 0 0 0 0]
[1340459942909170949250386292803064110508184557348248731097911308159936599165977315219 0 0 0 0 0 0 0 0 0 0 0 1 0 0 0 0 0 0 0 0 0 0 0 0 0 0 0]
[375177352177130721110105269510960463532766298886928181318148267526911610036675465218 0 0 0 0 0 0 0 0 0 0 0 0 1 0 0 0 0 0 0 0 0 0 0 0 0 0 0]
[549547265402637282407983423809946503521955731957337865290863063766379611846777859042 0 0 0 0 0 0 0 0 0 0 0 0 0 1 0 0 0 0 0 0 0 0 0 0 0 0 0]
[84620236353604953057256949569535149869089859630437835409442689215703573545294113032 0 0 0 0 0 0 0 0 0 0 0 0 0 0 1 0 0 0 0 0 0 0 0 0 0 0 0]
[121391617722305761931449780117724128718288437791376907946404486088894116566169971108 0 0 0 0 0 0 0 0 0 0 0 0 0 0 0 1 0 0 0 0 0 0 0 0 0 0 0]
[878575566302481751533334504210407152748733888312211797857015198550434966959592912646 0 0 0 0 0 0 0 0 0 0 0 0 0 0 0 0 1 0 0 0 0 0 0 0 0 0 0]
[500380828396341567140736517244131325665537872579556736892954079430099020571258122404 0 0 0 0 0 0 0 0 0 0 0 0 0 0 0 0 0 1 0 0 0 0 0 0 0 0 0]
[802246500032777865334555162357160371013784646270504972713466433503029406266685657496 0 0 0 0 0 0 0 0 0 0 0 0 0 0 0 0 0 0 1 0 0 0 0 0 0 0 0]
[338001058378870601187873723041203647933373894846926722209967545191670477861563948919 0 0 0 0 0 0 0 0 0 0 0 0 0 0 0 0 0 0 0 1 0 0 0 0 0 0 0]
[806962724659618655613590546478633800690494249486004168802231222450311149312921161063 0 0 0 0 0 0 0 0 0 0 0 0 0 0 0 0 0 0 0 0 1 0 0 0 0 0 0]
[1191668461809894817434630348931344149578302064596223724709288292027306474064137530131 0 0 0 0 0 0 0 0 0 0 0 0 0 0 0 0 0 0 0 0 0 1 0 0 0 0 0]
[524705006621439852629503461056930789409695550635573310873112968941771977663116143087 0 0 0 0 0 0 0 0 0 0 0 0 0 0 0 0 0 0 0 0 0 0 1 0 0 0 0]
[599949855984883319738745976384509365901591671739449197858883833522848070795699546567 0 0 0 0 0 0 0 0 0 0 0 0 0 0 0 0 0 0 0 0 0 0 0 1 0 0 0]
[1027815150786855965768154834535147260339705027896050605897936512068984949182308287585 0 0 0 0 0 0 0 0 0 0 0 0 0 0 0 0 0 0 0 0 0 0 0 0 1 0 0]
[790605113717073536534483102343643501025366363066090596033656462053691991077390438330 0 0 0 0 0 0 0 0 0 0 0 0 0 0 0 0 0 0 0 0 0 0 0 0 0 1 0]
[905751014015181203176535600809726660021189019383914185387872057482660201158733972810 0 0 0 0 0 0 0 0 0 0 0 0 0 0 0 0 0 0 0 0 0 0 0 0 0 0 1]
]
