[[1176928412428702495446321387365246798783475495667309270721148947957707823431938888809 0 0 0 0 0 0 0 0 0 0 0 0 0 0 0 0 0 0 0 0 0 0 0 0 0 0 0]
[812222580933356091009762583031186861517428695848301004509083785286240515757840096742 1 0 0 0 0 0 0 0 0 0 0 0 0 0 0 0 0 0 0 0 0 0 0 0 0 0 0]
[348991894150270417560279786478775770578063598843885444264658972275981206396232438404 0 1 0 0 0 0 0 0 0 0 0 0 0 0 0 0 0 0 0 0 0 0 0 0 0 0 0]
[875758558899226837196162727577861048219632999375831906456210384239485430629123494705 0 0 1 0 0 0 0 0 0 0 0 0 0 0 0 0 0 0 0 0 0 0 0 0 0 0 0]
[263094125730810420424913844586702078267630246423189609470870111621124325185345811030 0 0 0 1 0 0 0 0 0 0 0 0 0 0 0 0 0 0 0 0 0 0 0 0 0 0 0]
[1069206095871178750718765791563259813179134103851699200063804510280572706447376123926 0 0 0 0 1 0 0 0 0 0 0 0 0 0 0 0 0 0 0 0 0 0 0 0 0 0 0]
[663045237143441868717987387244820887161140853951187058965381013688420103673753145029 0 0 0 0 0 1 0 0 0 0 0 0 0 0 0 0 0 0 0 0 0 0 0 0 0 0 0]
[498163845551045393146644007338806720924265870295174154113063792296820716526029775984 0 0 0 0 0 0 1 0 0 0 0 0 0 0 0 0 0 0 0 0 0 0 0 0 0 0 0]
[393316147706593663565036945841482781005857503895493586533739956671486770797488251991 0 0 0 0 0 0 0 1 0 0 0 0 0 0 0 0 0 0 0 0 0 0 0 0 0 0 0]
[1069019963956491228307748333170251502947974839495279585210956079151285769442914809469 0 0 0 0 0 0 0 0 1 0 0 0 0 0 0 0 0 0 0 0 0 0 0 0 0 0 0]
[1032159120387141532680451329699862130652200787857219580976356574174011643905259748652 0 0 0 0 0 0 0 0 0 1 0 0 0 0 0 0 0 0 0 0 0 0 0 0 0 0 0]
[324691425889227060879611874071165727235077603162141760903723305239248090323440525891 0 0 0 0 0 0 0 0 0 0 1 0 0 0 0 0 0 0 0 0 0 0 0 0 0 0 0]
[339068573738064330908254543905628560513069865985510207788939467530555464139325736143 0 0 0 0 0 0 0 0 0 0 0 1 0 0 0 0 0 0 0 0 0 0 0 0 0 0 0]
[957798590751458616965816144530913755497076940706633305055088674554739119393012056530 0 0 0 0 0 0 0 0 0 0 0 0 1 0 0 0 0 0 0 0 0 0 0 0 0 0 0]
[804837300902951920279766886711514677569353333027308554172310020273472673672051804634 0 0 0 0 0 0 0 0 0 0 0 0 0 1 0 0 0 0 0 0 0 0 0 0 0 0 0]
[401664316260260801412767920549657333559591492695384670788867682067501191867146693562 0 0 0 0 0 0 0 0 0 0 0 0 0 0 1 0 0 0 0 0 0 0 0 0 0 0 0]
[703311113102792653701721277430170096648505725586731494324788793178291355391118764558 0 0 0 0 0 0 0 0 0 0 0 0 0 0 0 1 0 0 0 0 0 0 0 0 0 0 0]
[120001447955814659447031022182912634254834199497864738795613395189048995380458991049 0 0 0 0 0 0 0 0 0 0 0 0 0 0 0 0 1 0 0 0 0 0 0 0 0 0 0]
[1122528984421135581591235139624022703317736649606251593516668498107614445379333448476 0 0 0 0 0 0 0 0 0 0 0 0 0 0 0 0 0 1 0 0 0 0 0 0 0 0 0]
[111451477293074242357546104626007409673553502338458190503695761938590073328829775031 0 0 0 0 0 0 0 0 0 0 0 0 0 0 0 0 0 0 1 0 0 0 0 0 0 0 0]
[866103953870879703535490241535107457250832710702355524772645551622556536450176488608 0 0 0 0 0 0 0 0 0 0 0 0 0 0 0 0 0 0 0 1 0 0 0 0 0 0 0]
[170560546368636778934212010364918442035577642629759605134930102382543662326600539693 0 0 0 0 0 0 0 0 0 0 0 0 0 0 0 0 0 0 0 0 1 0 0 0 0 0 0]
[695686718022893317180481479644461015850050768658939302486172336887700237850076719986 0 0 0 0 0 0 0 0 0 0 0 0 0 0 0 0 0 0 0 0 0 1 0 0 0 0 0]
[807600509881096277598246187589868532622527311834883931439402860852005171206667121182 0 0 0 0 0 0 0 0 0 0 0 0 0 0 0 0 0 0 0 0 0 0 1 0 0 0 0]
[212712579509227126297746081483746907215208654828313192174789205017411028824171901192 0 0 0 0 0 0 0 0 0 0 0 0 0 0 0 0 0 0 0 0 0 0 0 1 0 0 0]
[654144724050785076174555439243791506641608335044231871907651325849431950279874835771 0 0 0 0 0 0 0 0 0 0 0 0 0 0 0 0 0 0 0 0 0 0 0 0 1 0 0]
[552504414634357187219061748682971314572163651586823539399869237947119470908499124778 0 0 0 0 0 0 0 0 0 0 0 0 0 0 0 0 0 0 0 0 0 0 0 0 0 1 0]
[749435366591156626386606414451536602670937687583874335067324312863894928895563089136 0 0 0 0 0 0 0 0 0 0 0 0 0 0 0 0 0 0 0 0 0 0 0 0 0 0 1]
]
