[[1067255273971416743371697444501498301324600276620337146321931898660484728564133617049 0 0 0 0 0 0 0 0 0 0 0 0 0 0 0 0 0 0 0 0 0 0 0 0 0 0 0]
[738129744436995431955308268966930019063167047276376714885806860824098355779755323247 1 0 0 0 0 0 0 0 0 0 0 0 0 0 0 0 0 0 0 0 0 0 0 0 0 0 0]
[730195949339041387561684985556340207529005814102580982169220518527226290345278590955 0 1 0 0 0 0 0 0 0 0 0 0 0 0 0 0 0 0 0 0 0 0 0 0 0 0 0]
[656913700036503003259119929530734127925174177192623077417084920613643633838439598222 0 0 1 0 0 0 0 0 0 0 0 0 0 0 0 0 0 0 0 0 0 0 0 0 0 0 0]
[444099773174109317385333648230539324045584179686909012096082168467388673389724438076 0 0 0 1 0 0 0 0 0 0 0 0 0 0 0 0 0 0 0 0 0 0 0 0 0 0 0]
[877331842432013819973308510569261600239982073911366957781813469307803555392152976665 0 0 0 0 1 0 0 0 0 0 0 0 0 0 0 0 0 0 0 0 0 0 0 0 0 0 0]
[625043395822933502371502315095446938241906036307533733321924370845814318974748552297 0 0 0 0 0 1 0 0 0 0 0 0 0 0 0 0 0 0 0 0 0 0 0 0 0 0 0]
[1007513453683601726973864200946100117518468032304548038057370559585500082927752754038 0 0 0 0 0 0 1 0 0 0 0 0 0 0 0 0 0 0 0 0 0 0 0 0 0 0 0]
[393238056302596123172546175139279270258700429196109540469035346952567638961489743895 0 0 0 0 0 0 0 1 0 0 0 0 0 0 0 0 0 0 0 0 0 0 0 0 0 0 0]
[892787451011655757755608735782526190235023291606486396014963897764031945707111486973 0 0 0 0 0 0 0 0 1 0 0 0 0 0 0 0 0 0 0 0 0 0 0 0 0 0 0]
[413503366440992451276751795839436948630684674057519681356320033079116545216843334658 0 0 0 0 0 0 0 0 0 1 0 0 0 0 0 0 0 0 0 0 0 0 0 0 0 0 0]
[1050034877296257744890735576452752690531672316588373129970898624155096634871430806993 0 0 0 0 0 0 0 0 0 0 1 0 0 0 0 0 0 0 0 0 0 0 0 0 0 0 0]
[182785371489086705518440049537210181688798129475346202969539594788717756139404293154 0 0 0 0 0 0 0 0 0 0 0 1 0 0 0 0 0 0 0 0 0 0 0 0 0 0 0]
[804131010149123433659850866109175809119507701187060439673649148227819557507400287626 0 0 0 0 0 0 0 0 0 0 0 0 1 0 0 0 0 0 0 0 0 0 0 0 0 0 0]
[1052953557628898916322798941518476780532626938139435294289000942416630155760232618076 0 0 0 0 0 0 0 0 0 0 0 0 0 1 0 0 0 0 0 0 0 0 0 0 0 0 0]
[833132040979871972295248859100268308427197804584369434063466566973008526585633359680 0 0 0 0 0 0 0 0 0 0 0 0 0 0 1 0 0 0 0 0 0 0 0 0 0 0 0]
[1053520396162471505768303020105148785511501769450092204434695777951827494283587505300 0 0 0 0 0 0 0 0 0 0 0 0 0 0 0 1 0 0 0 0 0 0 0 0 0 0 0]
[925970157440146662482718306208988673297948451562632045746043558716898815215946624597 0 0 0 0 0 0 0 0 0 0 0 0 0 0 0 0 1 0 0 0 0 0 0 0 0 0 0]
[639303526300942983013882671094838195308518007618856446596335505082079161818584847457 0 0 0 0 0 0 0 0 0 0 0 0 0 0 0 0 0 1 0 0 0 0 0 0 0 0 0]
[410599292721733823371676696764239642189945718932084652711713919368909774025355102290 0 0 0 0 0 0 0 0 0 0 0 0 0 0 0 0 0 0 1 0 0 0 0 0 0 0 0]
[422663115488366266732754335508236045466720197306442558793661625007468088891843264472 0 0 0 0 0 0 0 0 0 0 0 0 0 0 0 0 0 0 0 1 0 0 0 0 0 0 0]
[475803153185904868576578923978505132564888479621314440835000096048502208352795199200 0 0 0 0 0 0 0 0 0 0 0 0 0 0 0 0 0 0 0 0 1 0 0 0 0 0 0]
[652297324815225885020690813171946486797161152001866415107093811829900116184167983387 0 0 0 0 0 0 0 0 0 0 0 0 0 0 0 0 0 0 0 0 0 1 0 0 0 0 0]
[98723055351497450263586761550440770655040397210925594922711224467949971741034504062 0 0 0 0 0 0 0 0 0 0 0 0 0 0 0 0 0 0 0 0 0 0 1 0 0 0 0]
[391170932846967954552126232899398127237017159377419905689965700335183942192474332623 0 0 0 0 0 0 0 0 0 0 0 0 0 0 0 0 0 0 0 0 0 0 0 1 0 0 0]
[657672501796696020855466938773920679947221572532626350108353366192987476641461197238 0 0 0 0 0 0 0 0 0 0 0 0 0 0 0 0 0 0 0 0 0 0 0 0 1 0 0]
[30730896527390129968623949743978121958639771859290915649412224934891470781733263793 0 0 0 0 0 0 0 0 0 0 0 0 0 0 0 0 0 0 0 0 0 0 0 0 0 1 0]
[124945158576942291461374774982458085676303604659904475205284619819047563143735603649 0 0 0 0 0 0 0 0 0 0 0 0 0 0 0 0 0 0 0 0 0 0 0 0 0 0 1]
]
