[[1826561149476607944758130753597337598263099966013738364064292142761877704697273541549 0 0 0 0 0 0 0 0 0 0 0 0 0 0 0 0 0 0 0 0 0 0 0 0 0 0 0]
[1722594646299331178827284325041074719596794212923693598910926021442134591531961369866 1 0 0 0 0 0 0 0 0 0 0 0 0 0 0 0 0 0 0 0 0 0 0 0 0 0 0]
[2783799641471350072115253912751374552030580064682141863857029321901586213713980774 0 1 0 0 0 0 0 0 0 0 0 0 0 0 0 0 0 0 0 0 0 0 0 0 0 0 0]
[716970787753622907273606314848904737239682021807811130493048567202989338496746078006 0 0 1 0 0 0 0 0 0 0 0 0 0 0 0 0 0 0 0 0 0 0 0 0 0 0 0]
[719885391067331249220922554746635655728214977341371660354596763932597281880005931045 0 0 0 1 0 0 0 0 0 0 0 0 0 0 0 0 0 0 0 0 0 0 0 0 0 0 0]
[1562351262021463126391423266915767642963183394383651581331693614454984640008991412346 0 0 0 0 1 0 0 0 0 0 0 0 0 0 0 0 0 0 0 0 0 0 0 0 0 0 0]
[420040520197616253059387885131288348242728657905386279550581166091628094749553396258 0 0 0 0 0 1 0 0 0 0 0 0 0 0 0 0 0 0 0 0 0 0 0 0 0 0 0]
[813290545221906143240138575537654155103691807713532209435421835605040820865365701171 0 0 0 0 0 0 1 0 0 0 0 0 0 0 0 0 0 0 0 0 0 0 0 0 0 0 0]
[1274519146528861397871012367983313754340720038341439462861731988160025302111265412411 0 0 0 0 0 0 0 1 0 0 0 0 0 0 0 0 0 0 0 0 0 0 0 0 0 0 0]
[912230150002662639327716589417569961328342834652732022986728822351201701900561227311 0 0 0 0 0 0 0 0 1 0 0 0 0 0 0 0 0 0 0 0 0 0 0 0 0 0 0]
[1071545537371080918854665313870276150682107724602780802377510682129498491011508754634 0 0 0 0 0 0 0 0 0 1 0 0 0 0 0 0 0 0 0 0 0 0 0 0 0 0 0]
[1204429765054655843295510599366472242115836180886756071898039457864333773386227333400 0 0 0 0 0 0 0 0 0 0 1 0 0 0 0 0 0 0 0 0 0 0 0 0 0 0 0]
[426629401990811062851506545940017666045592157880140673257112753900920351402053346959 0 0 0 0 0 0 0 0 0 0 0 1 0 0 0 0 0 0 0 0 0 0 0 0 0 0 0]
[993770238485883735337187829844555550230923634790048505290962246868660571738067067826 0 0 0 0 0 0 0 0 0 0 0 0 1 0 0 0 0 0 0 0 0 0 0 0 0 0 0]
[1699143829334707386632300709196566272372467127289962933535285623985431614769629042929 0 0 0 0 0 0 0 0 0 0 0 0 0 1 0 0 0 0 0 0 0 0 0 0 0 0 0]
[1388870211211529440628131039645372761426459327283786469742658278383497049235496965749 0 0 0 0 0 0 0 0 0 0 0 0 0 0 1 0 0 0 0 0 0 0 0 0 0 0 0]
[1434474227916702184680263680677001786104957970214109859469313088832970609459305709813 0 0 0 0 0 0 0 0 0 0 0 0 0 0 0 1 0 0 0 0 0 0 0 0 0 0 0]
[456683052791428405056671860634974130608763901184713197916564540412136748793209299072 0 0 0 0 0 0 0 0 0 0 0 0 0 0 0 0 1 0 0 0 0 0 0 0 0 0 0]
[732615479742000161187255764401278781654843545882356110164958702738980891603572051109 0 0 0 0 0 0 0 0 0 0 0 0 0 0 0 0 0 1 0 0 0 0 0 0 0 0 0]
[161435620605527031287119393719165609646539347977579777797020239086898122959865415257 0 0 0 0 0 0 0 0 0 0 0 0 0 0 0 0 0 0 1 0 0 0 0 0 0 0 0]
[1472565873906833346084950461718226958395208144165548371327548058548143724514113215503 0 0 0 0 0 0 0 0 0 0 0 0 0 0 0 0 0 0 0 1 0 0 0 0 0 0 0]
[638135250626158732602670933231348396391704767042131623115924533964304428680367257293 0 0 0 0 0 0 0 0 0 0 0 0 0 0 0 0 0 0 0 0 1 0 0 0 0 0 0]
[603443707411452285714004479336549217192781344241399709843584515380903715432866234712 0 0 0 0 0 0 0 0 0 0 0 0 0 0 0 0 0 0 0 0 0 1 0 0 0 0 0]
[1273949135542645692113289657003619147237594651971513627811868129888868813049580091617 0 0 0 0 0 0 0 0 0 0 0 0 0 0 0 0 0 0 0 0 0 0 1 0 0 0 0]
[374891285042866089545686209663630972607118974100159065858320666520103692864551811228 0 0 0 0 0 0 0 0 0 0 0 0 0 0 0 0 0 0 0 0 0 0 0 1 0 0 0]
[914511440713944864534842193260945592280974742206695713927836037973507834855545276846 0 0 0 0 0 0 0 0 0 0 0 0 0 0 0 0 0 0 0 0 0 0 0 0 1 0 0]
[936063062891616734970847444074871682122434890026734870760769295982710376845509114801 0 0 0 0 0 0 0 0 0 0 0 0 0 0 0 0 0 0 0 0 0 0 0 0 0 1 0]
[75477076276811182391425682082140018254409934625260869607992069260497207595384301222 0 0 0 0 0 0 0 0 0 0 0 0 0 0 0 0 0 0 0 0 0 0 0 0 0 0 1]
]
