[[1220227704606224818692405319449183422306771018809278749160906871758633469365314955869 0 0 0 0 0 0 0 0 0 0 0 0 0 0 0 0 0 0 0 0 0 0 0 0 0 0 0]
[512563254339857785554910511004822260368779225502119387742813349923740185530838024804 1 0 0 0 0 0 0 0 0 0 0 0 0 0 0 0 0 0 0 0 0 0 0 0 0 0 0]
[57036199595955599733196699596385593553238241916126064073999979187745451036416463806 0 1 0 0 0 0 0 0 0 0 0 0 0 0 0 0 0 0 0 0 0 0 0 0 0 0 0]
[133753082623838382872813153855554481908852400777733426600539257477973259216854578112 0 0 1 0 0 0 0 0 0 0 0 0 0 0 0 0 0 0 0 0 0 0 0 0 0 0 0]
[497944033103061127808526422576353358059604864023248117330612898138382594056102013910 0 0 0 1 0 0 0 0 0 0 0 0 0 0 0 0 0 0 0 0 0 0 0 0 0 0 0]
[208657817555342093125084660366714646676682933257532347523351212079753223934523546754 0 0 0 0 1 0 0 0 0 0 0 0 0 0 0 0 0 0 0 0 0 0 0 0 0 0 0]
[780434884223832185346409614620378816209626544066358583996584859062426684733158708807 0 0 0 0 0 1 0 0 0 0 0 0 0 0 0 0 0 0 0 0 0 0 0 0 0 0 0]
[484131854093746263892480066720017598475711218149759379077175284959485624576551865624 0 0 0 0 0 0 1 0 0 0 0 0 0 0 0 0 0 0 0 0 0 0 0 0 0 0 0]
[328919627515945127165555237791799067224251861696005275050973668703563552937045211723 0 0 0 0 0 0 0 1 0 0 0 0 0 0 0 0 0 0 0 0 0 0 0 0 0 0 0]
[994838135304620549304454917983982150482772986277368468031266829380948622912825666131 0 0 0 0 0 0 0 0 1 0 0 0 0 0 0 0 0 0 0 0 0 0 0 0 0 0 0]
[205720485647645625739014909431308490586513376322641983090646531217720014755216786303 0 0 0 0 0 0 0 0 0 1 0 0 0 0 0 0 0 0 0 0 0 0 0 0 0 0 0]
[678229317945018931589972680702181778530550224908666626427413480149071904026969909464 0 0 0 0 0 0 0 0 0 0 1 0 0 0 0 0 0 0 0 0 0 0 0 0 0 0 0]
[703704821217592891552992977836468663742867407143857599732066312509847020026680015105 0 0 0 0 0 0 0 0 0 0 0 1 0 0 0 0 0 0 0 0 0 0 0 0 0 0 0]
[494498684080234487328295519114261551260477978940140920317260851879603091339094276804 0 0 0 0 0 0 0 0 0 0 0 0 1 0 0 0 0 0 0 0 0 0 0 0 0 0 0]
[45660040448329380458301046352949352842132775141450818228256531018867781096399816152 0 0 0 0 0 0 0 0 0 0 0 0 0 1 0 0 0 0 0 0 0 0 0 0 0 0 0]
[462666534587193548074424814233222485442030440571400277785592179483240766911933074641 0 0 0 0 0 0 0 0 0 0 0 0 0 0 1 0 0 0 0 0 0 0 0 0 0 0 0]
[948442524768609153783708091720629356839277981886839419171730642778964321951023911554 0 0 0 0 0 0 0 0 0 0 0 0 0 0 0 1 0 0 0 0 0 0 0 0 0 0 0]
[1056754929439435688223737694075369662100127153053979242757084552359500863433024215023 0 0 0 0 0 0 0 0 0 0 0 0 0 0 0 0 1 0 0 0 0 0 0 0 0 0 0]
[333406092314146198324453560910911250545619840384321761174464613720650583846793784275 0 0 0 0 0 0 0 0 0 0 0 0 0 0 0 0 0 1 0 0 0 0 0 0 0 0 0]
[1018179622573070869536014559909217440245535923525209935294060938136751998253824514574 0 0 0 0 0 0 0 0 0 0 0 0 0 0 0 0 0 0 1 0 0 0 0 0 0 0 0]
[86323725439881509198445636578382391478401581030757490763314116393819438811044597822 0 0 0 0 0 0 0 0 0 0 0 0 0 0 0 0 0 0 0 1 0 0 0 0 0 0 0]
[988944583089381902385490540436714600413017297200779186587946994495010145625085974674 0 0 0 0 0 0 0 0 0 0 0 0 0 0 0 0 0 0 0 0 1 0 0 0 0 0 0]
[269718369785463966867240958379224609925748402864193763743964219155684627335839008527 0 0 0 0 0 0 0 0 0 0 0 0 0 0 0 0 0 0 0 0 0 1 0 0 0 0 0]
[767659855338833768506549119746375931108758663610430171646642432699809421368463138836 0 0 0 0 0 0 0 0 0 0 0 0 0 0 0 0 0 0 0 0 0 0 1 0 0 0 0]
[217738502342406124122712839983372373560950637278932096413088837244901820260409483380 0 0 0 0 0 0 0 0 0 0 0 0 0 0 0 0 0 0 0 0 0 0 0 1 0 0 0]
[895681804661965149393660798590017906405029031707909077423875101524750811538103914191 0 0 0 0 0 0 0 0 0 0 0 0 0 0 0 0 0 0 0 0 0 0 0 0 1 0 0]
[279124206266348022263923714752717237580856470430985691674412567832736356093997719534 0 0 0 0 0 0 0 0 0 0 0 0 0 0 0 0 0 0 0 0 0 0 0 0 0 1 0]
[1062954610240326922778256907799289271032667147214583271327253875471632201523395045691 0 0 0 0 0 0 0 0 0 0 0 0 0 0 0 0 0 0 0 0 0 0 0 0 0 0 1]
]
