[[1540676355214439873713348754183619760926039946778450325489744588185188747479793589509 0 0 0 0 0 0 0 0 0 0 0 0 0 0 0 0 0 0 0 0 0 0 0 0 0 0 0]
[1097201648017382756651483635770967214327524855700183470397355500494608677464748068005 1 0 0 0 0 0 0 0 0 0 0 0 0 0 0 0 0 0 0 0 0 0 0 0 0 0 0]
[952453637828142895816742611767529404668147013097546174141908498775061144079898923678 0 1 0 0 0 0 0 0 0 0 0 0 0 0 0 0 0 0 0 0 0 0 0 0 0 0 0]
[447637673699351220992584056872767568953271096346990257037691749265219432005205825487 0 0 1 0 0 0 0 0 0 0 0 0 0 0 0 0 0 0 0 0 0 0 0 0 0 0 0]
[1296278631168654282558715338174427165638128954062181676759867250926702259736562188039 0 0 0 1 0 0 0 0 0 0 0 0 0 0 0 0 0 0 0 0 0 0 0 0 0 0 0]
[1250123308736106375149800959929368893167431395023883140920323940224637781316246280069 0 0 0 0 1 0 0 0 0 0 0 0 0 0 0 0 0 0 0 0 0 0 0 0 0 0 0]
[1143034193978881439529342581522981535672144060556916037840098656147614479482563486110 0 0 0 0 0 1 0 0 0 0 0 0 0 0 0 0 0 0 0 0 0 0 0 0 0 0 0]
[69985814620107675830513960463135470548605670488193006016446244662963373708704346787 0 0 0 0 0 0 1 0 0 0 0 0 0 0 0 0 0 0 0 0 0 0 0 0 0 0 0]
[1337899582232948841949168859397802382822778918730705982675879040031391780734010032269 0 0 0 0 0 0 0 1 0 0 0 0 0 0 0 0 0 0 0 0 0 0 0 0 0 0 0]
[1458139332006017411822218417361894046641026506752004745595187990758060150617895714195 0 0 0 0 0 0 0 0 1 0 0 0 0 0 0 0 0 0 0 0 0 0 0 0 0 0 0]
[16156540826382249854211189085893149075303296620652129421337774837755042636291534488 0 0 0 0 0 0 0 0 0 1 0 0 0 0 0 0 0 0 0 0 0 0 0 0 0 0 0]
[1305664337426404049443827587895110631099909490462552710205165840159884585207957284311 0 0 0 0 0 0 0 0 0 0 1 0 0 0 0 0 0 0 0 0 0 0 0 0 0 0 0]
[1350721974123672092168061695986477944371974723303980114108306813375124052049406426603 0 0 0 0 0 0 0 0 0 0 0 1 0 0 0 0 0 0 0 0 0 0 0 0 0 0 0]
[1223605128294050972848351882961472016596342341254153503172912507903681420692635498215 0 0 0 0 0 0 0 0 0 0 0 0 1 0 0 0 0 0 0 0 0 0 0 0 0 0 0]
[930233165621388838060152987385307839011117389028278137495978795775545989213218518389 0 0 0 0 0 0 0 0 0 0 0 0 0 1 0 0 0 0 0 0 0 0 0 0 0 0 0]
[646415049945786292866846695179909343798630194772536967162278669112342614458997387403 0 0 0 0 0 0 0 0 0 0 0 0 0 0 1 0 0 0 0 0 0 0 0 0 0 0 0]
[1539141283456300176677373256905762980607238325204482653725594815996623339756187221154 0 0 0 0 0 0 0 0 0 0 0 0 0 0 0 1 0 0 0 0 0 0 0 0 0 0 0]
[779036420069720237302084308741764325342540416725990453993938492969221982428295811225 0 0 0 0 0 0 0 0 0 0 0 0 0 0 0 0 1 0 0 0 0 0 0 0 0 0 0]
[838407804219116402793060905086370873293221624536368754680438738538736315220432398031 0 0 0 0 0 0 0 0 0 0 0 0 0 0 0 0 0 1 0 0 0 0 0 0 0 0 0]
[84913908398652978295821442627783802595325388487799461117101650839253907063444108011 0 0 0 0 0 0 0 0 0 0 0 0 0 0 0 0 0 0 1 0 0 0 0 0 0 0 0]
[170643813750633518095878046032309743328116142073628653248563366840510335894402742125 0 0 0 0 0 0 0 0 0 0 0 0 0 0 0 0 0 0 0 1 0 0 0 0 0 0 0]
[720060379265225745446223242435697472795362380603631278135918039718030585594190964465 0 0 0 0 0 0 0 0 0 0 0 0 0 0 0 0 0 0 0 0 1 0 0 0 0 0 0]
[9218966109768354985812575313869922351850375958546277528590437134449771557063975610 0 0 0 0 0 0 0 0 0 0 0 0 0 0 0 0 0 0 0 0 0 1 0 0 0 0 0]
[275811500189954947157201468960077740455477989151161969752105598090924332830725829743 0 0 0 0 0 0 0 0 0 0 0 0 0 0 0 0 0 0 0 0 0 0 1 0 0 0 0]
[1307205017040196804151735321518336533145201780060503139485183944481294335845827041633 0 0 0 0 0 0 0 0 0 0 0 0 0 0 0 0 0 0 0 0 0 0 0 1 0 0 0]
[637624801202729336768188609474668529698799323120868890565214220410503175665674966926 0 0 0 0 0 0 0 0 0 0 0 0 0 0 0 0 0 0 0 0 0 0 0 0 1 0 0]
[658802212278535814350087357078896809686808615597689760603755628522813164482886857161 0 0 0 0 0 0 0 0 0 0 0 0 0 0 0 0 0 0 0 0 0 0 0 0 0 1 0]
[1497137581893313707149696916829014446667823452781457628590105301760620124803404657648 0 0 0 0 0 0 0 0 0 0 0 0 0 0 0 0 0 0 0 0 0 0 0 0 0 0 1]
]
