[[1403858730930486267784276550239723103407257677875528761781721699080577400685243964237 0 0 0 0 0 0 0 0 0 0 0 0 0 0 0 0 0 0 0 0 0 0 0 0 0 0 0]
[731129195615743555602676714707566827258179885291643407310378489016986350504664029596 1 0 0 0 0 0 0 0 0 0 0 0 0 0 0 0 0 0 0 0 0 0 0 0 0 0 0]
[975920038210743797210867812394598030387199580096732032668300700710012803963496099279 0 1 0 0 0 0 0 0 0 0 0 0 0 0 0 0 0 0 0 0 0 0 0 0 0 0 0]
[740228940324213889200370425497849469728931785640938481081030393457409825464855087106 0 0 1 0 0 0 0 0 0 0 0 0 0 0 0 0 0 0 0 0 0 0 0 0 0 0 0]
[602543608643297615196886941786113657267205680731381321150274634384668001602173457165 0 0 0 1 0 0 0 0 0 0 0 0 0 0 0 0 0 0 0 0 0 0 0 0 0 0 0]
[861878300303368236958357069427374645930971751819766047522165089774052893631858010843 0 0 0 0 1 0 0 0 0 0 0 0 0 0 0 0 0 0 0 0 0 0 0 0 0 0 0]
[934260627209545971233074355736751072299803717503234335475166157799213288046452213181 0 0 0 0 0 1 0 0 0 0 0 0 0 0 0 0 0 0 0 0 0 0 0 0 0 0 0]
[928911153514021074819727252590829647102963343435410050287500220542624359936748404773 0 0 0 0 0 0 1 0 0 0 0 0 0 0 0 0 0 0 0 0 0 0 0 0 0 0 0]
[949750365338940611495258821789265896323238558430535743382639001627643684090139237364 0 0 0 0 0 0 0 1 0 0 0 0 0 0 0 0 0 0 0 0 0 0 0 0 0 0 0]
[463669582830290194670728448429594166398440815970183009502114899130199936117419950900 0 0 0 0 0 0 0 0 1 0 0 0 0 0 0 0 0 0 0 0 0 0 0 0 0 0 0]
[1229779907448493744065632463822211848671290047097258557504136111818824832523500783476 0 0 0 0 0 0 0 0 0 1 0 0 0 0 0 0 0 0 0 0 0 0 0 0 0 0 0]
[132299208588081592673880319713808248831839983427129953314597794753683147273919075970 0 0 0 0 0 0 0 0 0 0 1 0 0 0 0 0 0 0 0 0 0 0 0 0 0 0 0]
[67487556375221551825984370452488411753030370743415772209919036986437317515618641959 0 0 0 0 0 0 0 0 0 0 0 1 0 0 0 0 0 0 0 0 0 0 0 0 0 0 0]
[985390137988265238129193249165990408557786403877739853349570042186260029698678907016 0 0 0 0 0 0 0 0 0 0 0 0 1 0 0 0 0 0 0 0 0 0 0 0 0 0 0]
[42862307113873143966250448611822763389910924974334664140412991297753690145522921095 0 0 0 0 0 0 0 0 0 0 0 0 0 1 0 0 0 0 0 0 0 0 0 0 0 0 0]
[939637914370696136240448858380912814031146896591554074266289061263173394270983092736 0 0 0 0 0 0 0 0 0 0 0 0 0 0 1 0 0 0 0 0 0 0 0 0 0 0 0]
[413280846679949609765880964270782422852875576834263571344056783855755630732451103896 0 0 0 0 0 0 0 0 0 0 0 0 0 0 0 1 0 0 0 0 0 0 0 0 0 0 0]
[561984957964280342088206761183187306667126542351648414931236907683251778677768721629 0 0 0 0 0 0 0 0 0 0 0 0 0 0 0 0 1 0 0 0 0 0 0 0 0 0 0]
[703848903236366695069114691478883642413200595341421492684101220634856830278700605517 0 0 0 0 0 0 0 0 0 0 0 0 0 0 0 0 0 1 0 0 0 0 0 0 0 0 0]
[1269469304239579550992004560827931215753345520083325896760411444688473956489810540017 0 0 0 0 0 0 0 0 0 0 0 0 0 0 0 0 0 0 1 0 0 0 0 0 0 0 0]
[163756916160021086000533859099094005406272994278479619760786938716693148513170717250 0 0 0 0 0 0 0 0 0 0 0 0 0 0 0 0 0 0 0 1 0 0 0 0 0 0 0]
[577889065585843480579605122448540268367999439591482490248645132062049922805799668706 0 0 0 0 0 0 0 0 0 0 0 0 0 0 0 0 0 0 0 0 1 0 0 0 0 0 0]
[65808952863113121159044910752632219212284429133207119071086316376436245191724209664 0 0 0 0 0 0 0 0 0 0 0 0 0 0 0 0 0 0 0 0 0 1 0 0 0 0 0]
[347688350210654580340581338562268181217416811807614244883476048057088457787296436906 0 0 0 0 0 0 0 0 0 0 0 0 0 0 0 0 0 0 0 0 0 0 1 0 0 0 0]
[465125217475809847197760568591088042952884611820370262122492810729365433930777824165 0 0 0 0 0 0 0 0 0 0 0 0 0 0 0 0 0 0 0 0 0 0 0 1 0 0 0]
[940133104396337857097509053837151513473482006824135542411588825574913360473354827348 0 0 0 0 0 0 0 0 0 0 0 0 0 0 0 0 0 0 0 0 0 0 0 0 1 0 0]
[405752828074079566081806506811100596921568017287502102790865523439865041337308749058 0 0 0 0 0 0 0 0 0 0 0 0 0 0 0 0 0 0 0 0 0 0 0 0 0 1 0]
[1293626809188302141041855779844181256984577237291364597279496166863895578046918302189 0 0 0 0 0 0 0 0 0 0 0 0 0 0 0 0 0 0 0 0 0 0 0 0 0 0 1]
]
