[[983872521182983284516059483712227511453034727044836121191862532064002746687573420861 0 0 0 0 0 0 0 0 0 0 0 0 0 0 0 0 0 0 0 0 0 0 0 0 0 0 0]
[139107562469457818444487398434961226779208166302361640049144000281560508636051696054 1 0 0 0 0 0 0 0 0 0 0 0 0 0 0 0 0 0 0 0 0 0 0 0 0 0 0]
[35397078953079265884659569304629428227840383712823142189046714759623915522586020817 0 1 0 0 0 0 0 0 0 0 0 0 0 0 0 0 0 0 0 0 0 0 0 0 0 0 0]
[944043501554513264242211618589287157071695768621399412569049288243262803839439274296 0 0 1 0 0 0 0 0 0 0 0 0 0 0 0 0 0 0 0 0 0 0 0 0 0 0 0]
[853506423878301316091096902900027655874717072916864268443653629629940601354601184843 0 0 0 1 0 0 0 0 0 0 0 0 0 0 0 0 0 0 0 0 0 0 0 0 0 0 0]
[477439901675774156730820785225864178504309098462682187407763773684013649535028572788 0 0 0 0 1 0 0 0 0 0 0 0 0 0 0 0 0 0 0 0 0 0 0 0 0 0 0]
[606966335944153965638065491022758870785958091345350658698287634678047724248381564835 0 0 0 0 0 1 0 0 0 0 0 0 0 0 0 0 0 0 0 0 0 0 0 0 0 0 0]
[317641664765141218889549353581309219738739551471442576282347932569453195216535506870 0 0 0 0 0 0 1 0 0 0 0 0 0 0 0 0 0 0 0 0 0 0 0 0 0 0 0]
[491814137914310107135552683760169640080496192308992968153635476180094690986542664373 0 0 0 0 0 0 0 1 0 0 0 0 0 0 0 0 0 0 0 0 0 0 0 0 0 0 0]
[562270894956207643667817255651080739866722196560996327184449757453101835326902869874 0 0 0 0 0 0 0 0 1 0 0 0 0 0 0 0 0 0 0 0 0 0 0 0 0 0 0]
[9980405753958025314144152983277143430722912252926954665908497495985376926854458339 0 0 0 0 0 0 0 0 0 1 0 0 0 0 0 0 0 0 0 0 0 0 0 0 0 0 0]
[582661668065409875510573936047980310385184529868152253658683809162990632047388000332 0 0 0 0 0 0 0 0 0 0 1 0 0 0 0 0 0 0 0 0 0 0 0 0 0 0 0]
[375938742268681355753018781972218169871569073097949477536947991680222168986993200275 0 0 0 0 0 0 0 0 0 0 0 1 0 0 0 0 0 0 0 0 0 0 0 0 0 0 0]
[971488939385947781975874684644234573554776832413245938787966354835093527516303177635 0 0 0 0 0 0 0 0 0 0 0 0 1 0 0 0 0 0 0 0 0 0 0 0 0 0 0]
[183998953866258547710887510875680099997329018684038181195666679472995113366118905854 0 0 0 0 0 0 0 0 0 0 0 0 0 1 0 0 0 0 0 0 0 0 0 0 0 0 0]
[978491264141835384130135991341718524284347518257301034382970761083648244961585201358 0 0 0 0 0 0 0 0 0 0 0 0 0 0 1 0 0 0 0 0 0 0 0 0 0 0 0]
[763069122375833295396098206205244366746425998024455225240979280054833631221452504503 0 0 0 0 0 0 0 0 0 0 0 0 0 0 0 1 0 0 0 0 0 0 0 0 0 0 0]
[731167124011669483523407818465532353419046528530591468903190511700384393260899621587 0 0 0 0 0 0 0 0 0 0 0 0 0 0 0 0 1 0 0 0 0 0 0 0 0 0 0]
[656675657568013174669670435078480998474851198515774382099821398034631141067090684596 0 0 0 0 0 0 0 0 0 0 0 0 0 0 0 0 0 1 0 0 0 0 0 0 0 0 0]
[771348295948134785894035564543821681543268430149261390194040698184473627417506497923 0 0 0 0 0 0 0 0 0 0 0 0 0 0 0 0 0 0 1 0 0 0 0 0 0 0 0]
[435380912649419513580888758989533994213573995824974725564996925215179502452295413236 0 0 0 0 0 0 0 0 0 0 0 0 0 0 0 0 0 0 0 1 0 0 0 0 0 0 0]
[754932800899592854938265918014066732284167703858234456127200064090639840652305787762 0 0 0 0 0 0 0 0 0 0 0 0 0 0 0 0 0 0 0 0 1 0 0 0 0 0 0]
[549200458062309246221876746009801569401804821392319326142099513514319277826700050046 0 0 0 0 0 0 0 0 0 0 0 0 0 0 0 0 0 0 0 0 0 1 0 0 0 0 0]
[362308643946743746199617836617099577198306817502337104515563030821308345974200572027 0 0 0 0 0 0 0 0 0 0 0 0 0 0 0 0 0 0 0 0 0 0 1 0 0 0 0]
[279262645838518949254171461490364822136206744024008634166979478469310159449171873463 0 0 0 0 0 0 0 0 0 0 0 0 0 0 0 0 0 0 0 0 0 0 0 1 0 0 0]
[635415943408666719043227310071129924009634387184080700060478159789561122530135482676 0 0 0 0 0 0 0 0 0 0 0 0 0 0 0 0 0 0 0 0 0 0 0 0 1 0 0]
[10914708342071282486176980747435675269130542453025866152221940869292389184291692547 0 0 0 0 0 0 0 0 0 0 0 0 0 0 0 0 0 0 0 0 0 0 0 0 0 1 0]
[1734212437597468317316293174702794167320199351378137772793333585317444137886934857 0 0 0 0 0 0 0 0 0 0 0 0 0 0 0 0 0 0 0 0 0 0 0 0 0 0 1]
]
