[[1533087834102184299589068454303048792514887691352657637882405869565887408378637962667 0 0 0 0 0 0 0 0 0 0 0 0 0 0 0 0 0 0 0 0 0 0 0 0 0 0 0]
[158062069492543214131219837364597294187985805856584560129986373659922492854648416168 1 0 0 0 0 0 0 0 0 0 0 0 0 0 0 0 0 0 0 0 0 0 0 0 0 0 0]
[370191161234798900827868078729961833924085266249423202699313644159398462415947593658 0 1 0 0 0 0 0 0 0 0 0 0 0 0 0 0 0 0 0 0 0 0 0 0 0 0 0]
[493187245518276829590763739585252686964562400853209497938273769323731128449376752137 0 0 1 0 0 0 0 0 0 0 0 0 0 0 0 0 0 0 0 0 0 0 0 0 0 0 0]
[706185767833940504902424416952794248250468541029736261310162578748027898794860666873 0 0 0 1 0 0 0 0 0 0 0 0 0 0 0 0 0 0 0 0 0 0 0 0 0 0 0]
[1475047445879230882187451989366011092297257172710558520470765964980895524416355022821 0 0 0 0 1 0 0 0 0 0 0 0 0 0 0 0 0 0 0 0 0 0 0 0 0 0 0]
[622980155033967052726748415371393044191957404308813048496645030880798232198122469556 0 0 0 0 0 1 0 0 0 0 0 0 0 0 0 0 0 0 0 0 0 0 0 0 0 0 0]
[1233716170534804091056345396580638840299696054330249590766477382301715322774793357134 0 0 0 0 0 0 1 0 0 0 0 0 0 0 0 0 0 0 0 0 0 0 0 0 0 0 0]
[844306885174784168365127716004325225293552331264970571553495711908855265081629391262 0 0 0 0 0 0 0 1 0 0 0 0 0 0 0 0 0 0 0 0 0 0 0 0 0 0 0]
[653677192967446124732370989085712383934161250476249255547712224092272615141148900375 0 0 0 0 0 0 0 0 1 0 0 0 0 0 0 0 0 0 0 0 0 0 0 0 0 0 0]
[988942372389091461646373761916843775109217724068079678829208807529710074495668768092 0 0 0 0 0 0 0 0 0 1 0 0 0 0 0 0 0 0 0 0 0 0 0 0 0 0 0]
[905436525001654681007959398489309678587080136319261582003556849989134433907607341224 0 0 0 0 0 0 0 0 0 0 1 0 0 0 0 0 0 0 0 0 0 0 0 0 0 0 0]
[1514599423648970599106043680114088129578064427163881997802528924472705234213957817666 0 0 0 0 0 0 0 0 0 0 0 1 0 0 0 0 0 0 0 0 0 0 0 0 0 0 0]
[423353234810466312576606566253716987120227600177518082727210236810618087485843017963 0 0 0 0 0 0 0 0 0 0 0 0 1 0 0 0 0 0 0 0 0 0 0 0 0 0 0]
[1199396597961519958673787268285706938453082876589576452806198356854149260962654491373 0 0 0 0 0 0 0 0 0 0 0 0 0 1 0 0 0 0 0 0 0 0 0 0 0 0 0]
[655111749842039537815243644738026086632583080559750996834512046313743055788666028647 0 0 0 0 0 0 0 0 0 0 0 0 0 0 1 0 0 0 0 0 0 0 0 0 0 0 0]
[232309839152404734320393749061475904164241672881896237382031246914023289441092312274 0 0 0 0 0 0 0 0 0 0 0 0 0 0 0 1 0 0 0 0 0 0 0 0 0 0 0]
[1257016120284112384975764911203502402262987843159820648124209601956283581747131937382 0 0 0 0 0 0 0 0 0 0 0 0 0 0 0 0 1 0 0 0 0 0 0 0 0 0 0]
[449083102034130259225452421724841327857473830713447583871710783140965262363337329042 0 0 0 0 0 0 0 0 0 0 0 0 0 0 0 0 0 1 0 0 0 0 0 0 0 0 0]
[733686478976094098210775297633654818164193788120611115351020897777717557888829414874 0 0 0 0 0 0 0 0 0 0 0 0 0 0 0 0 0 0 1 0 0 0 0 0 0 0 0]
[1047095619936347891201604672835450238219974054387511350537424013292808595734968177298 0 0 0 0 0 0 0 0 0 0 0 0 0 0 0 0 0 0 0 1 0 0 0 0 0 0 0]
[321127367390209317231617324846034490533684689666745062479411560165682799015626311546 0 0 0 0 0 0 0 0 0 0 0 0 0 0 0 0 0 0 0 0 1 0 0 0 0 0 0]
[610698761715929413043221679698271316427478021751246252254568842083740795898853323647 0 0 0 0 0 0 0 0 0 0 0 0 0 0 0 0 0 0 0 0 0 1 0 0 0 0 0]
[635646322164655895103040379104397003322678387757707877796555072989753830769570552858 0 0 0 0 0 0 0 0 0 0 0 0 0 0 0 0 0 0 0 0 0 0 1 0 0 0 0]
[915550860168658095434489107735595550035598354040669888077926843688250281211185888029 0 0 0 0 0 0 0 0 0 0 0 0 0 0 0 0 0 0 0 0 0 0 0 1 0 0 0]
[278818173876028359853458766964540489380167514104141994743749738432874133781131853578 0 0 0 0 0 0 0 0 0 0 0 0 0 0 0 0 0 0 0 0 0 0 0 0 1 0 0]
[971752376703130885608891195333938901358658476866965343442670147019659551648542851396 0 0 0 0 0 0 0 0 0 0 0 0 0 0 0 0 0 0 0 0 0 0 0 0 0 1 0]
[1425531962960528989143800529591648239197201502615045558092622192701878337830848520594 0 0 0 0 0 0 0 0 0 0 0 0 0 0 0 0 0 0 0 0 0 0 0 0 0 0 1]
]
