[[1227375352050000833648772740279263509376824469783483149782920257987386718587561870287 0 0 0 0 0 0 0 0 0 0 0 0 0 0 0 0 0 0 0 0 0 0 0 0 0 0 0]
[276960400136520093121692839813791991722866634805839758196114973167410917376517681544 1 0 0 0 0 0 0 0 0 0 0 0 0 0 0 0 0 0 0 0 0 0 0 0 0 0 0]
[181046227667759348372287334189646750091497335312564379342258827700882999299137838382 0 1 0 0 0 0 0 0 0 0 0 0 0 0 0 0 0 0 0 0 0 0 0 0 0 0 0]
[405093417774853598483422896278002620317517375621781712503732340299675913086940618031 0 0 1 0 0 0 0 0 0 0 0 0 0 0 0 0 0 0 0 0 0 0 0 0 0 0 0]
[1205207392801555837877232732786319706790697633735957799868535411115180871037498226388 0 0 0 1 0 0 0 0 0 0 0 0 0 0 0 0 0 0 0 0 0 0 0 0 0 0 0]
[851012502852744004983798168738545482042009664483568191961540361419728269235334404124 0 0 0 0 1 0 0 0 0 0 0 0 0 0 0 0 0 0 0 0 0 0 0 0 0 0 0]
[415162733630260549245077162380899431079780559122424857022477016625218886720870063049 0 0 0 0 0 1 0 0 0 0 0 0 0 0 0 0 0 0 0 0 0 0 0 0 0 0 0]
[1201030479090739740295505222968768499482283411474224241950021136484841979827987540927 0 0 0 0 0 0 1 0 0 0 0 0 0 0 0 0 0 0 0 0 0 0 0 0 0 0 0]
[886365418632691786941448243506242707656630976304507733983669103560772003404556771067 0 0 0 0 0 0 0 1 0 0 0 0 0 0 0 0 0 0 0 0 0 0 0 0 0 0 0]
[755496486537688991156891181166277222007447767900281809118850122111949122540424149559 0 0 0 0 0 0 0 0 1 0 0 0 0 0 0 0 0 0 0 0 0 0 0 0 0 0 0]
[566803039872729215163873908019887270788333121662433219375199523168192682133934333719 0 0 0 0 0 0 0 0 0 1 0 0 0 0 0 0 0 0 0 0 0 0 0 0 0 0 0]
[828465845107937815299897379409426389837184926770241274918388114082627947488726012726 0 0 0 0 0 0 0 0 0 0 1 0 0 0 0 0 0 0 0 0 0 0 0 0 0 0 0]
[863686808166287918362783747203123141820161071226806454876658694839087437823308534195 0 0 0 0 0 0 0 0 0 0 0 1 0 0 0 0 0 0 0 0 0 0 0 0 0 0 0]
[825746210127579274276261457634267543740292380878884117828076184874264028135371971116 0 0 0 0 0 0 0 0 0 0 0 0 1 0 0 0 0 0 0 0 0 0 0 0 0 0 0]
[1191011020113143636876968784025442534321724177869808128638724897358142316731018770623 0 0 0 0 0 0 0 0 0 0 0 0 0 1 0 0 0 0 0 0 0 0 0 0 0 0 0]
[1141749349734816905016963576983946724587796544365248806460749504792115312242931657456 0 0 0 0 0 0 0 0 0 0 0 0 0 0 1 0 0 0 0 0 0 0 0 0 0 0 0]
[15537229341580627751254421841719766794033718699540506730651257056482793926432727747 0 0 0 0 0 0 0 0 0 0 0 0 0 0 0 1 0 0 0 0 0 0 0 0 0 0 0]
[814366274628757772865696607652339783392340190623727283732203118891874182568103424645 0 0 0 0 0 0 0 0 0 0 0 0 0 0 0 0 1 0 0 0 0 0 0 0 0 0 0]
[1172584985846429837962094857728627468975890367521379309136508556909144373088084013710 0 0 0 0 0 0 0 0 0 0 0 0 0 0 0 0 0 1 0 0 0 0 0 0 0 0 0]
[474358390878284794735541702785934792235330705254552408312538132435910945203263030512 0 0 0 0 0 0 0 0 0 0 0 0 0 0 0 0 0 0 1 0 0 0 0 0 0 0 0]
[216584923641273806634502156452348851691653076861348340616086882059814987928432821976 0 0 0 0 0 0 0 0 0 0 0 0 0 0 0 0 0 0 0 1 0 0 0 0 0 0 0]
[345621990870492212137314987007857634942631716238087160777062100546629070847517384481 0 0 0 0 0 0 0 0 0 0 0 0 0 0 0 0 0 0 0 0 1 0 0 0 0 0 0]
[791895063753673341532544736300988766210184362281545965826972650975732629939629103009 0 0 0 0 0 0 0 0 0 0 0 0 0 0 0 0 0 0 0 0 0 1 0 0 0 0 0]
[253719480635910438368616913764241615722894746557214672022562713369871750232923974479 0 0 0 0 0 0 0 0 0 0 0 0 0 0 0 0 0 0 0 0 0 0 1 0 0 0 0]
[1199627147251050177048398681565311828420281277048512595675636545137528148172568388194 0 0 0 0 0 0 0 0 0 0 0 0 0 0 0 0 0 0 0 0 0 0 0 1 0 0 0]
[897889765572095682623572443047213478662909171936706191072595577371698996640225646011 0 0 0 0 0 0 0 0 0 0 0 0 0 0 0 0 0 0 0 0 0 0 0 0 1 0 0]
[64336390493252261473655857769452868696265306570899021908348877019181742958761454889 0 0 0 0 0 0 0 0 0 0 0 0 0 0 0 0 0 0 0 0 0 0 0 0 0 1 0]
[798442500641950693147492568890017299523709676435298532585558187722583367377408742272 0 0 0 0 0 0 0 0 0 0 0 0 0 0 0 0 0 0 0 0 0 0 0 0 0 0 1]
]
