[[1188362311455116488657537098397491004713855079818804355852408616113038638159174488133 0 0 0 0 0 0 0 0 0 0 0 0 0 0 0 0 0 0 0 0 0 0 0 0 0 0 0]
[108083383821973604555730013100144809863993983105172946652027257516468248782855630134 1 0 0 0 0 0 0 0 0 0 0 0 0 0 0 0 0 0 0 0 0 0 0 0 0 0 0]
[37198198996766210614828756732682479815886317005286696271063607661505707210061841094 0 1 0 0 0 0 0 0 0 0 0 0 0 0 0 0 0 0 0 0 0 0 0 0 0 0 0]
[1043819811637771532124734016774729876012099683614074642254410939062116002859154356690 0 0 1 0 0 0 0 0 0 0 0 0 0 0 0 0 0 0 0 0 0 0 0 0 0 0 0]
[558853537230770333220122534068110633379412466026063495793763509931119465845786840270 0 0 0 1 0 0 0 0 0 0 0 0 0 0 0 0 0 0 0 0 0 0 0 0 0 0 0]
[472526696875331269830272530749426848059977170570129546538226139335711601038781536873 0 0 0 0 1 0 0 0 0 0 0 0 0 0 0 0 0 0 0 0 0 0 0 0 0 0 0]
[336037971665631881178648858397961983305444201610971765811450529975498027274600172771 0 0 0 0 0 1 0 0 0 0 0 0 0 0 0 0 0 0 0 0 0 0 0 0 0 0 0]
[9970511999323240432248612858134126367053238702903043121061726827087832053443295070 0 0 0 0 0 0 1 0 0 0 0 0 0 0 0 0 0 0 0 0 0 0 0 0 0 0 0]
[1032869718201064302812972973092194166741099772549454666518222720377085140501877224332 0 0 0 0 0 0 0 1 0 0 0 0 0 0 0 0 0 0 0 0 0 0 0 0 0 0 0]
[1182319829302372442803925126981702814853709700746556702587051051152439538546499229800 0 0 0 0 0 0 0 0 1 0 0 0 0 0 0 0 0 0 0 0 0 0 0 0 0 0 0]
[514252203684266187487699106068618677824989525034707760620005730356788873036538269225 0 0 0 0 0 0 0 0 0 1 0 0 0 0 0 0 0 0 0 0 0 0 0 0 0 0 0]
[173282816690785493030443870717099112711784366632180208376785034410410892952166607630 0 0 0 0 0 0 0 0 0 0 1 0 0 0 0 0 0 0 0 0 0 0 0 0 0 0 0]
[858605925772628292304041794232179105789181198465393704087570825842751528125813292221 0 0 0 0 0 0 0 0 0 0 0 1 0 0 0 0 0 0 0 0 0 0 0 0 0 0 0]
[977634077061277186150390861766572575986417810015698402624229305498959774071871151606 0 0 0 0 0 0 0 0 0 0 0 0 1 0 0 0 0 0 0 0 0 0 0 0 0 0 0]
[497139434008547047728233400462080485877382510050279305887211487261668785701907216777 0 0 0 0 0 0 0 0 0 0 0 0 0 1 0 0 0 0 0 0 0 0 0 0 0 0 0]
[920749333551165891352059045657413529233935440623003824918423807589618986956065629234 0 0 0 0 0 0 0 0 0 0 0 0 0 0 1 0 0 0 0 0 0 0 0 0 0 0 0]
[158041777813610987158970775590443821009528026320209656685584022405021486452231678770 0 0 0 0 0 0 0 0 0 0 0 0 0 0 0 1 0 0 0 0 0 0 0 0 0 0 0]
[431442281209708310431497717860596482841420565636022292392546832927398065850022860499 0 0 0 0 0 0 0 0 0 0 0 0 0 0 0 0 1 0 0 0 0 0 0 0 0 0 0]
[133553752816238213213001572326272775885804911629147618111395176545793612946926443248 0 0 0 0 0 0 0 0 0 0 0 0 0 0 0 0 0 1 0 0 0 0 0 0 0 0 0]
[126940170459195391938505671999329889634291596439426492722753305595829205165644383543 0 0 0 0 0 0 0 0 0 0 0 0 0 0 0 0 0 0 1 0 0 0 0 0 0 0 0]
[702680131013547342425576309968652072863115573665994045578914144799521503032400946372 0 0 0 0 0 0 0 0 0 0 0 0 0 0 0 0 0 0 0 1 0 0 0 0 0 0 0]
[203869243243086355334315097785662131013750694881651066910617364312218454483980914936 0 0 0 0 0 0 0 0 0 0 0 0 0 0 0 0 0 0 0 0 1 0 0 0 0 0 0]
[59922258737918475536446941988892431921488361774072355991645873219587672316674432504 0 0 0 0 0 0 0 0 0 0 0 0 0 0 0 0 0 0 0 0 0 1 0 0 0 0 0]
[1030782629303713333663450606686079937989817861377948654886508133693544252915752317329 0 0 0 0 0 0 0 0 0 0 0 0 0 0 0 0 0 0 0 0 0 0 1 0 0 0 0]
[353463977718379651936830179639529491188613598452239905244755077972168941820260272235 0 0 0 0 0 0 0 0 0 0 0 0 0 0 0 0 0 0 0 0 0 0 0 1 0 0 0]
[1104068840121339978958621147133395277736423766484179766479855341981312549598850487368 0 0 0 0 0 0 0 0 0 0 0 0 0 0 0 0 0 0 0 0 0 0 0 0 1 0 0]
[95637943427087543271963239727405996056930162863476691428838615326559985449510631879 0 0 0 0 0 0 0 0 0 0 0 0 0 0 0 0 0 0 0 0 0 0 0 0 0 1 0]
[35296379208369416046999240021377763363769618513510258282311000201643864621240069609 0 0 0 0 0 0 0 0 0 0 0 0 0 0 0 0 0 0 0 0 0 0 0 0 0 0 1]
]
