[[1844752037753549460061853173261370200381024624334688398295997900088695859837419181969 0 0 0 0 0 0 0 0 0 0 0 0 0 0 0 0 0 0 0 0 0 0 0 0 0 0 0]
[324876434696559388481998237224034297333325259831199458358582776591689937387614741556 1 0 0 0 0 0 0 0 0 0 0 0 0 0 0 0 0 0 0 0 0 0 0 0 0 0 0]
[102253822035355386865879461998438263416651189537911838399098060312990340120876952476 0 1 0 0 0 0 0 0 0 0 0 0 0 0 0 0 0 0 0 0 0 0 0 0 0 0 0]
[1823956500541006037555112614348182801546560988573661014565267002727388170969624456013 0 0 1 0 0 0 0 0 0 0 0 0 0 0 0 0 0 0 0 0 0 0 0 0 0 0 0]
[437022436690604069485825995202003436324774571969714909329954216892253877933548264153 0 0 0 1 0 0 0 0 0 0 0 0 0 0 0 0 0 0 0 0 0 0 0 0 0 0 0]
[1068239947819581443157551655964891323750824821243145808841231953096574997891590263047 0 0 0 0 1 0 0 0 0 0 0 0 0 0 0 0 0 0 0 0 0 0 0 0 0 0 0]
[123963351983589056530413529785309650407859732840123511677758616438839249684885202244 0 0 0 0 0 1 0 0 0 0 0 0 0 0 0 0 0 0 0 0 0 0 0 0 0 0 0]
[655894514426053254327257741324623187901365487931027550912103152497936946246369099475 0 0 0 0 0 0 1 0 0 0 0 0 0 0 0 0 0 0 0 0 0 0 0 0 0 0 0]
[442710810073656658911499305175426872571568674569361672884963838414925650754290624086 0 0 0 0 0 0 0 1 0 0 0 0 0 0 0 0 0 0 0 0 0 0 0 0 0 0 0]
[874696163322502854952911434745550601887108121124957135207847737054478963005356043660 0 0 0 0 0 0 0 0 1 0 0 0 0 0 0 0 0 0 0 0 0 0 0 0 0 0 0]
[769326099683676615089481339299247784531415430078611414653048020067182332753086477535 0 0 0 0 0 0 0 0 0 1 0 0 0 0 0 0 0 0 0 0 0 0 0 0 0 0 0]
[143093149426889093626019428919322509789047059446393447022919963218291735236683727911 0 0 0 0 0 0 0 0 0 0 1 0 0 0 0 0 0 0 0 0 0 0 0 0 0 0 0]
[162385413210909779071164924013594488192433169445765059529619215697890309066520983287 0 0 0 0 0 0 0 0 0 0 0 1 0 0 0 0 0 0 0 0 0 0 0 0 0 0 0]
[1357499552786037574945057179367651106360620300483120264264699323642468599450290393775 0 0 0 0 0 0 0 0 0 0 0 0 1 0 0 0 0 0 0 0 0 0 0 0 0 0 0]
[299513283576505535557076325632677826815632611482783597501980962684064193299638032776 0 0 0 0 0 0 0 0 0 0 0 0 0 1 0 0 0 0 0 0 0 0 0 0 0 0 0]
[1396965602530602033149116599291697189182540963790972552135390088265133678542256118321 0 0 0 0 0 0 0 0 0 0 0 0 0 0 1 0 0 0 0 0 0 0 0 0 0 0 0]
[1264249989261874963756407939996997192171739076556023103438022140235513684321643989981 0 0 0 0 0 0 0 0 0 0 0 0 0 0 0 1 0 0 0 0 0 0 0 0 0 0 0]
[1584376286524801430753487990508805071157317749787765989101882559080713400222801695848 0 0 0 0 0 0 0 0 0 0 0 0 0 0 0 0 1 0 0 0 0 0 0 0 0 0 0]
[1568338441009959333280232698682378122517770431980572833411382143680639698433772557896 0 0 0 0 0 0 0 0 0 0 0 0 0 0 0 0 0 1 0 0 0 0 0 0 0 0 0]
[1608441673171836346237193526069709284992614411432186523716561463605620323089641159474 0 0 0 0 0 0 0 0 0 0 0 0 0 0 0 0 0 0 1 0 0 0 0 0 0 0 0]
[573384171468864554593621885626312755254167049640543366763691723364430197319248463232 0 0 0 0 0 0 0 0 0 0 0 0 0 0 0 0 0 0 0 1 0 0 0 0 0 0 0]
[611479284508442145233659707717409134585189692995620821953864545556076251556146752422 0 0 0 0 0 0 0 0 0 0 0 0 0 0 0 0 0 0 0 0 1 0 0 0 0 0 0]
[277542401626448582437536634767548807802997048140766977079297165995279205837702046106 0 0 0 0 0 0 0 0 0 0 0 0 0 0 0 0 0 0 0 0 0 1 0 0 0 0 0]
[1486721650028366225786651210817302929446998036732135213539235577300636548381440975892 0 0 0 0 0 0 0 0 0 0 0 0 0 0 0 0 0 0 0 0 0 0 1 0 0 0 0]
[1401026977551042466252640083600133350608062030727622168965616673196378059725515720332 0 0 0 0 0 0 0 0 0 0 0 0 0 0 0 0 0 0 0 0 0 0 0 1 0 0 0]
[442615998816219605912787065362686383510372409444690557754301374782655815639802527198 0 0 0 0 0 0 0 0 0 0 0 0 0 0 0 0 0 0 0 0 0 0 0 0 1 0 0]
[1711096848512116684733584173884095383035830200852943928830383080520910101684086891643 0 0 0 0 0 0 0 0 0 0 0 0 0 0 0 0 0 0 0 0 0 0 0 0 0 1 0]
[634227024263012616959618076924349647280021536897237487824263077729525761479722918836 0 0 0 0 0 0 0 0 0 0 0 0 0 0 0 0 0 0 0 0 0 0 0 0 0 0 1]
]
