[[1625941977447845203612924351139219540628909679682451055135692304976469608007990150407 0 0 0 0 0 0 0 0 0 0 0 0 0 0 0 0 0 0 0 0 0 0 0 0 0 0 0]
[783934507657369552289425404741094724002568686526880626610605503633419375119768561300 1 0 0 0 0 0 0 0 0 0 0 0 0 0 0 0 0 0 0 0 0 0 0 0 0 0 0]
[1428837376751165525447488788383361136254643649389099536999062420689216554505189964824 0 1 0 0 0 0 0 0 0 0 0 0 0 0 0 0 0 0 0 0 0 0 0 0 0 0 0]
[486998945978125175133510931952752299073581246611958393536437763481186454763122727884 0 0 1 0 0 0 0 0 0 0 0 0 0 0 0 0 0 0 0 0 0 0 0 0 0 0 0]
[1537007148032775071377287162827573135396445172188559806417670655705375007676715197805 0 0 0 1 0 0 0 0 0 0 0 0 0 0 0 0 0 0 0 0 0 0 0 0 0 0 0]
[1432755899010988048332246809606337473462657177319728964880438559884357103262644069217 0 0 0 0 1 0 0 0 0 0 0 0 0 0 0 0 0 0 0 0 0 0 0 0 0 0 0]
[1422074888889745341667529478910774469704062160009357884765726888425309455342999738479 0 0 0 0 0 1 0 0 0 0 0 0 0 0 0 0 0 0 0 0 0 0 0 0 0 0 0]
[672552037340196640399613154923611034517597428206641902591991278000973728366268186706 0 0 0 0 0 0 1 0 0 0 0 0 0 0 0 0 0 0 0 0 0 0 0 0 0 0 0]
[1465462758081423243321488544153595616119306565666328271667866348310528849170777879501 0 0 0 0 0 0 0 1 0 0 0 0 0 0 0 0 0 0 0 0 0 0 0 0 0 0 0]
[842553424338065085278131394958479102819169577341509797124690653515415880791163942001 0 0 0 0 0 0 0 0 1 0 0 0 0 0 0 0 0 0 0 0 0 0 0 0 0 0 0]
[1126150450174494909906980029321794291901936175817330839729794962397466031731334946114 0 0 0 0 0 0 0 0 0 1 0 0 0 0 0 0 0 0 0 0 0 0 0 0 0 0 0]
[1431283485915918358652635513832616518556517576693659347808921322410369082250895424385 0 0 0 0 0 0 0 0 0 0 1 0 0 0 0 0 0 0 0 0 0 0 0 0 0 0 0]
[1521977857419659657855196737620552049142773721175058957543639850807832389890394291323 0 0 0 0 0 0 0 0 0 0 0 1 0 0 0 0 0 0 0 0 0 0 0 0 0 0 0]
[1589128436457020041578904646223317528661320072878919970371098495139143672402493887795 0 0 0 0 0 0 0 0 0 0 0 0 1 0 0 0 0 0 0 0 0 0 0 0 0 0 0]
[1612046865487333287733701964640789898092947670366435961559868459233309810774177732125 0 0 0 0 0 0 0 0 0 0 0 0 0 1 0 0 0 0 0 0 0 0 0 0 0 0 0]
[937529772994962615939030536342860079182225104477622540177531830629438559062292089111 0 0 0 0 0 0 0 0 0 0 0 0 0 0 1 0 0 0 0 0 0 0 0 0 0 0 0]
[783471835065987925206342438133787710266324157646444117280348353191045729740970793037 0 0 0 0 0 0 0 0 0 0 0 0 0 0 0 1 0 0 0 0 0 0 0 0 0 0 0]
[459436857618872945919761289817957287341392212058027205036290030844771454939019051955 0 0 0 0 0 0 0 0 0 0 0 0 0 0 0 0 1 0 0 0 0 0 0 0 0 0 0]
[1245031417372360864097982243190420246107137268181718123819086300706740088723889578129 0 0 0 0 0 0 0 0 0 0 0 0 0 0 0 0 0 1 0 0 0 0 0 0 0 0 0]
[660757021647139185744281804691189899657360020347779889888221151611436277307952320351 0 0 0 0 0 0 0 0 0 0 0 0 0 0 0 0 0 0 1 0 0 0 0 0 0 0 0]
[1198925057093701527427398773561824752134964759823918400372731688200869505075730191125 0 0 0 0 0 0 0 0 0 0 0 0 0 0 0 0 0 0 0 1 0 0 0 0 0 0 0]
[1483469022657568773059876167894581824551094319954076450951047532680244719878127647069 0 0 0 0 0 0 0 0 0 0 0 0 0 0 0 0 0 0 0 0 1 0 0 0 0 0 0]
[153889053944693438049177777021663429834814828497540563036591234460181560467115142189 0 0 0 0 0 0 0 0 0 0 0 0 0 0 0 0 0 0 0 0 0 1 0 0 0 0 0]
[494534256706998110223935579378670213375442564466418238715797200239125980107050768669 0 0 0 0 0 0 0 0 0 0 0 0 0 0 0 0 0 0 0 0 0 0 1 0 0 0 0]
[646000358866109035307671360408784612310413352389414182937427451385944886723615018422 0 0 0 0 0 0 0 0 0 0 0 0 0 0 0 0 0 0 0 0 0 0 0 1 0 0 0]
[1381027516909350544724640508752309311943582807641047076426070582361735226016951899713 0 0 0 0 0 0 0 0 0 0 0 0 0 0 0 0 0 0 0 0 0 0 0 0 1 0 0]
[722389501585614747003010304585850920688806124282724465639973610478840651959486921771 0 0 0 0 0 0 0 0 0 0 0 0 0 0 0 0 0 0 0 0 0 0 0 0 0 1 0]
[890787701709193439745876218295848564067008795474250344201084805894468676735961597755 0 0 0 0 0 0 0 0 0 0 0 0 0 0 0 0 0 0 0 0 0 0 0 0 0 0 1]
]
