[[1558309873537563899385569134469335691542542264156044377312632647316997248235725619621 0 0 0 0 0 0 0 0 0 0 0 0 0 0 0 0 0 0 0 0 0 0 0 0 0 0 0]
[978337344644636014561042292716142273069627022101668963789271695181991041291193873698 1 0 0 0 0 0 0 0 0 0 0 0 0 0 0 0 0 0 0 0 0 0 0 0 0 0 0]
[818661201220475803287794795058309541948676228634110491428227181547395689923875258121 0 1 0 0 0 0 0 0 0 0 0 0 0 0 0 0 0 0 0 0 0 0 0 0 0 0 0]
[11523488981848582173886679456814616842104082720881796770917985807888920633118397783 0 0 1 0 0 0 0 0 0 0 0 0 0 0 0 0 0 0 0 0 0 0 0 0 0 0 0]
[542306844000969915526983212609872947831935013009724790312827738648661236760151848323 0 0 0 1 0 0 0 0 0 0 0 0 0 0 0 0 0 0 0 0 0 0 0 0 0 0 0]
[1059228272663537521526517743575531529148474868048303948817411746835015168464369467833 0 0 0 0 1 0 0 0 0 0 0 0 0 0 0 0 0 0 0 0 0 0 0 0 0 0 0]
[297965334803006087297784694297701111266619591589114124989156085573627463507683759637 0 0 0 0 0 1 0 0 0 0 0 0 0 0 0 0 0 0 0 0 0 0 0 0 0 0 0]
[988130995720556060846527397767780859785344409751728769470809488672615298019201193767 0 0 0 0 0 0 1 0 0 0 0 0 0 0 0 0 0 0 0 0 0 0 0 0 0 0 0]
[1384751312763537091124134298885306490119016560441295268063308848425258912311527522621 0 0 0 0 0 0 0 1 0 0 0 0 0 0 0 0 0 0 0 0 0 0 0 0 0 0 0]
[807460978283255555326913604431937873355993958958443003257905935292484215697491987769 0 0 0 0 0 0 0 0 1 0 0 0 0 0 0 0 0 0 0 0 0 0 0 0 0 0 0]
[308494049761857364947730196891009641383475996166618725816766782444315329551657410191 0 0 0 0 0 0 0 0 0 1 0 0 0 0 0 0 0 0 0 0 0 0 0 0 0 0 0]
[832164012881468374109906854391128932350000256958593980782460761475618680743963988127 0 0 0 0 0 0 0 0 0 0 1 0 0 0 0 0 0 0 0 0 0 0 0 0 0 0 0]
[251623302806347340817549475571853831995198725508971715549267589317196659659737245350 0 0 0 0 0 0 0 0 0 0 0 1 0 0 0 0 0 0 0 0 0 0 0 0 0 0 0]
[621122317082155607550152132001027407232484625166034997362254321185421018270717499914 0 0 0 0 0 0 0 0 0 0 0 0 1 0 0 0 0 0 0 0 0 0 0 0 0 0 0]
[1281383183202227241964775174091754498352572429249884896777199418845262469152132564558 0 0 0 0 0 0 0 0 0 0 0 0 0 1 0 0 0 0 0 0 0 0 0 0 0 0 0]
[110719307537640465731157133721382095255211544710906285259066150763633984857495813417 0 0 0 0 0 0 0 0 0 0 0 0 0 0 1 0 0 0 0 0 0 0 0 0 0 0 0]
[570752802223280697308135335599417221115230038343100477531012769699652152593589832125 0 0 0 0 0 0 0 0 0 0 0 0 0 0 0 1 0 0 0 0 0 0 0 0 0 0 0]
[1512135449026403749253476621448646134378336369326774539692170192557756948943754944125 0 0 0 0 0 0 0 0 0 0 0 0 0 0 0 0 1 0 0 0 0 0 0 0 0 0 0]
[1038981498873038724184512135355204375882820560684855178139711822297384206521280333173 0 0 0 0 0 0 0 0 0 0 0 0 0 0 0 0 0 1 0 0 0 0 0 0 0 0 0]
[787833494638512946167275428272382074890226078916535840803048549700350909832073256508 0 0 0 0 0 0 0 0 0 0 0 0 0 0 0 0 0 0 1 0 0 0 0 0 0 0 0]
[823527331776308488079853166929431260488563175734257084033021981331739470250549834257 0 0 0 0 0 0 0 0 0 0 0 0 0 0 0 0 0 0 0 1 0 0 0 0 0 0 0]
[637699812717193889221660840431246196912385456630337201888159671410247131025576114370 0 0 0 0 0 0 0 0 0 0 0 0 0 0 0 0 0 0 0 0 1 0 0 0 0 0 0]
[860457466882558522232195989406687196268496764375525585198796482772251410411874196730 0 0 0 0 0 0 0 0 0 0 0 0 0 0 0 0 0 0 0 0 0 1 0 0 0 0 0]
[42261189096630912823303907622625817871972443752908958473318792610025591070678327466 0 0 0 0 0 0 0 0 0 0 0 0 0 0 0 0 0 0 0 0 0 0 1 0 0 0 0]
[240218855586037823245460251063180756098557957348600546897698095703550968730529764358 0 0 0 0 0 0 0 0 0 0 0 0 0 0 0 0 0 0 0 0 0 0 0 1 0 0 0]
[588080131864628387980869513511156624521732044952954845088108733692893923029536482830 0 0 0 0 0 0 0 0 0 0 0 0 0 0 0 0 0 0 0 0 0 0 0 0 1 0 0]
[1365191441567328548020759012211043712007656774568608558835605934780707411494941096715 0 0 0 0 0 0 0 0 0 0 0 0 0 0 0 0 0 0 0 0 0 0 0 0 0 1 0]
[271901378959256752964389526025086592860300327334433938223325586092603573519358613842 0 0 0 0 0 0 0 0 0 0 0 0 0 0 0 0 0 0 0 0 0 0 0 0 0 0 1]
]
