[[1108358588133136927077785860147693446850507604366261772159148692868181401924968380483 0 0 0 0 0 0 0 0 0 0 0 0 0 0 0 0 0 0 0 0 0 0 0 0 0 0 0]
[363457837355999237970675035246471051706474945246623982182041751295347115583290661782 1 0 0 0 0 0 0 0 0 0 0 0 0 0 0 0 0 0 0 0 0 0 0 0 0 0 0]
[489079010730944139023190926165476886342097934741745561531235245698408261419280246660 0 1 0 0 0 0 0 0 0 0 0 0 0 0 0 0 0 0 0 0 0 0 0 0 0 0 0]
[73747750900528746699986203354743287525651175837549541692982595869099176998074279324 0 0 1 0 0 0 0 0 0 0 0 0 0 0 0 0 0 0 0 0 0 0 0 0 0 0 0]
[401524360310962020505835835900433827005483277254031625557522880621102677812875960671 0 0 0 1 0 0 0 0 0 0 0 0 0 0 0 0 0 0 0 0 0 0 0 0 0 0 0]
[505940639786984109337013072578389759183693552591989315332638742915502923455922187470 0 0 0 0 1 0 0 0 0 0 0 0 0 0 0 0 0 0 0 0 0 0 0 0 0 0 0]
[957134104849690124139709135647828807054244592053024819736650248377779764187613757382 0 0 0 0 0 1 0 0 0 0 0 0 0 0 0 0 0 0 0 0 0 0 0 0 0 0 0]
[826724613354092203196741374646923526321608049860539208776806019347200004325510656407 0 0 0 0 0 0 1 0 0 0 0 0 0 0 0 0 0 0 0 0 0 0 0 0 0 0 0]
[478992875942520929871828322288594545276961695306182668437468964568801348043913042749 0 0 0 0 0 0 0 1 0 0 0 0 0 0 0 0 0 0 0 0 0 0 0 0 0 0 0]
[549287636640554252248648924774437582400545759915327044676989100208258732439618256121 0 0 0 0 0 0 0 0 1 0 0 0 0 0 0 0 0 0 0 0 0 0 0 0 0 0 0]
[10236414335376691260355387528473120211271210921676356303738206252558286070043787412 0 0 0 0 0 0 0 0 0 1 0 0 0 0 0 0 0 0 0 0 0 0 0 0 0 0 0]
[581552650855648638931529691711576323618977988084570069420118435647261600614986703818 0 0 0 0 0 0 0 0 0 0 1 0 0 0 0 0 0 0 0 0 0 0 0 0 0 0 0]
[271771356532209267864560244407772931057565798285487410528519300412367650515358205534 0 0 0 0 0 0 0 0 0 0 0 1 0 0 0 0 0 0 0 0 0 0 0 0 0 0 0]
[676030939050948388244916446708848797747519262264411103027354185864737798824359671052 0 0 0 0 0 0 0 0 0 0 0 0 1 0 0 0 0 0 0 0 0 0 0 0 0 0 0]
[1034775764970344609750207322834885132691242688096900473696322784596648055175216713894 0 0 0 0 0 0 0 0 0 0 0 0 0 1 0 0 0 0 0 0 0 0 0 0 0 0 0]
[816989469481345875577983621474987271709305223680930243023983426391076430002754843317 0 0 0 0 0 0 0 0 0 0 0 0 0 0 1 0 0 0 0 0 0 0 0 0 0 0 0]
[519810719447044691519255638896053379155864639992334574549412886222009728387980792329 0 0 0 0 0 0 0 0 0 0 0 0 0 0 0 1 0 0 0 0 0 0 0 0 0 0 0]
[480427897711320841605865579311408802248581354399100761632503861272773101404336237075 0 0 0 0 0 0 0 0 0 0 0 0 0 0 0 0 1 0 0 0 0 0 0 0 0 0 0]
[212524993414001698303874688343617033211679937958341097600287657744960390041614003207 0 0 0 0 0 0 0 0 0 0 0 0 0 0 0 0 0 1 0 0 0 0 0 0 0 0 0]
[516032252429969631955446031429673955960167455626716928996570303224922394719055555159 0 0 0 0 0 0 0 0 0 0 0 0 0 0 0 0 0 0 1 0 0 0 0 0 0 0 0]
[390354960065287157379502570741414332922342019938463373993853685161522599271125918725 0 0 0 0 0 0 0 0 0 0 0 0 0 0 0 0 0 0 0 1 0 0 0 0 0 0 0]
[356981365440320635254812589746061165111861147009320474776970495286937958995549541852 0 0 0 0 0 0 0 0 0 0 0 0 0 0 0 0 0 0 0 0 1 0 0 0 0 0 0]
[522994624088065757648824382397432825654694957120155531046874362265879135742065884283 0 0 0 0 0 0 0 0 0 0 0 0 0 0 0 0 0 0 0 0 0 1 0 0 0 0 0]
[461257912234842024770035045747569085997108339678544464015409551016880587282435229040 0 0 0 0 0 0 0 0 0 0 0 0 0 0 0 0 0 0 0 0 0 0 1 0 0 0 0]
[218594850144460880316950754428895216427614208542979913633127543824816635572141508396 0 0 0 0 0 0 0 0 0 0 0 0 0 0 0 0 0 0 0 0 0 0 0 1 0 0 0]
[442009763161682469731646812237361154102591307281826020447413889833477966258396208890 0 0 0 0 0 0 0 0 0 0 0 0 0 0 0 0 0 0 0 0 0 0 0 0 1 0 0]
[371641151664840404428298869079644677119769469134168193659828317663859669021740068768 0 0 0 0 0 0 0 0 0 0 0 0 0 0 0 0 0 0 0 0 0 0 0 0 0 1 0]
[176083133319328986737113532256227239625775615022471429503402896802896455452931177904 0 0 0 0 0 0 0 0 0 0 0 0 0 0 0 0 0 0 0 0 0 0 0 0 0 0 1]
]
