[[1874207860671174962123995764050384671376381762463872257002762710167242225214030277549 0 0 0 0 0 0 0 0 0 0 0 0 0 0 0 0 0 0 0 0 0 0 0 0 0 0 0]
[1521728381166520664208214492479823111707413187379388416207437507203098137017241415009 1 0 0 0 0 0 0 0 0 0 0 0 0 0 0 0 0 0 0 0 0 0 0 0 0 0 0]
[1786509627769703469682003826978794496781762378202755483197595227332229568979645990729 0 1 0 0 0 0 0 0 0 0 0 0 0 0 0 0 0 0 0 0 0 0 0 0 0 0 0]
[125156855826507856596431985166366068572921922669288956051465258415284745714527819257 0 0 1 0 0 0 0 0 0 0 0 0 0 0 0 0 0 0 0 0 0 0 0 0 0 0 0]
[72065812194537690695202727996315125993135628706544394038835293471930902067063979413 0 0 0 1 0 0 0 0 0 0 0 0 0 0 0 0 0 0 0 0 0 0 0 0 0 0 0]
[1012111692763459720441442364778023241040395808064064512030647463601931807704493906977 0 0 0 0 1 0 0 0 0 0 0 0 0 0 0 0 0 0 0 0 0 0 0 0 0 0 0]
[1218654619573477443762558257092933483849276902452025606674900632131269492604015129793 0 0 0 0 0 1 0 0 0 0 0 0 0 0 0 0 0 0 0 0 0 0 0 0 0 0 0]
[1256850922751252496829396190523418072033809302277518738808608840150474318715007687520 0 0 0 0 0 0 1 0 0 0 0 0 0 0 0 0 0 0 0 0 0 0 0 0 0 0 0]
[474055880038913296108374400419389088499903379130514180763829452847398182822641156986 0 0 0 0 0 0 0 1 0 0 0 0 0 0 0 0 0 0 0 0 0 0 0 0 0 0 0]
[498956665137924376915487207430653421347949051474367710101827899086018034091922318722 0 0 0 0 0 0 0 0 1 0 0 0 0 0 0 0 0 0 0 0 0 0 0 0 0 0 0]
[1762110703734429690075281384655658568318653554058508074884278730322220118297341517031 0 0 0 0 0 0 0 0 0 1 0 0 0 0 0 0 0 0 0 0 0 0 0 0 0 0 0]
[734334831858057550598294252667716998627005400620755648611320300120419603163443193830 0 0 0 0 0 0 0 0 0 0 1 0 0 0 0 0 0 0 0 0 0 0 0 0 0 0 0]
[1738503250589260578445676230358056301977131914643932449490065752963545005585715397484 0 0 0 0 0 0 0 0 0 0 0 1 0 0 0 0 0 0 0 0 0 0 0 0 0 0 0]
[398756436921368261941780409289633350892840087583813194204138037693070738949747726322 0 0 0 0 0 0 0 0 0 0 0 0 1 0 0 0 0 0 0 0 0 0 0 0 0 0 0]
[1704429358627935365117243269990757032034871693099973590365062341907141171821841172797 0 0 0 0 0 0 0 0 0 0 0 0 0 1 0 0 0 0 0 0 0 0 0 0 0 0 0]
[1053160960371658685188030112474536239518641904590486817006486576955437069301014976947 0 0 0 0 0 0 0 0 0 0 0 0 0 0 1 0 0 0 0 0 0 0 0 0 0 0 0]
[1130465755178571944701631763173549844154924898240564140396281295800725413932506693441 0 0 0 0 0 0 0 0 0 0 0 0 0 0 0 1 0 0 0 0 0 0 0 0 0 0 0]
[330577512095663872001598442307890058866274946652547023870166017721664395957630969633 0 0 0 0 0 0 0 0 0 0 0 0 0 0 0 0 1 0 0 0 0 0 0 0 0 0 0]
[442212024286602471637314784927638959208987592113100363601037530154717717387136982719 0 0 0 0 0 0 0 0 0 0 0 0 0 0 0 0 0 1 0 0 0 0 0 0 0 0 0]
[145321344415812254353074374755879917663352665677531685925458293981069323397004085251 0 0 0 0 0 0 0 0 0 0 0 0 0 0 0 0 0 0 1 0 0 0 0 0 0 0 0]
[1821719471273978351557722323628173519863892727471204235121398815309798793975348553835 0 0 0 0 0 0 0 0 0 0 0 0 0 0 0 0 0 0 0 1 0 0 0 0 0 0 0]
[1436351846564578999336635274669002193965776993340424225806532178107420996949861456855 0 0 0 0 0 0 0 0 0 0 0 0 0 0 0 0 0 0 0 0 1 0 0 0 0 0 0]
[1239547254570640557814309343151797230263861468635447939608073428624006121695672151130 0 0 0 0 0 0 0 0 0 0 0 0 0 0 0 0 0 0 0 0 0 1 0 0 0 0 0]
[254124885108805222274229270959206379774816323228595566962548971614931329510685721332 0 0 0 0 0 0 0 0 0 0 0 0 0 0 0 0 0 0 0 0 0 0 1 0 0 0 0]
[1214979720651415367134954323694603251297256695755889933611022878022951513569139889086 0 0 0 0 0 0 0 0 0 0 0 0 0 0 0 0 0 0 0 0 0 0 0 1 0 0 0]
[1085359784833951762100209734222525898016076596322819469417311837234079558444579187872 0 0 0 0 0 0 0 0 0 0 0 0 0 0 0 0 0 0 0 0 0 0 0 0 1 0 0]
[349949937983234482385619140898491178537417901893010036983468976541203777649269255685 0 0 0 0 0 0 0 0 0 0 0 0 0 0 0 0 0 0 0 0 0 0 0 0 0 1 0]
[811479604998140531778174906124316008157468624464383562423472562780118689604379755374 0 0 0 0 0 0 0 0 0 0 0 0 0 0 0 0 0 0 0 0 0 0 0 0 0 0 1]
]
