[[1007776663220432325292146814125459648546545808669136654358266671204633506814659627257 0 0 0 0 0 0 0 0 0 0 0 0 0 0 0 0 0 0 0 0 0 0 0 0 0 0 0]
[707616938330802245650625781783330076306255936694175039575919516548510589251886087905 1 0 0 0 0 0 0 0 0 0 0 0 0 0 0 0 0 0 0 0 0 0 0 0 0 0 0]
[26053811589544197358595662539233353206596833979864349454920368602849325655410366307 0 1 0 0 0 0 0 0 0 0 0 0 0 0 0 0 0 0 0 0 0 0 0 0 0 0 0]
[751783071334043649891301437928935100536827380126792399279602495734282875273436116635 0 0 1 0 0 0 0 0 0 0 0 0 0 0 0 0 0 0 0 0 0 0 0 0 0 0 0]
[341205075302226081131288804774643686903137019765228227151722482458812030681281356782 0 0 0 1 0 0 0 0 0 0 0 0 0 0 0 0 0 0 0 0 0 0 0 0 0 0 0]
[285160198096436169922640428029995249058876636506250922305557430532805764337153932329 0 0 0 0 1 0 0 0 0 0 0 0 0 0 0 0 0 0 0 0 0 0 0 0 0 0 0]
[219053855898896115045263877242768497183728252668971816465809787348630766532449147299 0 0 0 0 0 1 0 0 0 0 0 0 0 0 0 0 0 0 0 0 0 0 0 0 0 0 0]
[110875635328810843053225040748918384466030844284580055231552826518238028934237683608 0 0 0 0 0 0 1 0 0 0 0 0 0 0 0 0 0 0 0 0 0 0 0 0 0 0 0]
[999177850782376270557247899988564620562617712064168316032604062841365365536507953198 0 0 0 0 0 0 0 1 0 0 0 0 0 0 0 0 0 0 0 0 0 0 0 0 0 0 0]
[990933973461217058246090603791034060543593708871158774387532970152212094152257823351 0 0 0 0 0 0 0 0 1 0 0 0 0 0 0 0 0 0 0 0 0 0 0 0 0 0 0]
[853181533027220271167624835893268104688837515044328921448314944285086901763836266746 0 0 0 0 0 0 0 0 0 1 0 0 0 0 0 0 0 0 0 0 0 0 0 0 0 0 0]
[573058972648762328409391916871948095877658951084634878165360989412868479208159270312 0 0 0 0 0 0 0 0 0 0 1 0 0 0 0 0 0 0 0 0 0 0 0 0 0 0 0]
[312865376184549176000778704495804422019100798780144538740520169721885944478786760652 0 0 0 0 0 0 0 0 0 0 0 1 0 0 0 0 0 0 0 0 0 0 0 0 0 0 0]
[444543930744721009968117305699219088987611926959835863471647870156876707370808133452 0 0 0 0 0 0 0 0 0 0 0 0 1 0 0 0 0 0 0 0 0 0 0 0 0 0 0]
[117381469465491842300464760004969087312287044773257135784643952115888924080977688932 0 0 0 0 0 0 0 0 0 0 0 0 0 1 0 0 0 0 0 0 0 0 0 0 0 0 0]
[588341159117527379462287606293750792038887568967263959129817896595087200895647971807 0 0 0 0 0 0 0 0 0 0 0 0 0 0 1 0 0 0 0 0 0 0 0 0 0 0 0]
[269357411327843258040849631462052749282975241458717324931914745794050162695564473042 0 0 0 0 0 0 0 0 0 0 0 0 0 0 0 1 0 0 0 0 0 0 0 0 0 0 0]
[789041185993633619863324631556627907606131017513567253401299811775848717990497964603 0 0 0 0 0 0 0 0 0 0 0 0 0 0 0 0 1 0 0 0 0 0 0 0 0 0 0]
[543520234130187939166102394434211054432583832935353290180264661546447941478524792200 0 0 0 0 0 0 0 0 0 0 0 0 0 0 0 0 0 1 0 0 0 0 0 0 0 0 0]
[689974316268729550221631230006441323935953498486214086289502664905078893342853478759 0 0 0 0 0 0 0 0 0 0 0 0 0 0 0 0 0 0 1 0 0 0 0 0 0 0 0]
[322753834111598598414809409370222916934952009261113818238030908656803297593558877779 0 0 0 0 0 0 0 0 0 0 0 0 0 0 0 0 0 0 0 1 0 0 0 0 0 0 0]
[595389569975022121602080288142119257166197289497524572295160126702570232115090930936 0 0 0 0 0 0 0 0 0 0 0 0 0 0 0 0 0 0 0 0 1 0 0 0 0 0 0]
[217197691406394776954989851261276222760314809614598151639219699187226769699715813510 0 0 0 0 0 0 0 0 0 0 0 0 0 0 0 0 0 0 0 0 0 1 0 0 0 0 0]
[486107544165003766799934083706323489080760308881970182478914879917697899046585748238 0 0 0 0 0 0 0 0 0 0 0 0 0 0 0 0 0 0 0 0 0 0 1 0 0 0 0]
[590302482104146765927279766203902734076876056216102361534172933851639973871412465213 0 0 0 0 0 0 0 0 0 0 0 0 0 0 0 0 0 0 0 0 0 0 0 1 0 0 0]
[849412408282639822402263270530633478188177713462468142824173940636144774887162643556 0 0 0 0 0 0 0 0 0 0 0 0 0 0 0 0 0 0 0 0 0 0 0 0 1 0 0]
[501519033465136910593418401804479462427109772292069285314307651681345860552593928836 0 0 0 0 0 0 0 0 0 0 0 0 0 0 0 0 0 0 0 0 0 0 0 0 0 1 0]
[155041878655789424077990655439282648998376967801359197391896211212709917629246065256 0 0 0 0 0 0 0 0 0 0 0 0 0 0 0 0 0 0 0 0 0 0 0 0 0 0 1]
]
