[[1360283308763556399364895912202499613789514220036375076095916346231921646694552098439 0 0 0 0 0 0 0 0 0 0 0 0 0 0 0 0 0 0 0 0 0 0 0 0 0 0 0]
[1277307858198974739585960763598920994226111683671570384085694456634600184511698837694 1 0 0 0 0 0 0 0 0 0 0 0 0 0 0 0 0 0 0 0 0 0 0 0 0 0 0]
[454732940319581004666047860204436446972906817142489865374234164066120329543317613633 0 1 0 0 0 0 0 0 0 0 0 0 0 0 0 0 0 0 0 0 0 0 0 0 0 0 0]
[125692938597760171442223295576509980425134387762533192159761588761333056138581914962 0 0 1 0 0 0 0 0 0 0 0 0 0 0 0 0 0 0 0 0 0 0 0 0 0 0 0]
[129564979284926507364488189272618061110318603537761287541347504554311409296149888589 0 0 0 1 0 0 0 0 0 0 0 0 0 0 0 0 0 0 0 0 0 0 0 0 0 0 0]
[721933607745539091892981705658191928592755815241126690282913985722922907847096832710 0 0 0 0 1 0 0 0 0 0 0 0 0 0 0 0 0 0 0 0 0 0 0 0 0 0 0]
[109445458577643767734512131185757575818674816980023441971571371059096777579843949957 0 0 0 0 0 1 0 0 0 0 0 0 0 0 0 0 0 0 0 0 0 0 0 0 0 0 0]
[216874126613757504483586338363504044673691281199729078494046538219647451452798167219 0 0 0 0 0 0 1 0 0 0 0 0 0 0 0 0 0 0 0 0 0 0 0 0 0 0 0]
[254881181363841816792884585863300605020481928408556727498607582132554937376997760829 0 0 0 0 0 0 0 1 0 0 0 0 0 0 0 0 0 0 0 0 0 0 0 0 0 0 0]
[644714962025088120938185030270100763124273225055804912057135065704964559110195260130 0 0 0 0 0 0 0 0 1 0 0 0 0 0 0 0 0 0 0 0 0 0 0 0 0 0 0]
[143956876482349609399545572544082404073260348167064015478160763789439482023125535185 0 0 0 0 0 0 0 0 0 1 0 0 0 0 0 0 0 0 0 0 0 0 0 0 0 0 0]
[507019761356606961001166500034885165504827328397241308835679524985474076777227102912 0 0 0 0 0 0 0 0 0 0 1 0 0 0 0 0 0 0 0 0 0 0 0 0 0 0 0]
[465833171015381114944736525662628646330013264859336641697670722262869061089869232440 0 0 0 0 0 0 0 0 0 0 0 1 0 0 0 0 0 0 0 0 0 0 0 0 0 0 0]
[213103515415406754241814786843846815780037510927267154783606020762731626180882818249 0 0 0 0 0 0 0 0 0 0 0 0 1 0 0 0 0 0 0 0 0 0 0 0 0 0 0]
[516276046456370511399659704052768937915585832516381504441248153221590327155024052192 0 0 0 0 0 0 0 0 0 0 0 0 0 1 0 0 0 0 0 0 0 0 0 0 0 0 0]
[1161926303503397745161331167433019317795004407955757007847483235091551273587818196896 0 0 0 0 0 0 0 0 0 0 0 0 0 0 1 0 0 0 0 0 0 0 0 0 0 0 0]
[702358991260290909802767558057156040748596451234084716066769985646536800227874267153 0 0 0 0 0 0 0 0 0 0 0 0 0 0 0 1 0 0 0 0 0 0 0 0 0 0 0]
[1234400632169763528440452645668616939080354508433668137032358537519069426510328463682 0 0 0 0 0 0 0 0 0 0 0 0 0 0 0 0 1 0 0 0 0 0 0 0 0 0 0]
[828210398963980270552185041607941697126095929700475174840495981554002785212502439680 0 0 0 0 0 0 0 0 0 0 0 0 0 0 0 0 0 1 0 0 0 0 0 0 0 0 0]
[825242668387202817134883119781022928520785182586539922200057319702773704741392452026 0 0 0 0 0 0 0 0 0 0 0 0 0 0 0 0 0 0 1 0 0 0 0 0 0 0 0]
[952063207755718624677255419277221472471237362269540444039605346681551576790256016870 0 0 0 0 0 0 0 0 0 0 0 0 0 0 0 0 0 0 0 1 0 0 0 0 0 0 0]
[1162398650353208006515340923036918010655195600174442736348062368828935638336964246786 0 0 0 0 0 0 0 0 0 0 0 0 0 0 0 0 0 0 0 0 1 0 0 0 0 0 0]
[832789051293854274656349714539923498817702775511445968335809858950190112442995798636 0 0 0 0 0 0 0 0 0 0 0 0 0 0 0 0 0 0 0 0 0 1 0 0 0 0 0]
[196821200482358605886538996723112530017830151240890774683572436930287300637303255193 0 0 0 0 0 0 0 0 0 0 0 0 0 0 0 0 0 0 0 0 0 0 1 0 0 0 0]
[108935034453098015780891062582035206991008519374001376447342828697493999947643199561 0 0 0 0 0 0 0 0 0 0 0 0 0 0 0 0 0 0 0 0 0 0 0 1 0 0 0]
[642012297511176536995722496297124417248175706452242486188106387950419145730779333588 0 0 0 0 0 0 0 0 0 0 0 0 0 0 0 0 0 0 0 0 0 0 0 0 1 0 0]
[775592574706789017830384976961758177929418315488186048840444976195361480506609802141 0 0 0 0 0 0 0 0 0 0 0 0 0 0 0 0 0 0 0 0 0 0 0 0 0 1 0]
[192280685963870809302254341684271936816644894504224219887782430645591574599813030148 0 0 0 0 0 0 0 0 0 0 0 0 0 0 0 0 0 0 0 0 0 0 0 0 0 0 1]
]
