[[1635389303923607341396591962001357890189163861848861417113099741597233034299141694263 0 0 0 0 0 0 0 0 0 0 0 0 0 0 0 0 0 0 0 0 0 0 0 0 0 0 0]
[1207280486309848030951802003592245635754663814618261375274988424952167599040630503604 1 0 0 0 0 0 0 0 0 0 0 0 0 0 0 0 0 0 0 0 0 0 0 0 0 0 0]
[1483866916469326556856843816853859601229620775863192183948707959509835618901682180752 0 1 0 0 0 0 0 0 0 0 0 0 0 0 0 0 0 0 0 0 0 0 0 0 0 0 0]
[589108617536574018684637591896037420826456515707770360572798051107140361899308004024 0 0 1 0 0 0 0 0 0 0 0 0 0 0 0 0 0 0 0 0 0 0 0 0 0 0 0]
[1423709252054955485402030709016509482227735650955266051266866799693777682520903326620 0 0 0 1 0 0 0 0 0 0 0 0 0 0 0 0 0 0 0 0 0 0 0 0 0 0 0]
[663494988858364281109276822083555677727264561062425328088693433147418484728127603593 0 0 0 0 1 0 0 0 0 0 0 0 0 0 0 0 0 0 0 0 0 0 0 0 0 0 0]
[976335772113630392569281559692586924697088953128005983474543816229052895233569659384 0 0 0 0 0 1 0 0 0 0 0 0 0 0 0 0 0 0 0 0 0 0 0 0 0 0 0]
[790864044615648177594684992420991809630901140567573268940451676740292434555350048838 0 0 0 0 0 0 1 0 0 0 0 0 0 0 0 0 0 0 0 0 0 0 0 0 0 0 0]
[247308249742552946824871958942965173664432850176006980465639648194664614859216549628 0 0 0 0 0 0 0 1 0 0 0 0 0 0 0 0 0 0 0 0 0 0 0 0 0 0 0]
[92286656570508083044256954782854932574889841737620554370038435778300742442476536577 0 0 0 0 0 0 0 0 1 0 0 0 0 0 0 0 0 0 0 0 0 0 0 0 0 0 0]
[460795644126637499302422068420304534814136707532168015200567301611361095108908804525 0 0 0 0 0 0 0 0 0 1 0 0 0 0 0 0 0 0 0 0 0 0 0 0 0 0 0]
[328721441354647468227231482024796669609471228671075501987764948528056577056886911233 0 0 0 0 0 0 0 0 0 0 1 0 0 0 0 0 0 0 0 0 0 0 0 0 0 0 0]
[1202851545058302680722779767810449039538846882344881244471382136207664051773699607034 0 0 0 0 0 0 0 0 0 0 0 1 0 0 0 0 0 0 0 0 0 0 0 0 0 0 0]
[25900270082470688199962937241783267768376363230824598166615361177597369707793480556 0 0 0 0 0 0 0 0 0 0 0 0 1 0 0 0 0 0 0 0 0 0 0 0 0 0 0]
[823706522417065127414414883676897905046040303368951639109344376648916024580575403192 0 0 0 0 0 0 0 0 0 0 0 0 0 1 0 0 0 0 0 0 0 0 0 0 0 0 0]
[1011426579879495063721983725296259893315158475300635930246819622301708494283297760617 0 0 0 0 0 0 0 0 0 0 0 0 0 0 1 0 0 0 0 0 0 0 0 0 0 0 0]
[793441685399149015700164507932748546345231644652706747479381225740645176242504340645 0 0 0 0 0 0 0 0 0 0 0 0 0 0 0 1 0 0 0 0 0 0 0 0 0 0 0]
[1403202946943288464946065119014304884317455134752662155316087431408269138447886011186 0 0 0 0 0 0 0 0 0 0 0 0 0 0 0 0 1 0 0 0 0 0 0 0 0 0 0]
[198895819498670397730438693619775234752625879308368796661444644318289573928176526401 0 0 0 0 0 0 0 0 0 0 0 0 0 0 0 0 0 1 0 0 0 0 0 0 0 0 0]
[794794605935368533759288679948436096233811698640978916674060199874055718774799070468 0 0 0 0 0 0 0 0 0 0 0 0 0 0 0 0 0 0 1 0 0 0 0 0 0 0 0]
[1503084951233973947085357904302071442549760382568729606285712013105530105452889942879 0 0 0 0 0 0 0 0 0 0 0 0 0 0 0 0 0 0 0 1 0 0 0 0 0 0 0]
[421875862375059328289400068083758999633643733987037888429153121221958916119587566034 0 0 0 0 0 0 0 0 0 0 0 0 0 0 0 0 0 0 0 0 1 0 0 0 0 0 0]
[843005990709025332593814812525593828537785481672562735901046584282274312979774752588 0 0 0 0 0 0 0 0 0 0 0 0 0 0 0 0 0 0 0 0 0 1 0 0 0 0 0]
[387341068143143401480345186989655827017542699156562760221841561826484295879647550085 0 0 0 0 0 0 0 0 0 0 0 0 0 0 0 0 0 0 0 0 0 0 1 0 0 0 0]
[1565727553558293368711027549696396456271508069611183728832205894998144110282704357781 0 0 0 0 0 0 0 0 0 0 0 0 0 0 0 0 0 0 0 0 0 0 0 1 0 0 0]
[22213136282222307511008128584488705416976352746676267406171606075200204974472146818 0 0 0 0 0 0 0 0 0 0 0 0 0 0 0 0 0 0 0 0 0 0 0 0 1 0 0]
[1212370165609558058616602406021852366486994786535466259290681953725777854219448362737 0 0 0 0 0 0 0 0 0 0 0 0 0 0 0 0 0 0 0 0 0 0 0 0 0 1 0]
[629221428002339776212484714420725132005837572819136348798147701359167414418600229698 0 0 0 0 0 0 0 0 0 0 0 0 0 0 0 0 0 0 0 0 0 0 0 0 0 0 1]
]
