[[1144932178690187550465127212827658283161287472136877359157966452619347364706410971303 0 0 0 0 0 0 0 0 0 0 0 0 0 0 0 0 0 0 0 0 0 0 0 0 0 0 0]
[610688025095000451188361621326180905279499764153606340230263055023166265512093436611 1 0 0 0 0 0 0 0 0 0 0 0 0 0 0 0 0 0 0 0 0 0 0 0 0 0 0]
[595686590250605036470649951821790246317127758966827481507474659361006042835755440329 0 1 0 0 0 0 0 0 0 0 0 0 0 0 0 0 0 0 0 0 0 0 0 0 0 0 0]
[781985223421674789647387243110890119112224223761533888019305436066371509657993325676 0 0 1 0 0 0 0 0 0 0 0 0 0 0 0 0 0 0 0 0 0 0 0 0 0 0 0]
[500548419513318657417427432543011105836361754153851566107754091556225878627465501792 0 0 0 1 0 0 0 0 0 0 0 0 0 0 0 0 0 0 0 0 0 0 0 0 0 0 0]
[1131920567560157381663719885142942199198326632544035124767769813834928952731044580839 0 0 0 0 1 0 0 0 0 0 0 0 0 0 0 0 0 0 0 0 0 0 0 0 0 0 0]
[1016165387492090837920297870556270466832805358774068630417109193080162051766168009067 0 0 0 0 0 1 0 0 0 0 0 0 0 0 0 0 0 0 0 0 0 0 0 0 0 0 0]
[4950243321146456179025335703801436036918344606888898378926554087290701357369280439 0 0 0 0 0 0 1 0 0 0 0 0 0 0 0 0 0 0 0 0 0 0 0 0 0 0 0]
[643715810014328734402374864682916714237603884044529330721987609547997654393876201499 0 0 0 0 0 0 0 1 0 0 0 0 0 0 0 0 0 0 0 0 0 0 0 0 0 0 0]
[951357761253689903050078517639170631778827383042228877700299307131685847290266958943 0 0 0 0 0 0 0 0 1 0 0 0 0 0 0 0 0 0 0 0 0 0 0 0 0 0 0]
[239131724648053760213554720745135154346892294731544591850704841972394792295455827774 0 0 0 0 0 0 0 0 0 1 0 0 0 0 0 0 0 0 0 0 0 0 0 0 0 0 0]
[105620681928779317259612616834526232875060921091312099825076062106372428078053068363 0 0 0 0 0 0 0 0 0 0 1 0 0 0 0 0 0 0 0 0 0 0 0 0 0 0 0]
[50768399716030280034107288767186199994018320465601246314695286439456190471863849268 0 0 0 0 0 0 0 0 0 0 0 1 0 0 0 0 0 0 0 0 0 0 0 0 0 0 0]
[229218559508242858486305088032891163013921014604155076982192982634170084935787067320 0 0 0 0 0 0 0 0 0 0 0 0 1 0 0 0 0 0 0 0 0 0 0 0 0 0 0]
[936001229989615358353113500627165465047457261580164312087061625433231397761310384322 0 0 0 0 0 0 0 0 0 0 0 0 0 1 0 0 0 0 0 0 0 0 0 0 0 0 0]
[926668891384410114965470141337571398222479478929849621745364199146379330375743472670 0 0 0 0 0 0 0 0 0 0 0 0 0 0 1 0 0 0 0 0 0 0 0 0 0 0 0]
[543471238907449692897536166516380831177930325139083862666689419663754392399388636166 0 0 0 0 0 0 0 0 0 0 0 0 0 0 0 1 0 0 0 0 0 0 0 0 0 0 0]
[918212910367185947834236075410902001771648449554153197560818772064965826451494842698 0 0 0 0 0 0 0 0 0 0 0 0 0 0 0 0 1 0 0 0 0 0 0 0 0 0 0]
[892005885444084799286347768779659938770940167172259620191718293804559821598280567474 0 0 0 0 0 0 0 0 0 0 0 0 0 0 0 0 0 1 0 0 0 0 0 0 0 0 0]
[664250579738188193747513410472520201541222622923465870950207007435995663775747788012 0 0 0 0 0 0 0 0 0 0 0 0 0 0 0 0 0 0 1 0 0 0 0 0 0 0 0]
[588210252707271226277861314356073250357140030875690890540260373947968259331734498494 0 0 0 0 0 0 0 0 0 0 0 0 0 0 0 0 0 0 0 1 0 0 0 0 0 0 0]
[724166430880154332086461179040282367275890609096076784143748703062781019818274301142 0 0 0 0 0 0 0 0 0 0 0 0 0 0 0 0 0 0 0 0 1 0 0 0 0 0 0]
[690232809593389362988104729273786818531470334617933563021266384071947555403853853925 0 0 0 0 0 0 0 0 0 0 0 0 0 0 0 0 0 0 0 0 0 1 0 0 0 0 0]
[1047189487012410605566799603865454875550555741445151828958381214236780707307990419835 0 0 0 0 0 0 0 0 0 0 0 0 0 0 0 0 0 0 0 0 0 0 1 0 0 0 0]
[100539312584019466654049416373600053498568504822732093068939873109524454866790044662 0 0 0 0 0 0 0 0 0 0 0 0 0 0 0 0 0 0 0 0 0 0 0 1 0 0 0]
[745874081325431037505662292768452274676037534303902114575479348133530538987339778613 0 0 0 0 0 0 0 0 0 0 0 0 0 0 0 0 0 0 0 0 0 0 0 0 1 0 0]
[901323180967410960518353221430600844776867893588462017636625788654531245163529877199 0 0 0 0 0 0 0 0 0 0 0 0 0 0 0 0 0 0 0 0 0 0 0 0 0 1 0]
[370523123719139604091612164861625792463816951137843385240562687510375217413826022445 0 0 0 0 0 0 0 0 0 0 0 0 0 0 0 0 0 0 0 0 0 0 0 0 0 0 1]
]
