[[1693278158766353580718994341376708997401322129619144316137985413287191076630369341233 0 0 0 0 0 0 0 0 0 0 0 0 0 0 0 0 0 0 0 0 0 0 0 0 0 0 0]
[789287335995273990462438216840438482133754642689621130481537347644832205885918690239 1 0 0 0 0 0 0 0 0 0 0 0 0 0 0 0 0 0 0 0 0 0 0 0 0 0 0]
[690076346781061267764633076895592657648571436578898362355755949102474037458109565217 0 1 0 0 0 0 0 0 0 0 0 0 0 0 0 0 0 0 0 0 0 0 0 0 0 0 0]
[874473660897779347815176680586389099715897717179680267187489767693887210128947569525 0 0 1 0 0 0 0 0 0 0 0 0 0 0 0 0 0 0 0 0 0 0 0 0 0 0 0]
[885756913242966988392431499023505638056054621761719883304337130757226293328004051421 0 0 0 1 0 0 0 0 0 0 0 0 0 0 0 0 0 0 0 0 0 0 0 0 0 0 0]
[169250152091177012898467042064960000765679839693559802514789158949499278823685119341 0 0 0 0 1 0 0 0 0 0 0 0 0 0 0 0 0 0 0 0 0 0 0 0 0 0 0]
[250409810256492561853339425844355467171671309203181770952507560917494903354524073653 0 0 0 0 0 1 0 0 0 0 0 0 0 0 0 0 0 0 0 0 0 0 0 0 0 0 0]
[1687839205080867668798771267407957164248603961529519968616564074304783512018008614373 0 0 0 0 0 0 1 0 0 0 0 0 0 0 0 0 0 0 0 0 0 0 0 0 0 0 0]
[1114153950858198582365172900603519149174521205364820286635359788635120230320206017994 0 0 0 0 0 0 0 1 0 0 0 0 0 0 0 0 0 0 0 0 0 0 0 0 0 0 0]
[948501777116767401027324019271072832532357566172693865685682176162657625344864356662 0 0 0 0 0 0 0 0 1 0 0 0 0 0 0 0 0 0 0 0 0 0 0 0 0 0 0]
[926399102142820869520373059839983631583635230403628889904088062885108259302502607189 0 0 0 0 0 0 0 0 0 1 0 0 0 0 0 0 0 0 0 0 0 0 0 0 0 0 0]
[1036819833706763642437766604900073246186671908709307839570170790105233614329103130696 0 0 0 0 0 0 0 0 0 0 1 0 0 0 0 0 0 0 0 0 0 0 0 0 0 0 0]
[1543583492266920518364916387288037051124998470911862872263231184830459558042757164376 0 0 0 0 0 0 0 0 0 0 0 1 0 0 0 0 0 0 0 0 0 0 0 0 0 0 0]
[1345002369987993332984015373798765761631771071886939919220231230516037832084648031480 0 0 0 0 0 0 0 0 0 0 0 0 1 0 0 0 0 0 0 0 0 0 0 0 0 0 0]
[837537449851099347532218321927899406086360429957192701101119674422430708941921136053 0 0 0 0 0 0 0 0 0 0 0 0 0 1 0 0 0 0 0 0 0 0 0 0 0 0 0]
[286090956046808652014063463034686693832717492212745826954876563905473792637750753171 0 0 0 0 0 0 0 0 0 0 0 0 0 0 1 0 0 0 0 0 0 0 0 0 0 0 0]
[901432215815301574147152278384629962670568290137874815321138798115554811014989857661 0 0 0 0 0 0 0 0 0 0 0 0 0 0 0 1 0 0 0 0 0 0 0 0 0 0 0]
[1039508568647464651421126183834059311064591167704438450526702820418558723497907741425 0 0 0 0 0 0 0 0 0 0 0 0 0 0 0 0 1 0 0 0 0 0 0 0 0 0 0]
[862314853331466192021661556809367064519467883954565535714006269521491835164209924866 0 0 0 0 0 0 0 0 0 0 0 0 0 0 0 0 0 1 0 0 0 0 0 0 0 0 0]
[21229724843380018347420870631808405144849405717547934610225924047028841101366339792 0 0 0 0 0 0 0 0 0 0 0 0 0 0 0 0 0 0 1 0 0 0 0 0 0 0 0]
[1015740116799327285161110924675778275517201731141037270067813249387088671143172063103 0 0 0 0 0 0 0 0 0 0 0 0 0 0 0 0 0 0 0 1 0 0 0 0 0 0 0]
[32549385660882948642510485317729872754339910376452826247995018010594504608904223590 0 0 0 0 0 0 0 0 0 0 0 0 0 0 0 0 0 0 0 0 1 0 0 0 0 0 0]
[61125061924905642912850228500424471767171100598383485186797886085239554675757026033 0 0 0 0 0 0 0 0 0 0 0 0 0 0 0 0 0 0 0 0 0 1 0 0 0 0 0]
[1334373347655674574342516735442654261557888414076383721300214091701478552174889298011 0 0 0 0 0 0 0 0 0 0 0 0 0 0 0 0 0 0 0 0 0 0 1 0 0 0 0]
[1291513180764606877323113810105146191188310485668441902822116853301913217870671900771 0 0 0 0 0 0 0 0 0 0 0 0 0 0 0 0 0 0 0 0 0 0 0 1 0 0 0]
[1161252573869688359254019450325965980661465153143241592367381423789500077386535294379 0 0 0 0 0 0 0 0 0 0 0 0 0 0 0 0 0 0 0 0 0 0 0 0 1 0 0]
[1021444711230613910770646175382747055069447598750426382915996986303075020455056965590 0 0 0 0 0 0 0 0 0 0 0 0 0 0 0 0 0 0 0 0 0 0 0 0 0 1 0]
[577375344137820098780108277478013765976513231414382068880707501484766842097415835621 0 0 0 0 0 0 0 0 0 0 0 0 0 0 0 0 0 0 0 0 0 0 0 0 0 0 1]
]
