[[1500388465513790439252602179345418126725380494047651465940516596252824276533637914831 0 0 0 0 0 0 0 0 0 0 0 0 0 0 0 0 0 0 0 0 0 0 0 0 0 0 0]
[37361844019554043287975211886271601117304576131549392658885585802885102582586354407 1 0 0 0 0 0 0 0 0 0 0 0 0 0 0 0 0 0 0 0 0 0 0 0 0 0 0]
[86322713171419152351216921677497494640497258119299553595863618081676883066546764272 0 1 0 0 0 0 0 0 0 0 0 0 0 0 0 0 0 0 0 0 0 0 0 0 0 0 0]
[1437571228580514847734235649163220098276968050149047252866811665041967300614929425661 0 0 1 0 0 0 0 0 0 0 0 0 0 0 0 0 0 0 0 0 0 0 0 0 0 0 0]
[394120900288825145755562050240686186572380596698795840321250898799041541210199323029 0 0 0 1 0 0 0 0 0 0 0 0 0 0 0 0 0 0 0 0 0 0 0 0 0 0 0]
[874393373784445811891033560253894788516941073339214431082043057073691646215536547449 0 0 0 0 1 0 0 0 0 0 0 0 0 0 0 0 0 0 0 0 0 0 0 0 0 0 0]
[1037337344989895974178376594969558226995245056884730332299001723936898004745516928922 0 0 0 0 0 1 0 0 0 0 0 0 0 0 0 0 0 0 0 0 0 0 0 0 0 0 0]
[600351276789933822663351970971455128224038090366428551288362026830282891007840470368 0 0 0 0 0 0 1 0 0 0 0 0 0 0 0 0 0 0 0 0 0 0 0 0 0 0 0]
[1258572247642922159509868834405066133020184317564966909530859758483529914371217337723 0 0 0 0 0 0 0 1 0 0 0 0 0 0 0 0 0 0 0 0 0 0 0 0 0 0 0]
[1047304336955175927334849615538789644502928720639160510964175694309247725902450828688 0 0 0 0 0 0 0 0 1 0 0 0 0 0 0 0 0 0 0 0 0 0 0 0 0 0 0]
[1311967663655682197954382073467164590053293894981365415000343107841605148247113523533 0 0 0 0 0 0 0 0 0 1 0 0 0 0 0 0 0 0 0 0 0 0 0 0 0 0 0]
[1481293144184618631177242338928169590107703032879555532864499602393121277306440198640 0 0 0 0 0 0 0 0 0 0 1 0 0 0 0 0 0 0 0 0 0 0 0 0 0 0 0]
[1416672950740261152619192723517667734723036941739854858519631933504440952164680058531 0 0 0 0 0 0 0 0 0 0 0 1 0 0 0 0 0 0 0 0 0 0 0 0 0 0 0]
[1355550152539077216132510465371920678593482325702324882173902795436564923868913348275 0 0 0 0 0 0 0 0 0 0 0 0 1 0 0 0 0 0 0 0 0 0 0 0 0 0 0]
[1460255526211134680649248951523084585395711479516468677051469077187085115712739535197 0 0 0 0 0 0 0 0 0 0 0 0 0 1 0 0 0 0 0 0 0 0 0 0 0 0 0]
[874099537210680092102710678350899901575763109313796337074099566958951928737463012689 0 0 0 0 0 0 0 0 0 0 0 0 0 0 1 0 0 0 0 0 0 0 0 0 0 0 0]
[763241724746988485567280719162554265932971863807876341799929232295059610292906561299 0 0 0 0 0 0 0 0 0 0 0 0 0 0 0 1 0 0 0 0 0 0 0 0 0 0 0]
[1319955524596318148856699430407189520976243190939242833859593767620682612049396139806 0 0 0 0 0 0 0 0 0 0 0 0 0 0 0 0 1 0 0 0 0 0 0 0 0 0 0]
[367299975329386283535865459014927768751396733659621454477665242457262616931196347156 0 0 0 0 0 0 0 0 0 0 0 0 0 0 0 0 0 1 0 0 0 0 0 0 0 0 0]
[207495064499701926631571206717348713203148199904864186488616574116478078250055109512 0 0 0 0 0 0 0 0 0 0 0 0 0 0 0 0 0 0 1 0 0 0 0 0 0 0 0]
[376609596900987590765945331941324484337344297249119834053291171696854472175007840132 0 0 0 0 0 0 0 0 0 0 0 0 0 0 0 0 0 0 0 1 0 0 0 0 0 0 0]
[760282477397363993575077448550781429091003828961175546692290778311658895629126324672 0 0 0 0 0 0 0 0 0 0 0 0 0 0 0 0 0 0 0 0 1 0 0 0 0 0 0]
[406710947824049243723795821150019408099924572826280573322055611445441814073282458004 0 0 0 0 0 0 0 0 0 0 0 0 0 0 0 0 0 0 0 0 0 1 0 0 0 0 0]
[276367572678302377318544965115893037386973555050611878480960321170747519834320687839 0 0 0 0 0 0 0 0 0 0 0 0 0 0 0 0 0 0 0 0 0 0 1 0 0 0 0]
[1234344313527229824675818312804432343012156131534007166627315203377321740424965919929 0 0 0 0 0 0 0 0 0 0 0 0 0 0 0 0 0 0 0 0 0 0 0 1 0 0 0]
[150080208140264735972163328846573587473123447056745941178456186207123948297256694697 0 0 0 0 0 0 0 0 0 0 0 0 0 0 0 0 0 0 0 0 0 0 0 0 1 0 0]
[873644350170532751438086910493904402676270579352553571566637185847501033619427134288 0 0 0 0 0 0 0 0 0 0 0 0 0 0 0 0 0 0 0 0 0 0 0 0 0 1 0]
[1256270541428703946668988521674086583999206349915821843139932237244829701667689210336 0 0 0 0 0 0 0 0 0 0 0 0 0 0 0 0 0 0 0 0 0 0 0 0 0 0 1]
]
