[[1149449509618571008632401566285860902606585286443850066281291164425678973993961508733 0 0 0 0 0 0 0 0 0 0 0 0 0 0 0 0 0 0 0 0 0 0 0 0 0 0 0]
[490576486854001002757515526265220798792309404696514987852374101169891512644483895246 1 0 0 0 0 0 0 0 0 0 0 0 0 0 0 0 0 0 0 0 0 0 0 0 0 0 0]
[316061106371547689726116075938046609727215212212085451140490050986682630849757936307 0 1 0 0 0 0 0 0 0 0 0 0 0 0 0 0 0 0 0 0 0 0 0 0 0 0 0]
[371922774533425755404496074437323571973133338463459333462057435325952264563007846102 0 0 1 0 0 0 0 0 0 0 0 0 0 0 0 0 0 0 0 0 0 0 0 0 0 0 0]
[934740650348694916045287103213469403223740745822808115129501865350821282678593054933 0 0 0 1 0 0 0 0 0 0 0 0 0 0 0 0 0 0 0 0 0 0 0 0 0 0 0]
[229390250028381197732986414184601362873667535305442050034154472792513582931496189791 0 0 0 0 1 0 0 0 0 0 0 0 0 0 0 0 0 0 0 0 0 0 0 0 0 0 0]
[1050193873004908873788714343310279802555425127513982075485754174670109785345327607480 0 0 0 0 0 1 0 0 0 0 0 0 0 0 0 0 0 0 0 0 0 0 0 0 0 0 0]
[495030606585316876255620875826561883141809175165636558995926209095397524084498096757 0 0 0 0 0 0 1 0 0 0 0 0 0 0 0 0 0 0 0 0 0 0 0 0 0 0 0]
[850885601624022409889601940033671613915478786258756385091086137211319663114717028057 0 0 0 0 0 0 0 1 0 0 0 0 0 0 0 0 0 0 0 0 0 0 0 0 0 0 0]
[514133543002470206375207465447913070495336265627430933279246628011786530598634159073 0 0 0 0 0 0 0 0 1 0 0 0 0 0 0 0 0 0 0 0 0 0 0 0 0 0 0]
[364187183037561228257343274182263733332453598304192972250580462504779147403431346499 0 0 0 0 0 0 0 0 0 1 0 0 0 0 0 0 0 0 0 0 0 0 0 0 0 0 0]
[369418526342530812416230456630632589060571807441393225725858117857396204868077481391 0 0 0 0 0 0 0 0 0 0 1 0 0 0 0 0 0 0 0 0 0 0 0 0 0 0 0]
[99266976166258667717484362611823831337700630929517529993831059457501363610497853320 0 0 0 0 0 0 0 0 0 0 0 1 0 0 0 0 0 0 0 0 0 0 0 0 0 0 0]
[675917768616613288631313751117089818396743190232711218375345353434244610243134302784 0 0 0 0 0 0 0 0 0 0 0 0 1 0 0 0 0 0 0 0 0 0 0 0 0 0 0]
[124792237536197794335842757278259630802421300145234291141692682010276868434612803869 0 0 0 0 0 0 0 0 0 0 0 0 0 1 0 0 0 0 0 0 0 0 0 0 0 0 0]
[205336798575916940745340713374906163320157602675627501291943585352114353139960225979 0 0 0 0 0 0 0 0 0 0 0 0 0 0 1 0 0 0 0 0 0 0 0 0 0 0 0]
[1137899321749815623927666510443783678330305687914485661865172225162463559438569697440 0 0 0 0 0 0 0 0 0 0 0 0 0 0 0 1 0 0 0 0 0 0 0 0 0 0 0]
[545547057854697369905773899485850093618840916580051647219372587792832976232869577565 0 0 0 0 0 0 0 0 0 0 0 0 0 0 0 0 1 0 0 0 0 0 0 0 0 0 0]
[86910086975177785910282318897900647708117205841167937809567100909468903977795483780 0 0 0 0 0 0 0 0 0 0 0 0 0 0 0 0 0 1 0 0 0 0 0 0 0 0 0]
[611618183676118006325038138192691655582016660398849122742043838377165441577078027149 0 0 0 0 0 0 0 0 0 0 0 0 0 0 0 0 0 0 1 0 0 0 0 0 0 0 0]
[24497253255741875074251299157157629374325619679809105245396239581044965572832120402 0 0 0 0 0 0 0 0 0 0 0 0 0 0 0 0 0 0 0 1 0 0 0 0 0 0 0]
[24470188193784900731910350140669426014343884941083680385506520785386167794296834908 0 0 0 0 0 0 0 0 0 0 0 0 0 0 0 0 0 0 0 0 1 0 0 0 0 0 0]
[760976645722325965137300548973868837911246930681673259072447090271457687974798476735 0 0 0 0 0 0 0 0 0 0 0 0 0 0 0 0 0 0 0 0 0 1 0 0 0 0 0]
[765028616755037033317965649913352585473175662269677601827915734844186710335217717829 0 0 0 0 0 0 0 0 0 0 0 0 0 0 0 0 0 0 0 0 0 0 1 0 0 0 0]
[772431023905324930721953985361589156531332358264599588064392161751612120193081721135 0 0 0 0 0 0 0 0 0 0 0 0 0 0 0 0 0 0 0 0 0 0 0 1 0 0 0]
[1082024214066551233662647195277634011052280839425239375226941571233051853638568864438 0 0 0 0 0 0 0 0 0 0 0 0 0 0 0 0 0 0 0 0 0 0 0 0 1 0 0]
[255558612324141564408788352234258456835793777956745371283667937069367322475373213865 0 0 0 0 0 0 0 0 0 0 0 0 0 0 0 0 0 0 0 0 0 0 0 0 0 1 0]
[286168068013700088792882035896968015870587897476522588507575524719005948623092093237 0 0 0 0 0 0 0 0 0 0 0 0 0 0 0 0 0 0 0 0 0 0 0 0 0 0 1]
]
