[[1679556558557631573761544058857202170707166423594294501726626901989582318036331223259 0 0 0 0 0 0 0 0 0 0 0 0 0 0 0 0 0 0 0 0 0 0 0 0 0 0 0]
[476410259223237681698594087669716553315714871257255015040324643906828856704324119338 1 0 0 0 0 0 0 0 0 0 0 0 0 0 0 0 0 0 0 0 0 0 0 0 0 0 0]
[90730845737979501236688362763173424661282646102798371037955986181797917469474978081 0 1 0 0 0 0 0 0 0 0 0 0 0 0 0 0 0 0 0 0 0 0 0 0 0 0 0]
[124089183616650816548936036006069139776159123039309238489901168884568860675426187312 0 0 1 0 0 0 0 0 0 0 0 0 0 0 0 0 0 0 0 0 0 0 0 0 0 0 0]
[822198249895494323518080553803790822810891752515546179499133389666580138652963052705 0 0 0 1 0 0 0 0 0 0 0 0 0 0 0 0 0 0 0 0 0 0 0 0 0 0 0]
[749594250482560748197598787321302945424449772219279075845411538990847189175657547767 0 0 0 0 1 0 0 0 0 0 0 0 0 0 0 0 0 0 0 0 0 0 0 0 0 0 0]
[414010381826272874110871077356520990627660562176711954734378980564158861202515720643 0 0 0 0 0 1 0 0 0 0 0 0 0 0 0 0 0 0 0 0 0 0 0 0 0 0 0]
[873549429205535440337454146097213955730227473118245225260755136482069134969237782824 0 0 0 0 0 0 1 0 0 0 0 0 0 0 0 0 0 0 0 0 0 0 0 0 0 0 0]
[11589476455312928790901987503784072089701677816362492791361322476947744403201515023 0 0 0 0 0 0 0 1 0 0 0 0 0 0 0 0 0 0 0 0 0 0 0 0 0 0 0]
[865603556647081613527518559894106730007931158066487203242818181522450221046909046465 0 0 0 0 0 0 0 0 1 0 0 0 0 0 0 0 0 0 0 0 0 0 0 0 0 0 0]
[1413370122791641128742863048971677164502546574164980071918383967293762367152966020508 0 0 0 0 0 0 0 0 0 1 0 0 0 0 0 0 0 0 0 0 0 0 0 0 0 0 0]
[473235766733742495728719729146076491291326018788493497563983489277789687066209694870 0 0 0 0 0 0 0 0 0 0 1 0 0 0 0 0 0 0 0 0 0 0 0 0 0 0 0]
[1670812142339187524847410483618822860887120487896064121953004088859316525489277674256 0 0 0 0 0 0 0 0 0 0 0 1 0 0 0 0 0 0 0 0 0 0 0 0 0 0 0]
[1433744229816973216437921705739845077114530322808540945839441806087264160805966211953 0 0 0 0 0 0 0 0 0 0 0 0 1 0 0 0 0 0 0 0 0 0 0 0 0 0 0]
[628948136460407070354966759191987455751761325555610957531775595150875525244195056535 0 0 0 0 0 0 0 0 0 0 0 0 0 1 0 0 0 0 0 0 0 0 0 0 0 0 0]
[368619687981852531398209925314612414842717218415190364646237643928734312280780230754 0 0 0 0 0 0 0 0 0 0 0 0 0 0 1 0 0 0 0 0 0 0 0 0 0 0 0]
[778897553123947993277423800427953562340157809925928103490665556470829251524078211747 0 0 0 0 0 0 0 0 0 0 0 0 0 0 0 1 0 0 0 0 0 0 0 0 0 0 0]
[1479200393524491943278127514495574441600518778211101361854739083233910212086281154424 0 0 0 0 0 0 0 0 0 0 0 0 0 0 0 0 1 0 0 0 0 0 0 0 0 0 0]
[926129273756841639902773173656845059174148665158664808608622097289295391366452026009 0 0 0 0 0 0 0 0 0 0 0 0 0 0 0 0 0 1 0 0 0 0 0 0 0 0 0]
[467138479801597875880945892668399161849269197641637285333349196910627909753249279341 0 0 0 0 0 0 0 0 0 0 0 0 0 0 0 0 0 0 1 0 0 0 0 0 0 0 0]
[1216725896226730661036245116547387085961512041962900809065318829715310037886629693693 0 0 0 0 0 0 0 0 0 0 0 0 0 0 0 0 0 0 0 1 0 0 0 0 0 0 0]
[1259494097825101404995411588873815170819120957658233140721985334166847787220361013660 0 0 0 0 0 0 0 0 0 0 0 0 0 0 0 0 0 0 0 0 1 0 0 0 0 0 0]
[1288883600363587157296476480109335571292597088667946638915149552028902225197597942429 0 0 0 0 0 0 0 0 0 0 0 0 0 0 0 0 0 0 0 0 0 1 0 0 0 0 0]
[1212727180500467405251779067477622417203087521888390564447657410388601456440807485936 0 0 0 0 0 0 0 0 0 0 0 0 0 0 0 0 0 0 0 0 0 0 1 0 0 0 0]
[1622305771474363981217773550801260423653828399576964915817916919217899629946437338578 0 0 0 0 0 0 0 0 0 0 0 0 0 0 0 0 0 0 0 0 0 0 0 1 0 0 0]
[338448544596295531281994006070357618059994438012991325813822278376171362601309871069 0 0 0 0 0 0 0 0 0 0 0 0 0 0 0 0 0 0 0 0 0 0 0 0 1 0 0]
[500878968617066344167810893756812193903556214041353716522011308403771197742527158865 0 0 0 0 0 0 0 0 0 0 0 0 0 0 0 0 0 0 0 0 0 0 0 0 0 1 0]
[1191391192069991128235998512560158599478372452112857866830150840156467822750067343449 0 0 0 0 0 0 0 0 0 0 0 0 0 0 0 0 0 0 0 0 0 0 0 0 0 0 1]
]
