[[1931714159474365387946826588010695714772189429583219672349775617177757679021762023187 0 0 0 0 0 0 0 0 0 0 0 0 0 0 0 0 0 0 0 0 0 0 0 0 0 0 0]
[559323112005931253375976945924834459865927104461914017132370577114611487342163573879 1 0 0 0 0 0 0 0 0 0 0 0 0 0 0 0 0 0 0 0 0 0 0 0 0 0 0]
[977090784659095430367519565445998087516086178304098348096193989421445694677681706547 0 1 0 0 0 0 0 0 0 0 0 0 0 0 0 0 0 0 0 0 0 0 0 0 0 0 0]
[915673129645585132225429422268258959293762434585272782618197238642922477503679523109 0 0 1 0 0 0 0 0 0 0 0 0 0 0 0 0 0 0 0 0 0 0 0 0 0 0 0]
[335670410122682794448338602520542398286947308390816542173811361877548952784650536846 0 0 0 1 0 0 0 0 0 0 0 0 0 0 0 0 0 0 0 0 0 0 0 0 0 0 0]
[1751575907685179821207732141784177484710009984002533632284694058076952563144821044247 0 0 0 0 1 0 0 0 0 0 0 0 0 0 0 0 0 0 0 0 0 0 0 0 0 0 0]
[1798280207865812634869939374364685898814136302744352752289904707213667408457693103327 0 0 0 0 0 1 0 0 0 0 0 0 0 0 0 0 0 0 0 0 0 0 0 0 0 0 0]
[1665025756964138111964767908354581608746651008060559252912938938324158822407342928665 0 0 0 0 0 0 1 0 0 0 0 0 0 0 0 0 0 0 0 0 0 0 0 0 0 0 0]
[816630604859801197702729938442960562486675778524929644033934521307094228051284904833 0 0 0 0 0 0 0 1 0 0 0 0 0 0 0 0 0 0 0 0 0 0 0 0 0 0 0]
[163523918147834761672276452804728676521476455738401820659721325669592720377491131112 0 0 0 0 0 0 0 0 1 0 0 0 0 0 0 0 0 0 0 0 0 0 0 0 0 0 0]
[1817827470429020059007994791001782848454518248143217522025096993431365774209898675123 0 0 0 0 0 0 0 0 0 1 0 0 0 0 0 0 0 0 0 0 0 0 0 0 0 0 0]
[381921901115332106192709330643519002684805470466997543775878308895243263213935680302 0 0 0 0 0 0 0 0 0 0 1 0 0 0 0 0 0 0 0 0 0 0 0 0 0 0 0]
[175457637643593691702499879191398508522574942583449915204296996288113575341365875522 0 0 0 0 0 0 0 0 0 0 0 1 0 0 0 0 0 0 0 0 0 0 0 0 0 0 0]
[727498634967884097657726251900991214580217777947028903676213384074988471170558737940 0 0 0 0 0 0 0 0 0 0 0 0 1 0 0 0 0 0 0 0 0 0 0 0 0 0 0]
[1518946338702787928285144792329034599957457386334430114064562430980491718027377006570 0 0 0 0 0 0 0 0 0 0 0 0 0 1 0 0 0 0 0 0 0 0 0 0 0 0 0]
[981502363391293024264386705668475533450289140867630529532244877784078765403849186062 0 0 0 0 0 0 0 0 0 0 0 0 0 0 1 0 0 0 0 0 0 0 0 0 0 0 0]
[1348957555600242205410537149840717271236485415608873543846823158921037871589304063753 0 0 0 0 0 0 0 0 0 0 0 0 0 0 0 1 0 0 0 0 0 0 0 0 0 0 0]
[1108932900225640751365879570341394517476200230560946806893359983038302271759928489300 0 0 0 0 0 0 0 0 0 0 0 0 0 0 0 0 1 0 0 0 0 0 0 0 0 0 0]
[602278289916421310711350041740727219615324395645043163063988165809473509224965570445 0 0 0 0 0 0 0 0 0 0 0 0 0 0 0 0 0 1 0 0 0 0 0 0 0 0 0]
[1191894279449473222976551182388876715533966521358874966470824997828057962769070476510 0 0 0 0 0 0 0 0 0 0 0 0 0 0 0 0 0 0 1 0 0 0 0 0 0 0 0]
[596396059447503901085268421906662199608823427984692695754068571984808144371790444104 0 0 0 0 0 0 0 0 0 0 0 0 0 0 0 0 0 0 0 1 0 0 0 0 0 0 0]
[1214058989229818174728550878449916916406644331880866611701463384397129799015442889485 0 0 0 0 0 0 0 0 0 0 0 0 0 0 0 0 0 0 0 0 1 0 0 0 0 0 0]
[36002868565419360414072125023240130972784730031982125824138579380802555913634440849 0 0 0 0 0 0 0 0 0 0 0 0 0 0 0 0 0 0 0 0 0 1 0 0 0 0 0]
[229768850519657201380055279059636984089074698448060518338916503355479574688593858004 0 0 0 0 0 0 0 0 0 0 0 0 0 0 0 0 0 0 0 0 0 0 1 0 0 0 0]
[477297146741519944726288435990436411453133060960600822913241135013651248198304620327 0 0 0 0 0 0 0 0 0 0 0 0 0 0 0 0 0 0 0 0 0 0 0 1 0 0 0]
[1645006350041062929233978216231745531580843308727542220845704272869430866654022586211 0 0 0 0 0 0 0 0 0 0 0 0 0 0 0 0 0 0 0 0 0 0 0 0 1 0 0]
[682278075930332586638445472039496751231370070551086782889209313366203952879069918233 0 0 0 0 0 0 0 0 0 0 0 0 0 0 0 0 0 0 0 0 0 0 0 0 0 1 0]
[672275912130218869346823726213771627819940756794179680419811350386870201422128906841 0 0 0 0 0 0 0 0 0 0 0 0 0 0 0 0 0 0 0 0 0 0 0 0 0 0 1]
]
