[[1081538973759435905393440427873886143372065564751664815428689160039501954565755853137 0 0 0 0 0 0 0 0 0 0 0 0 0 0 0 0 0 0 0 0 0 0 0 0 0 0 0]
[335129818533136036963872086502394159355268248693268698893508213880239431742219087491 1 0 0 0 0 0 0 0 0 0 0 0 0 0 0 0 0 0 0 0 0 0 0 0 0 0 0]
[614016521202704380631532604122664122990074567920545405443729209627201131301484795600 0 1 0 0 0 0 0 0 0 0 0 0 0 0 0 0 0 0 0 0 0 0 0 0 0 0 0]
[643741962260324970101301240043899192914996586374111515537372619365646020704366057986 0 0 1 0 0 0 0 0 0 0 0 0 0 0 0 0 0 0 0 0 0 0 0 0 0 0 0]
[65286856794978750524425356599620920744631271764263026748994238855004477804608466125 0 0 0 1 0 0 0 0 0 0 0 0 0 0 0 0 0 0 0 0 0 0 0 0 0 0 0]
[258739919457988654276262567869182569672383507058843448515930174403067263200424903880 0 0 0 0 1 0 0 0 0 0 0 0 0 0 0 0 0 0 0 0 0 0 0 0 0 0 0]
[797891633284435964860345941991398815104610551363447555573247583523544839342507834825 0 0 0 0 0 1 0 0 0 0 0 0 0 0 0 0 0 0 0 0 0 0 0 0 0 0 0]
[757954970372179761399480539868634099637787148904395851054313944101316190482470341533 0 0 0 0 0 0 1 0 0 0 0 0 0 0 0 0 0 0 0 0 0 0 0 0 0 0 0]
[55932026213591584617966099143794339990619654210247842742074054982931065945613778803 0 0 0 0 0 0 0 1 0 0 0 0 0 0 0 0 0 0 0 0 0 0 0 0 0 0 0]
[160172184866239890975573850567784745315664003416394258532872926232196120573318610459 0 0 0 0 0 0 0 0 1 0 0 0 0 0 0 0 0 0 0 0 0 0 0 0 0 0 0]
[178167620935512078091325233736238997177737526012220185330031784248281600059113266747 0 0 0 0 0 0 0 0 0 1 0 0 0 0 0 0 0 0 0 0 0 0 0 0 0 0 0]
[393471268740222417000571425629426834645491613764000325936555855550098953098982076990 0 0 0 0 0 0 0 0 0 0 1 0 0 0 0 0 0 0 0 0 0 0 0 0 0 0 0]
[301343113057684558814005456358690716217397854030797683296516785763991176700890038884 0 0 0 0 0 0 0 0 0 0 0 1 0 0 0 0 0 0 0 0 0 0 0 0 0 0 0]
[97090005303918967222552308737994257401606319664669042298366833139012985656825871725 0 0 0 0 0 0 0 0 0 0 0 0 1 0 0 0 0 0 0 0 0 0 0 0 0 0 0]
[99067839560558749771570853225929598058447273116216294805252000016339570929144731866 0 0 0 0 0 0 0 0 0 0 0 0 0 1 0 0 0 0 0 0 0 0 0 0 0 0 0]
[969188029938775389574897689966606006170819932041038208695273522651393519473635058265 0 0 0 0 0 0 0 0 0 0 0 0 0 0 1 0 0 0 0 0 0 0 0 0 0 0 0]
[638380892823370946968947176994116512051294505801781214617946492834581890576804181108 0 0 0 0 0 0 0 0 0 0 0 0 0 0 0 1 0 0 0 0 0 0 0 0 0 0 0]
[800268900694040308110787577757796658545233328308388164548309814164393863681086595044 0 0 0 0 0 0 0 0 0 0 0 0 0 0 0 0 1 0 0 0 0 0 0 0 0 0 0]
[661114259116834411386471391272861485270040991116380652319778067815059748599322529549 0 0 0 0 0 0 0 0 0 0 0 0 0 0 0 0 0 1 0 0 0 0 0 0 0 0 0]
[613858899022573499456537081676379237575015421166181289738488200189438926556915158183 0 0 0 0 0 0 0 0 0 0 0 0 0 0 0 0 0 0 1 0 0 0 0 0 0 0 0]
[290240968600625389501051930037330267179289346121128291826799546163835961597655595138 0 0 0 0 0 0 0 0 0 0 0 0 0 0 0 0 0 0 0 1 0 0 0 0 0 0 0]
[555330487617459718339940012186315360392304664940446344096820938572120368035415335939 0 0 0 0 0 0 0 0 0 0 0 0 0 0 0 0 0 0 0 0 1 0 0 0 0 0 0]
[942638031280173319058931331308071255589516042263713483509819754358686433122019534197 0 0 0 0 0 0 0 0 0 0 0 0 0 0 0 0 0 0 0 0 0 1 0 0 0 0 0]
[626517450555261996844508424121074379586560769609526523296287801320407249455769925269 0 0 0 0 0 0 0 0 0 0 0 0 0 0 0 0 0 0 0 0 0 0 1 0 0 0 0]
[582469486904221754538923874614708412765432893556433359137653793548211157290183356056 0 0 0 0 0 0 0 0 0 0 0 0 0 0 0 0 0 0 0 0 0 0 0 1 0 0 0]
[399005904940146783795936572867809784829817770794307891145757884772703187857379749636 0 0 0 0 0 0 0 0 0 0 0 0 0 0 0 0 0 0 0 0 0 0 0 0 1 0 0]
[60479892544302437135589000436536433919880412301130728035861554466917336571984382529 0 0 0 0 0 0 0 0 0 0 0 0 0 0 0 0 0 0 0 0 0 0 0 0 0 1 0]
[384148521506768917744850752734494100538604555451909016519595621120869569787402993557 0 0 0 0 0 0 0 0 0 0 0 0 0 0 0 0 0 0 0 0 0 0 0 0 0 0 1]
]
