[[1454263894502542185600043063685580407191485739385461538973330745480088405411427023477 0 0 0 0 0 0 0 0 0 0 0 0 0 0 0 0 0 0 0 0 0 0 0 0 0 0 0]
[707673912155943166500641512632728767553897312974136333534214188610420162224229669210 1 0 0 0 0 0 0 0 0 0 0 0 0 0 0 0 0 0 0 0 0 0 0 0 0 0 0]
[619814921687212378499053425418705426433640627325549539072382157606560034818810388943 0 1 0 0 0 0 0 0 0 0 0 0 0 0 0 0 0 0 0 0 0 0 0 0 0 0 0]
[1210160606037279458436115650800055509914381702968321813528017562527799846533113805596 0 0 1 0 0 0 0 0 0 0 0 0 0 0 0 0 0 0 0 0 0 0 0 0 0 0 0]
[1292767279834258644462682353946471252790251920273399847074693120176574192828100311922 0 0 0 1 0 0 0 0 0 0 0 0 0 0 0 0 0 0 0 0 0 0 0 0 0 0 0]
[1373255771437035761558295215523784763688332390625060683196626501784771016817696260203 0 0 0 0 1 0 0 0 0 0 0 0 0 0 0 0 0 0 0 0 0 0 0 0 0 0 0]
[339316539017030777056755980759919586477847156059205285481960597892615695189774778964 0 0 0 0 0 1 0 0 0 0 0 0 0 0 0 0 0 0 0 0 0 0 0 0 0 0 0]
[935481494302669174990763719373771852797603753846463796297513963886987204955086197214 0 0 0 0 0 0 1 0 0 0 0 0 0 0 0 0 0 0 0 0 0 0 0 0 0 0 0]
[1430137808123404565255094596841377758126780886604841444608699449335857220521157423968 0 0 0 0 0 0 0 1 0 0 0 0 0 0 0 0 0 0 0 0 0 0 0 0 0 0 0]
[278690679607646732263263976862617733721916742031604337414884854870885171428766884478 0 0 0 0 0 0 0 0 1 0 0 0 0 0 0 0 0 0 0 0 0 0 0 0 0 0 0]
[899309986573167582421364178546970872033649698640525376582958814533976009328694465848 0 0 0 0 0 0 0 0 0 1 0 0 0 0 0 0 0 0 0 0 0 0 0 0 0 0 0]
[271425998745207464229403200595070499516384149721179632542576483663585107079508047917 0 0 0 0 0 0 0 0 0 0 1 0 0 0 0 0 0 0 0 0 0 0 0 0 0 0 0]
[106104079689685215845440425155506325076064814093883922269643119143349610593354704590 0 0 0 0 0 0 0 0 0 0 0 1 0 0 0 0 0 0 0 0 0 0 0 0 0 0 0]
[661567392565974322773455302499773245770658229681060362167155759452627113633228266993 0 0 0 0 0 0 0 0 0 0 0 0 1 0 0 0 0 0 0 0 0 0 0 0 0 0 0]
[334683359806613002858954069808525136749909889176807783960833139106810159612376628510 0 0 0 0 0 0 0 0 0 0 0 0 0 1 0 0 0 0 0 0 0 0 0 0 0 0 0]
[309779891365014384850925102741582433507742805105995710997762288681039240601509354854 0 0 0 0 0 0 0 0 0 0 0 0 0 0 1 0 0 0 0 0 0 0 0 0 0 0 0]
[611486383456449830039798758438350044297140490490789630819212130711462610438742779863 0 0 0 0 0 0 0 0 0 0 0 0 0 0 0 1 0 0 0 0 0 0 0 0 0 0 0]
[214630756131750842266434110826957724734681867811137028736854312728853774749572894136 0 0 0 0 0 0 0 0 0 0 0 0 0 0 0 0 1 0 0 0 0 0 0 0 0 0 0]
[89406377933837069387451760208705651309120589127929859082411075704822777563103257691 0 0 0 0 0 0 0 0 0 0 0 0 0 0 0 0 0 1 0 0 0 0 0 0 0 0 0]
[859106335968828300711346141952323667485705294701990376806359217885267119252797072738 0 0 0 0 0 0 0 0 0 0 0 0 0 0 0 0 0 0 1 0 0 0 0 0 0 0 0]
[997444891028518457597987355678231186124179114696895892104852257401513760481120015452 0 0 0 0 0 0 0 0 0 0 0 0 0 0 0 0 0 0 0 1 0 0 0 0 0 0 0]
[625991708405215729697544178819988323062028857808619113048896359299954809562182880401 0 0 0 0 0 0 0 0 0 0 0 0 0 0 0 0 0 0 0 0 1 0 0 0 0 0 0]
[1352084260162867877627763635175354183729226532852817846668299408907241186691014663167 0 0 0 0 0 0 0 0 0 0 0 0 0 0 0 0 0 0 0 0 0 1 0 0 0 0 0]
[1224372321275594572436514010265670187362816285166885061951877145882604648941355611876 0 0 0 0 0 0 0 0 0 0 0 0 0 0 0 0 0 0 0 0 0 0 1 0 0 0 0]
[1312512704251730886718667122105252985154814918109395596347465264546695644418201138973 0 0 0 0 0 0 0 0 0 0 0 0 0 0 0 0 0 0 0 0 0 0 0 1 0 0 0]
[1317495549804095471475066897100990200078273193369381941424523207158582935679016844640 0 0 0 0 0 0 0 0 0 0 0 0 0 0 0 0 0 0 0 0 0 0 0 0 1 0 0]
[86180112618225540569602618763200187212861471171482334712715671717747209208144580319 0 0 0 0 0 0 0 0 0 0 0 0 0 0 0 0 0 0 0 0 0 0 0 0 0 1 0]
[978707956113733456403375121197595783958252767452729830198075731645756315206579595689 0 0 0 0 0 0 0 0 0 0 0 0 0 0 0 0 0 0 0 0 0 0 0 0 0 0 1]
]
