[[1208071582523465033727749026278408340187405098065577220756620991528095383323986028053 0 0 0 0 0 0 0 0 0 0 0 0 0 0 0 0 0 0 0 0 0 0 0 0 0 0 0]
[1073026127557613024624922829354289073986341324252076028869812122751195997076395478866 1 0 0 0 0 0 0 0 0 0 0 0 0 0 0 0 0 0 0 0 0 0 0 0 0 0 0]
[629493947160976819227870580568972076715967426340992128539902576243954899729594799251 0 1 0 0 0 0 0 0 0 0 0 0 0 0 0 0 0 0 0 0 0 0 0 0 0 0 0]
[1194184212594855801633827655363294106227137611217210501282002421217092080377998976453 0 0 1 0 0 0 0 0 0 0 0 0 0 0 0 0 0 0 0 0 0 0 0 0 0 0 0]
[221682533362326576224657361758807230508228368491076636630056878926693619510466846710 0 0 0 1 0 0 0 0 0 0 0 0 0 0 0 0 0 0 0 0 0 0 0 0 0 0 0]
[104047572654384410314584682735880925127693600772630492214251122691477869100877359331 0 0 0 0 1 0 0 0 0 0 0 0 0 0 0 0 0 0 0 0 0 0 0 0 0 0 0]
[361213937385184715529027738322322162581560389601977928033518366779792709514599617766 0 0 0 0 0 1 0 0 0 0 0 0 0 0 0 0 0 0 0 0 0 0 0 0 0 0 0]
[269136782037684357528232474222760621965530579150339702765222280289765787754019840826 0 0 0 0 0 0 1 0 0 0 0 0 0 0 0 0 0 0 0 0 0 0 0 0 0 0 0]
[125908014940808331699845733657566768962858254544854160993755871328556137789403124574 0 0 0 0 0 0 0 1 0 0 0 0 0 0 0 0 0 0 0 0 0 0 0 0 0 0 0]
[317754342132821948507446163132477839422997744432297460382486015063216526647428264236 0 0 0 0 0 0 0 0 1 0 0 0 0 0 0 0 0 0 0 0 0 0 0 0 0 0 0]
[932737572993780945946817696330826510696501180492233315413537056225467799362377830626 0 0 0 0 0 0 0 0 0 1 0 0 0 0 0 0 0 0 0 0 0 0 0 0 0 0 0]
[1065673142897653866253939445946305811660497774193591575214544927639872496597419513683 0 0 0 0 0 0 0 0 0 0 1 0 0 0 0 0 0 0 0 0 0 0 0 0 0 0 0]
[603695845282672338618806540318387425405339654082276135697318709827158077655773840130 0 0 0 0 0 0 0 0 0 0 0 1 0 0 0 0 0 0 0 0 0 0 0 0 0 0 0]
[510866786549516645451249335508848667172878997132383846564605638574682941196675055052 0 0 0 0 0 0 0 0 0 0 0 0 1 0 0 0 0 0 0 0 0 0 0 0 0 0 0]
[1135786790640569149557686734947064102696649140982849728124098176236842326922069779230 0 0 0 0 0 0 0 0 0 0 0 0 0 1 0 0 0 0 0 0 0 0 0 0 0 0 0]
[1097062600625392371423266986130954222442814999732301164512851210546253430014079269033 0 0 0 0 0 0 0 0 0 0 0 0 0 0 1 0 0 0 0 0 0 0 0 0 0 0 0]
[814067219970344739391295869839189951677080162952080664707269713876604892263161202297 0 0 0 0 0 0 0 0 0 0 0 0 0 0 0 1 0 0 0 0 0 0 0 0 0 0 0]
[642998569775026899287561364375546976790556852523478749330407343145475825625048223880 0 0 0 0 0 0 0 0 0 0 0 0 0 0 0 0 1 0 0 0 0 0 0 0 0 0 0]
[928230010737718453881485530116529885191389746886295142957115773552420512387853387953 0 0 0 0 0 0 0 0 0 0 0 0 0 0 0 0 0 1 0 0 0 0 0 0 0 0 0]
[973937308750165428581358942946476204549444902367603663561023271707386835538088260959 0 0 0 0 0 0 0 0 0 0 0 0 0 0 0 0 0 0 1 0 0 0 0 0 0 0 0]
[1020279571106051922956031605915043724030451149942622489237985408027237912422568282927 0 0 0 0 0 0 0 0 0 0 0 0 0 0 0 0 0 0 0 1 0 0 0 0 0 0 0]
[853542552380637143610622021714204837704677327601487636169311033786463810565798375074 0 0 0 0 0 0 0 0 0 0 0 0 0 0 0 0 0 0 0 0 1 0 0 0 0 0 0]
[463614305643056287068161572829240252814951689225625702709045047258698763229837227942 0 0 0 0 0 0 0 0 0 0 0 0 0 0 0 0 0 0 0 0 0 1 0 0 0 0 0]
[1136112603548323645837201607338377529111462046485185235198944924589298377012829330861 0 0 0 0 0 0 0 0 0 0 0 0 0 0 0 0 0 0 0 0 0 0 1 0 0 0 0]
[730515641512890541934631701925560024457929632573803425447377877208432313724774516230 0 0 0 0 0 0 0 0 0 0 0 0 0 0 0 0 0 0 0 0 0 0 0 1 0 0 0]
[14105120388664663509971195187435045153354732850998841599405394212566350504686841704 0 0 0 0 0 0 0 0 0 0 0 0 0 0 0 0 0 0 0 0 0 0 0 0 1 0 0]
[716463556664197554003858561849753114408696554928422951249619923189408011953874140986 0 0 0 0 0 0 0 0 0 0 0 0 0 0 0 0 0 0 0 0 0 0 0 0 0 1 0]
[971569038898628554021595130769150852809965474843181806587575124495042919662709346224 0 0 0 0 0 0 0 0 0 0 0 0 0 0 0 0 0 0 0 0 0 0 0 0 0 0 1]
]
