[[1575383089249266004506130559703414190951738021911009245376283574435648848281979221779 0 0 0 0 0 0 0 0 0 0 0 0 0 0 0 0 0 0 0 0 0 0 0 0 0 0 0]
[938114678886809646776482309498074602522925377427100596926086521413644246712370285523 1 0 0 0 0 0 0 0 0 0 0 0 0 0 0 0 0 0 0 0 0 0 0 0 0 0 0]
[776108527173316803279220539290124973435461134425639856374568493926158181301794161517 0 1 0 0 0 0 0 0 0 0 0 0 0 0 0 0 0 0 0 0 0 0 0 0 0 0 0]
[294437144276873733438812242667182840096986370324909954854072390592544317424050127943 0 0 1 0 0 0 0 0 0 0 0 0 0 0 0 0 0 0 0 0 0 0 0 0 0 0 0]
[50972129858030772276536034667043770408705690030176347232015845883024598253407901553 0 0 0 1 0 0 0 0 0 0 0 0 0 0 0 0 0 0 0 0 0 0 0 0 0 0 0]
[1317463245199633321656293075591785844467732069044484743230962938452941500829628797253 0 0 0 0 1 0 0 0 0 0 0 0 0 0 0 0 0 0 0 0 0 0 0 0 0 0 0]
[346625494219459611352037094390922624888879139975991655456213873991609468864959440977 0 0 0 0 0 1 0 0 0 0 0 0 0 0 0 0 0 0 0 0 0 0 0 0 0 0 0]
[1375766229833747691752956035338953494945655647750194575410904912804927641059178871410 0 0 0 0 0 0 1 0 0 0 0 0 0 0 0 0 0 0 0 0 0 0 0 0 0 0 0]
[793867541604188145466025307313722738360024926323216642619437434371085419089991949939 0 0 0 0 0 0 0 1 0 0 0 0 0 0 0 0 0 0 0 0 0 0 0 0 0 0 0]
[1089792455209461062407426100403443228204361487177950612601710106687132051570868209255 0 0 0 0 0 0 0 0 1 0 0 0 0 0 0 0 0 0 0 0 0 0 0 0 0 0 0]
[373252301795053991832739229714657241730905021700709696256298531102298915909139729226 0 0 0 0 0 0 0 0 0 1 0 0 0 0 0 0 0 0 0 0 0 0 0 0 0 0 0]
[967025394523606495754599287407311822254081369158798344795197435894743741240480672874 0 0 0 0 0 0 0 0 0 0 1 0 0 0 0 0 0 0 0 0 0 0 0 0 0 0 0]
[250017830133214111594449757042498770335141949097787896761213723518877322704007915961 0 0 0 0 0 0 0 0 0 0 0 1 0 0 0 0 0 0 0 0 0 0 0 0 0 0 0]
[1573562895122815535556260554594327719264380473688152240313167583844089767443306517935 0 0 0 0 0 0 0 0 0 0 0 0 1 0 0 0 0 0 0 0 0 0 0 0 0 0 0]
[1167677723935849456279941978180683458870413421621718758108428660657615929044169200905 0 0 0 0 0 0 0 0 0 0 0 0 0 1 0 0 0 0 0 0 0 0 0 0 0 0 0]
[1229834743298286044516972413877707271272580644143204410295293955131539462600956196703 0 0 0 0 0 0 0 0 0 0 0 0 0 0 1 0 0 0 0 0 0 0 0 0 0 0 0]
[515692759556295169021069979261637655704573453459239725473837406806526168132494973800 0 0 0 0 0 0 0 0 0 0 0 0 0 0 0 1 0 0 0 0 0 0 0 0 0 0 0]
[893453493268368822458003360128125792458297290004653295238711762387276421707817933698 0 0 0 0 0 0 0 0 0 0 0 0 0 0 0 0 1 0 0 0 0 0 0 0 0 0 0]
[594465673058509726723596381817579026667224766498896091680974047287027186425788342331 0 0 0 0 0 0 0 0 0 0 0 0 0 0 0 0 0 1 0 0 0 0 0 0 0 0 0]
[1386792454337087875479226803203143253215945070067401029424077003726915664307757137872 0 0 0 0 0 0 0 0 0 0 0 0 0 0 0 0 0 0 1 0 0 0 0 0 0 0 0]
[1041010374115935616777376453420534625347276187272240307780556786602652559912537660216 0 0 0 0 0 0 0 0 0 0 0 0 0 0 0 0 0 0 0 1 0 0 0 0 0 0 0]
[241884516306015727749303705271339655372959465122274955020420389350174695749459846765 0 0 0 0 0 0 0 0 0 0 0 0 0 0 0 0 0 0 0 0 1 0 0 0 0 0 0]
[884727148456688129341097883720961522845215266089486587444058263456705836472285580908 0 0 0 0 0 0 0 0 0 0 0 0 0 0 0 0 0 0 0 0 0 1 0 0 0 0 0]
[1082958118157455779228771469558924840532452569780656083315506982375748452038805365909 0 0 0 0 0 0 0 0 0 0 0 0 0 0 0 0 0 0 0 0 0 0 1 0 0 0 0]
[758231116921585528211357921457436202619124166449168173284435499610518058820978464845 0 0 0 0 0 0 0 0 0 0 0 0 0 0 0 0 0 0 0 0 0 0 0 1 0 0 0]
[1167163281270292207595526083950116262711780736674207816715786007247331913127623801803 0 0 0 0 0 0 0 0 0 0 0 0 0 0 0 0 0 0 0 0 0 0 0 0 1 0 0]
[676013862390869923107721653980150053906912055081769211217685094806243681454236006443 0 0 0 0 0 0 0 0 0 0 0 0 0 0 0 0 0 0 0 0 0 0 0 0 0 1 0]
[95159353271874238424752996062338025391521050703755925450156766280258885284800526137 0 0 0 0 0 0 0 0 0 0 0 0 0 0 0 0 0 0 0 0 0 0 0 0 0 0 1]
]
