[[1447209182669523847860984316980828637954754724464898267383999538130514397203390675131 0 0 0 0 0 0 0 0 0 0 0 0 0 0 0 0 0 0 0 0 0 0 0 0 0 0 0]
[1199830521136177204154521343350313816416405118869719523785536317356889562315888066019 1 0 0 0 0 0 0 0 0 0 0 0 0 0 0 0 0 0 0 0 0 0 0 0 0 0 0]
[1050438809142950117097436303615289660613038854965039444909016208113356030954985537825 0 1 0 0 0 0 0 0 0 0 0 0 0 0 0 0 0 0 0 0 0 0 0 0 0 0 0]
[432980189318723013386861960290460857291383343532633126509380599130011745433612434776 0 0 1 0 0 0 0 0 0 0 0 0 0 0 0 0 0 0 0 0 0 0 0 0 0 0 0]
[60416333515985418411535783618879281835118867432985294459886744645990367141035498596 0 0 0 1 0 0 0 0 0 0 0 0 0 0 0 0 0 0 0 0 0 0 0 0 0 0 0]
[886987457262699049081801510371197909309431357257095261967361677673612625250575945455 0 0 0 0 1 0 0 0 0 0 0 0 0 0 0 0 0 0 0 0 0 0 0 0 0 0 0]
[496222956469534999237518142413606140236079898888155294288213079204544120185003724583 0 0 0 0 0 1 0 0 0 0 0 0 0 0 0 0 0 0 0 0 0 0 0 0 0 0 0]
[147247620575132294386421441488904239648474925898777110400399676143519653136956186556 0 0 0 0 0 0 1 0 0 0 0 0 0 0 0 0 0 0 0 0 0 0 0 0 0 0 0]
[1307571527180411818630980282169453694096252149710717794832620708180867771598350716573 0 0 0 0 0 0 0 1 0 0 0 0 0 0 0 0 0 0 0 0 0 0 0 0 0 0 0]
[571251373967445582589987932678103948318324988458617075587792667234649824848918048078 0 0 0 0 0 0 0 0 1 0 0 0 0 0 0 0 0 0 0 0 0 0 0 0 0 0 0]
[1293604077109227334004169638258328124942379645399385787749283104424971265364591362494 0 0 0 0 0 0 0 0 0 1 0 0 0 0 0 0 0 0 0 0 0 0 0 0 0 0 0]
[769328088015006594992111638830382875145204083530847032334425635659789137515490929022 0 0 0 0 0 0 0 0 0 0 1 0 0 0 0 0 0 0 0 0 0 0 0 0 0 0 0]
[986481638786615832100815894597529112060072206361438083293974196770826006228382746129 0 0 0 0 0 0 0 0 0 0 0 1 0 0 0 0 0 0 0 0 0 0 0 0 0 0 0]
[574564009959685641655961650285080157696442181282274782301102817749697750332392428341 0 0 0 0 0 0 0 0 0 0 0 0 1 0 0 0 0 0 0 0 0 0 0 0 0 0 0]
[905673389124761681351026527749959357886412234936256727613094572880638225310524753948 0 0 0 0 0 0 0 0 0 0 0 0 0 1 0 0 0 0 0 0 0 0 0 0 0 0 0]
[1286833549011046847501996021666621493706612185813828593157001754104426493496578388705 0 0 0 0 0 0 0 0 0 0 0 0 0 0 1 0 0 0 0 0 0 0 0 0 0 0 0]
[913832884916279035559971865918440075458723290028733401546959538902844584396039785252 0 0 0 0 0 0 0 0 0 0 0 0 0 0 0 1 0 0 0 0 0 0 0 0 0 0 0]
[1203151830571810213909342054544529638780228448642281291102970469131386685700031714708 0 0 0 0 0 0 0 0 0 0 0 0 0 0 0 0 1 0 0 0 0 0 0 0 0 0 0]
[15470653521335975195709311661374427726095362201692990422977739424084894759459702147 0 0 0 0 0 0 0 0 0 0 0 0 0 0 0 0 0 1 0 0 0 0 0 0 0 0 0]
[1290849534606370796301349001912417997489136110795482220903324214114525526581810869414 0 0 0 0 0 0 0 0 0 0 0 0 0 0 0 0 0 0 1 0 0 0 0 0 0 0 0]
[579940341390409602579909272363819437319192046027358622755412671348148193481393839580 0 0 0 0 0 0 0 0 0 0 0 0 0 0 0 0 0 0 0 1 0 0 0 0 0 0 0]
[171112508646670368864974079065359441186855339307973056505049458390666799786926222737 0 0 0 0 0 0 0 0 0 0 0 0 0 0 0 0 0 0 0 0 1 0 0 0 0 0 0]
[299336619408257719625264551603458246830967756105729638077988699571461273237042695384 0 0 0 0 0 0 0 0 0 0 0 0 0 0 0 0 0 0 0 0 0 1 0 0 0 0 0]
[134605044695839441177671086201209292578401361607512238722260948409075821199570552233 0 0 0 0 0 0 0 0 0 0 0 0 0 0 0 0 0 0 0 0 0 0 1 0 0 0 0]
[1138228720657846390301653835231750198974152043547168225698405308576390046978978894140 0 0 0 0 0 0 0 0 0 0 0 0 0 0 0 0 0 0 0 0 0 0 0 1 0 0 0]
[241147282266869708385848536344134721578006570857095039513992109409242990167566325406 0 0 0 0 0 0 0 0 0 0 0 0 0 0 0 0 0 0 0 0 0 0 0 0 1 0 0]
[837576410246353626049713086294017517165561568949866119598602880779725201232674276411 0 0 0 0 0 0 0 0 0 0 0 0 0 0 0 0 0 0 0 0 0 0 0 0 0 1 0]
[1388767952399094985614373732185701690062625791943145418849791833512876626376991403555 0 0 0 0 0 0 0 0 0 0 0 0 0 0 0 0 0 0 0 0 0 0 0 0 0 0 1]
]
