[[1490450871893360053618329626503857220345158760636887098848837838025921284563426063577 0 0 0 0 0 0 0 0 0 0 0 0 0 0 0 0 0 0 0 0 0 0 0 0 0 0 0]
[884639097798946793950321231148272446605469565979311891095379327772879514150736428916 1 0 0 0 0 0 0 0 0 0 0 0 0 0 0 0 0 0 0 0 0 0 0 0 0 0 0]
[184907213682674966983141465194448458283169534238190901912949286222443569604366210412 0 1 0 0 0 0 0 0 0 0 0 0 0 0 0 0 0 0 0 0 0 0 0 0 0 0 0]
[585550807819109940460685978855664661324878157308644563659855561599849017376741346059 0 0 1 0 0 0 0 0 0 0 0 0 0 0 0 0 0 0 0 0 0 0 0 0 0 0 0]
[1232136798194114350523700910228341751245781301022609129713712059057628482215978309930 0 0 0 1 0 0 0 0 0 0 0 0 0 0 0 0 0 0 0 0 0 0 0 0 0 0 0]
[655336632076748711086152549549149013136690653401607591344582699141195812370079936637 0 0 0 0 1 0 0 0 0 0 0 0 0 0 0 0 0 0 0 0 0 0 0 0 0 0 0]
[186655812168763884144559580987766223368686823130635270648542880922215502320712886150 0 0 0 0 0 1 0 0 0 0 0 0 0 0 0 0 0 0 0 0 0 0 0 0 0 0 0]
[1093001551857855606964863861969565946052845636965084190808081253170433840354177312781 0 0 0 0 0 0 1 0 0 0 0 0 0 0 0 0 0 0 0 0 0 0 0 0 0 0 0]
[1237427232164119758353046546134962286944434081210187425333067651343987745529875949114 0 0 0 0 0 0 0 1 0 0 0 0 0 0 0 0 0 0 0 0 0 0 0 0 0 0 0]
[1184627290879599890644289735973078100370834097055109572656129810664093883691894651327 0 0 0 0 0 0 0 0 1 0 0 0 0 0 0 0 0 0 0 0 0 0 0 0 0 0 0]
[1008457776547849484293757662437067477777077890921528246206487886044745829009917096803 0 0 0 0 0 0 0 0 0 1 0 0 0 0 0 0 0 0 0 0 0 0 0 0 0 0 0]
[1454768578846707605990444399105158615727034028969258644851906494456471954698724919364 0 0 0 0 0 0 0 0 0 0 1 0 0 0 0 0 0 0 0 0 0 0 0 0 0 0 0]
[75263191676351495108085107466900184394249987461150525851211624929658942394861447834 0 0 0 0 0 0 0 0 0 0 0 1 0 0 0 0 0 0 0 0 0 0 0 0 0 0 0]
[635752033402350543319543345815544402371514521538818540916597936493697806396342858144 0 0 0 0 0 0 0 0 0 0 0 0 1 0 0 0 0 0 0 0 0 0 0 0 0 0 0]
[861265918921085715859894636466119145804368742642546474476249279539138335551736299611 0 0 0 0 0 0 0 0 0 0 0 0 0 1 0 0 0 0 0 0 0 0 0 0 0 0 0]
[700814295038339443166918493169083931177450246470871945291112881494995755899328682794 0 0 0 0 0 0 0 0 0 0 0 0 0 0 1 0 0 0 0 0 0 0 0 0 0 0 0]
[1286204344145828261401120226398027412120715139270847200007340713082197583985060268457 0 0 0 0 0 0 0 0 0 0 0 0 0 0 0 1 0 0 0 0 0 0 0 0 0 0 0]
[779905340483818955784985603884082370821541149214489613314462551262505072418866111240 0 0 0 0 0 0 0 0 0 0 0 0 0 0 0 0 1 0 0 0 0 0 0 0 0 0 0]
[26597892933027846218361641375057992017625528600009914469663627688659641402772208010 0 0 0 0 0 0 0 0 0 0 0 0 0 0 0 0 0 1 0 0 0 0 0 0 0 0 0]
[1388878823873264128811583703038410182390880151864945466287484559828502516484121194165 0 0 0 0 0 0 0 0 0 0 0 0 0 0 0 0 0 0 1 0 0 0 0 0 0 0 0]
[908508891690222260780964558832366599127123658571422744413749360410665581002698509402 0 0 0 0 0 0 0 0 0 0 0 0 0 0 0 0 0 0 0 1 0 0 0 0 0 0 0]
[449827225930207431142423755218660916784842005820369943347092612619791958139455401275 0 0 0 0 0 0 0 0 0 0 0 0 0 0 0 0 0 0 0 0 1 0 0 0 0 0 0]
[228897260136952831950543823579706578421638058514525275440905998726678246688279628582 0 0 0 0 0 0 0 0 0 0 0 0 0 0 0 0 0 0 0 0 0 1 0 0 0 0 0]
[1356854857273664101858726395319559578794407506273086386382802277693861658136082578015 0 0 0 0 0 0 0 0 0 0 0 0 0 0 0 0 0 0 0 0 0 0 1 0 0 0 0]
[1295317879300395083495152562802261604568311409957602709805140137410521923733528227721 0 0 0 0 0 0 0 0 0 0 0 0 0 0 0 0 0 0 0 0 0 0 0 1 0 0 0]
[549255203288527351159698878056240836422796814460724653733124933871530415632278072165 0 0 0 0 0 0 0 0 0 0 0 0 0 0 0 0 0 0 0 0 0 0 0 0 1 0 0]
[221533650689728577136781941514503157804016972061120547542280961834565495306266620 0 0 0 0 0 0 0 0 0 0 0 0 0 0 0 0 0 0 0 0 0 0 0 0 0 1 0]
[30382503296966992253648990239985381918851121300386110228954353313884629934224369525 0 0 0 0 0 0 0 0 0 0 0 0 0 0 0 0 0 0 0 0 0 0 0 0 0 0 1]
]
