[[993963938318825814921976845438030195647791931325410001819828372309702857093251653091 0 0 0 0 0 0 0 0 0 0 0 0 0 0 0 0 0 0 0 0 0 0 0 0 0 0 0]
[959508558802941399764088394671920519851408389774013481728967363866176884450140964891 1 0 0 0 0 0 0 0 0 0 0 0 0 0 0 0 0 0 0 0 0 0 0 0 0 0 0]
[413706710936679073620223035355929025863636312526369470316278347220849372062151738373 0 1 0 0 0 0 0 0 0 0 0 0 0 0 0 0 0 0 0 0 0 0 0 0 0 0 0]
[648069564230684410664213904587192660360051264495156646496210497510520250816539853315 0 0 1 0 0 0 0 0 0 0 0 0 0 0 0 0 0 0 0 0 0 0 0 0 0 0 0]
[85146527393947274496579371561849183484095581309454839757781192839284960939937470632 0 0 0 1 0 0 0 0 0 0 0 0 0 0 0 0 0 0 0 0 0 0 0 0 0 0 0]
[32344093814121602410673896353696894523680283618690557304408960941197186005102008702 0 0 0 0 1 0 0 0 0 0 0 0 0 0 0 0 0 0 0 0 0 0 0 0 0 0 0]
[426807234897658933695013420556166456089969379098507157642943229356596750632291179428 0 0 0 0 0 1 0 0 0 0 0 0 0 0 0 0 0 0 0 0 0 0 0 0 0 0 0]
[489959549719150117963767870369633143126957224002944663140496615659016623627238749691 0 0 0 0 0 0 1 0 0 0 0 0 0 0 0 0 0 0 0 0 0 0 0 0 0 0 0]
[370038938025488046689584747818543336538843272172039016990480054203891267155281768419 0 0 0 0 0 0 0 1 0 0 0 0 0 0 0 0 0 0 0 0 0 0 0 0 0 0 0]
[258245526651314842949876956204888420606809285150683994683562538577196095135720712658 0 0 0 0 0 0 0 0 1 0 0 0 0 0 0 0 0 0 0 0 0 0 0 0 0 0 0]
[987398441787106801787447813605834554861109906064358111741995218257098048460949585652 0 0 0 0 0 0 0 0 0 1 0 0 0 0 0 0 0 0 0 0 0 0 0 0 0 0 0]
[189651122495769558100119925290879914796553578557806545324029021097450436861762655554 0 0 0 0 0 0 0 0 0 0 1 0 0 0 0 0 0 0 0 0 0 0 0 0 0 0 0]
[716756994068049507660951007201380647732825175933123788946896126580463310560182976778 0 0 0 0 0 0 0 0 0 0 0 1 0 0 0 0 0 0 0 0 0 0 0 0 0 0 0]
[81433890156708213347824560300557323047342161081923036506008541938845595039377565911 0 0 0 0 0 0 0 0 0 0 0 0 1 0 0 0 0 0 0 0 0 0 0 0 0 0 0]
[991483109075934179124190316248781402052871337556176216374318471035552759185277152235 0 0 0 0 0 0 0 0 0 0 0 0 0 1 0 0 0 0 0 0 0 0 0 0 0 0 0]
[240549230540317997260209595217835103011891589412928545918293143360046630975536090148 0 0 0 0 0 0 0 0 0 0 0 0 0 0 1 0 0 0 0 0 0 0 0 0 0 0 0]
[369957832046935141930821991440156756663220200582633037158139927842682760648895399898 0 0 0 0 0 0 0 0 0 0 0 0 0 0 0 1 0 0 0 0 0 0 0 0 0 0 0]
[36921782305013282706628755085861522830209394754811135462547575835311018035729250430 0 0 0 0 0 0 0 0 0 0 0 0 0 0 0 0 1 0 0 0 0 0 0 0 0 0 0]
[154675567526651822952985851110630548402175935883249830140690571531424265183724622886 0 0 0 0 0 0 0 0 0 0 0 0 0 0 0 0 0 1 0 0 0 0 0 0 0 0 0]
[113602948524789011106498661520038372819385267048976425839293743315559515984878907198 0 0 0 0 0 0 0 0 0 0 0 0 0 0 0 0 0 0 1 0 0 0 0 0 0 0 0]
[217320239962243428015270252386869733304679390983964271369219372238621429434115980703 0 0 0 0 0 0 0 0 0 0 0 0 0 0 0 0 0 0 0 1 0 0 0 0 0 0 0]
[811469861709453462553898935639628068288286430159770204848063062296154935686747174583 0 0 0 0 0 0 0 0 0 0 0 0 0 0 0 0 0 0 0 0 1 0 0 0 0 0 0]
[432893868349273686632116014625964751873950064271548880244173427600575479843124155653 0 0 0 0 0 0 0 0 0 0 0 0 0 0 0 0 0 0 0 0 0 1 0 0 0 0 0]
[952701882050390128156875764888284498997998244156801987377919514019320595027631185324 0 0 0 0 0 0 0 0 0 0 0 0 0 0 0 0 0 0 0 0 0 0 1 0 0 0 0]
[782677987225162014845025409485960463891675177013857365294519889114308567159551710994 0 0 0 0 0 0 0 0 0 0 0 0 0 0 0 0 0 0 0 0 0 0 0 1 0 0 0]
[290805373171177912292117624943754188606025375962210692171867055713100267542744860215 0 0 0 0 0 0 0 0 0 0 0 0 0 0 0 0 0 0 0 0 0 0 0 0 1 0 0]
[282494548606794472239607583372903392471684896709116359793182314323133101937325478968 0 0 0 0 0 0 0 0 0 0 0 0 0 0 0 0 0 0 0 0 0 0 0 0 0 1 0]
[18836539633079396657988133647894609315482676618197071944807811684663747600366066218 0 0 0 0 0 0 0 0 0 0 0 0 0 0 0 0 0 0 0 0 0 0 0 0 0 0 1]
]
