[[1885108620401396990719029045115040377786552192572364404067910245163411378472764570401 0 0 0 0 0 0 0 0 0 0 0 0 0 0 0 0 0 0 0 0 0 0 0 0 0 0 0]
[206042771558036905310589083165532372322215270818552430314676616267018901560195403679 1 0 0 0 0 0 0 0 0 0 0 0 0 0 0 0 0 0 0 0 0 0 0 0 0 0 0]
[1203198154473783434321917176807069529556067124361058160883112168592657314189142095883 0 1 0 0 0 0 0 0 0 0 0 0 0 0 0 0 0 0 0 0 0 0 0 0 0 0 0]
[359679387892960298726742765218963956554577417340738669440565215331744636019881869606 0 0 1 0 0 0 0 0 0 0 0 0 0 0 0 0 0 0 0 0 0 0 0 0 0 0 0]
[1038744542084446343080012371244167907053869935361455562738692178384008268284070693651 0 0 0 1 0 0 0 0 0 0 0 0 0 0 0 0 0 0 0 0 0 0 0 0 0 0 0]
[1023267835056454002641775618532270930069789854989515599580973931781767325170892569933 0 0 0 0 1 0 0 0 0 0 0 0 0 0 0 0 0 0 0 0 0 0 0 0 0 0 0]
[1776443383817980818410698874064145118686691886560600217631464208100068804272724873874 0 0 0 0 0 1 0 0 0 0 0 0 0 0 0 0 0 0 0 0 0 0 0 0 0 0 0]
[1213972625306117767793321486157992643557354269033664087674487932527920548201657465574 0 0 0 0 0 0 1 0 0 0 0 0 0 0 0 0 0 0 0 0 0 0 0 0 0 0 0]
[1054637536783020501636034178881451523008045227828364485178598133665867599444162904626 0 0 0 0 0 0 0 1 0 0 0 0 0 0 0 0 0 0 0 0 0 0 0 0 0 0 0]
[846828887785977775514310169417993683270295194538297425739349597933581265378756702000 0 0 0 0 0 0 0 0 1 0 0 0 0 0 0 0 0 0 0 0 0 0 0 0 0 0 0]
[827951327028525798512842836016043358357897773420956611915562658932013861439999369842 0 0 0 0 0 0 0 0 0 1 0 0 0 0 0 0 0 0 0 0 0 0 0 0 0 0 0]
[1780360024795123117891333944047806995741884764831021955190255708554649951964361887908 0 0 0 0 0 0 0 0 0 0 1 0 0 0 0 0 0 0 0 0 0 0 0 0 0 0 0]
[1218053606717073213570535919287211959311354042047957548015462356226536497730662046284 0 0 0 0 0 0 0 0 0 0 0 1 0 0 0 0 0 0 0 0 0 0 0 0 0 0 0]
[1251907269706797485934234632918039211374499700722904441377205742220494590463616957002 0 0 0 0 0 0 0 0 0 0 0 0 1 0 0 0 0 0 0 0 0 0 0 0 0 0 0]
[789002880685599897568326653932013733709244029160360912864695021443121007654713932297 0 0 0 0 0 0 0 0 0 0 0 0 0 1 0 0 0 0 0 0 0 0 0 0 0 0 0]
[618048375756293333375938388749092371591647888467003654395779602246330804561593339616 0 0 0 0 0 0 0 0 0 0 0 0 0 0 1 0 0 0 0 0 0 0 0 0 0 0 0]
[1731814890522851658052802002653618424776772949666638130890222767793810044060523099233 0 0 0 0 0 0 0 0 0 0 0 0 0 0 0 1 0 0 0 0 0 0 0 0 0 0 0]
[905981397784930201281144693584260164659428908750411115430515717559142179068982072530 0 0 0 0 0 0 0 0 0 0 0 0 0 0 0 0 1 0 0 0 0 0 0 0 0 0 0]
[187599067732194057670773379749707038038115454521907083649405811978551843983105683888 0 0 0 0 0 0 0 0 0 0 0 0 0 0 0 0 0 1 0 0 0 0 0 0 0 0 0]
[1208024922583921860092994388962134589346112157833653203946294084900230066944509794277 0 0 0 0 0 0 0 0 0 0 0 0 0 0 0 0 0 0 1 0 0 0 0 0 0 0 0]
[894962889606140493867816708448666775567987417401766839722821457227526981666175254607 0 0 0 0 0 0 0 0 0 0 0 0 0 0 0 0 0 0 0 1 0 0 0 0 0 0 0]
[922835850803335304605527687687807101499009617718195130246404354005963440532706959498 0 0 0 0 0 0 0 0 0 0 0 0 0 0 0 0 0 0 0 0 1 0 0 0 0 0 0]
[1704361528279202953128586942623441555050839452010429703615525396844197087893688167538 0 0 0 0 0 0 0 0 0 0 0 0 0 0 0 0 0 0 0 0 0 1 0 0 0 0 0]
[1377823192160363593068586967080975239234899175958578590962634241551722325692750216830 0 0 0 0 0 0 0 0 0 0 0 0 0 0 0 0 0 0 0 0 0 0 1 0 0 0 0]
[1549170686530166449962105087769925171465355901219889945897058235218371913641051226404 0 0 0 0 0 0 0 0 0 0 0 0 0 0 0 0 0 0 0 0 0 0 0 1 0 0 0]
[1170975734009135688799767348528811342107344167315444900764518073625292936349858195341 0 0 0 0 0 0 0 0 0 0 0 0 0 0 0 0 0 0 0 0 0 0 0 0 1 0 0]
[1066464452947964057639916375713810828905766060320767068855085823155528445333816260511 0 0 0 0 0 0 0 0 0 0 0 0 0 0 0 0 0 0 0 0 0 0 0 0 0 1 0]
[233693887348135533652380044059753158964957365514743776694545959773853295429291209574 0 0 0 0 0 0 0 0 0 0 0 0 0 0 0 0 0 0 0 0 0 0 0 0 0 0 1]
]
