[[1606242734344711988228829120993147899345941388912637632826354602730025426714543572799 0 0 0 0 0 0 0 0 0 0 0 0 0 0 0 0 0 0 0 0 0 0 0 0 0 0 0]
[253096914624975627691549430075181704963120930748692625873028357553011059477297004176 1 0 0 0 0 0 0 0 0 0 0 0 0 0 0 0 0 0 0 0 0 0 0 0 0 0 0]
[1286552478780209288147585724182971014335518985007221195705347721384387781247637259108 0 1 0 0 0 0 0 0 0 0 0 0 0 0 0 0 0 0 0 0 0 0 0 0 0 0 0]
[1571479105506870830160549213536693026203387591420299289598546291910923518583990103697 0 0 1 0 0 0 0 0 0 0 0 0 0 0 0 0 0 0 0 0 0 0 0 0 0 0 0]
[501263444877166022436327690330553449470858421589522200470828452171794960751711638254 0 0 0 1 0 0 0 0 0 0 0 0 0 0 0 0 0 0 0 0 0 0 0 0 0 0 0]
[1475486299942030570532058722212941505673615667354611509645951339896808068866067268620 0 0 0 0 1 0 0 0 0 0 0 0 0 0 0 0 0 0 0 0 0 0 0 0 0 0 0]
[230278326087070659299840182830530962679183204937424851849102515801507675927410934541 0 0 0 0 0 1 0 0 0 0 0 0 0 0 0 0 0 0 0 0 0 0 0 0 0 0 0]
[1396749519740672620455954677222866885690544865213016085942662078319102302070661406852 0 0 0 0 0 0 1 0 0 0 0 0 0 0 0 0 0 0 0 0 0 0 0 0 0 0 0]
[714928565589490485094308047960175100350530074042517192083891412123408512578458448088 0 0 0 0 0 0 0 1 0 0 0 0 0 0 0 0 0 0 0 0 0 0 0 0 0 0 0]
[258137657321057179221024575206809752807494269977351561887247531094620607032663195731 0 0 0 0 0 0 0 0 1 0 0 0 0 0 0 0 0 0 0 0 0 0 0 0 0 0 0]
[1482206795093699962617418766174575274684827283770169352874564484379153983389795755308 0 0 0 0 0 0 0 0 0 1 0 0 0 0 0 0 0 0 0 0 0 0 0 0 0 0 0]
[924405728685286529459011470368107277019882609429485684608512209706461903955419250928 0 0 0 0 0 0 0 0 0 0 1 0 0 0 0 0 0 0 0 0 0 0 0 0 0 0 0]
[1092514136041354494435563939602381192320873508468936557007465885332648442674892184263 0 0 0 0 0 0 0 0 0 0 0 1 0 0 0 0 0 0 0 0 0 0 0 0 0 0 0]
[1590594000317149212165615898850671731958682434612850598276201735653775494810373515565 0 0 0 0 0 0 0 0 0 0 0 0 1 0 0 0 0 0 0 0 0 0 0 0 0 0 0]
[500505693799309843499660948362164652913051685500302958122155855989649044202904366667 0 0 0 0 0 0 0 0 0 0 0 0 0 1 0 0 0 0 0 0 0 0 0 0 0 0 0]
[1139739470493751418964927425504969671971879796163362627963763490964109470642158448525 0 0 0 0 0 0 0 0 0 0 0 0 0 0 1 0 0 0 0 0 0 0 0 0 0 0 0]
[374202297261172644365211406153887053615041136204446007686397698941362211340988015242 0 0 0 0 0 0 0 0 0 0 0 0 0 0 0 1 0 0 0 0 0 0 0 0 0 0 0]
[893614888508045129370605673711919671678756179300299617316258916024178781761652538295 0 0 0 0 0 0 0 0 0 0 0 0 0 0 0 0 1 0 0 0 0 0 0 0 0 0 0]
[1402303558239453669525737628243314314635203204732005016897443420695067990065642907573 0 0 0 0 0 0 0 0 0 0 0 0 0 0 0 0 0 1 0 0 0 0 0 0 0 0 0]
[263037203190953652305675376099000054493017307045963909257064783814148128851993402205 0 0 0 0 0 0 0 0 0 0 0 0 0 0 0 0 0 0 1 0 0 0 0 0 0 0 0]
[358184051552772359316977059502271466218200752052728385926745590981941338471507058852 0 0 0 0 0 0 0 0 0 0 0 0 0 0 0 0 0 0 0 1 0 0 0 0 0 0 0]
[736833070851178486629537547796440586015281226428060677827321973769866890245269308330 0 0 0 0 0 0 0 0 0 0 0 0 0 0 0 0 0 0 0 0 1 0 0 0 0 0 0]
[983715664531421671837006281350924833293170239477609945724440808213751280416236297324 0 0 0 0 0 0 0 0 0 0 0 0 0 0 0 0 0 0 0 0 0 1 0 0 0 0 0]
[810776943291963317098103667463273361703956685844856536324853047385111625953770874361 0 0 0 0 0 0 0 0 0 0 0 0 0 0 0 0 0 0 0 0 0 0 1 0 0 0 0]
[255918925587944675056739815621172561678446720997417618471344792136304096601033143025 0 0 0 0 0 0 0 0 0 0 0 0 0 0 0 0 0 0 0 0 0 0 0 1 0 0 0]
[1285697091130456284318598608264634245249074633022032686406936898072914852005563092799 0 0 0 0 0 0 0 0 0 0 0 0 0 0 0 0 0 0 0 0 0 0 0 0 1 0 0]
[1285386328612526679401329491075437329030627503213624756318420429199660828522152508836 0 0 0 0 0 0 0 0 0 0 0 0 0 0 0 0 0 0 0 0 0 0 0 0 0 1 0]
[102671393722809872757030783491390908484766760207493384079197908185326959611075346980 0 0 0 0 0 0 0 0 0 0 0 0 0 0 0 0 0 0 0 0 0 0 0 0 0 0 1]
]
