[[1881677392526255606448953147760845023575469003828375809294400154749224714713696804851 0 0 0 0 0 0 0 0 0 0 0 0 0 0 0 0 0 0 0 0 0 0 0 0 0 0 0]
[1081728274216217315399143252272463712789975115609349423186133401065025576763263761184 1 0 0 0 0 0 0 0 0 0 0 0 0 0 0 0 0 0 0 0 0 0 0 0 0 0 0]
[1333969794949288254109678369771087208249596541113851392643314002092000904968981795953 0 1 0 0 0 0 0 0 0 0 0 0 0 0 0 0 0 0 0 0 0 0 0 0 0 0 0]
[1523888443555630774397185824010283159983955241528169594484517502512315827402891406087 0 0 1 0 0 0 0 0 0 0 0 0 0 0 0 0 0 0 0 0 0 0 0 0 0 0 0]
[1502310211875915371950072823648835760243718924735247417397565528405180166526481151279 0 0 0 1 0 0 0 0 0 0 0 0 0 0 0 0 0 0 0 0 0 0 0 0 0 0 0]
[940579645801894738362621798415452171754843299089977558852032631329537287182598663860 0 0 0 0 1 0 0 0 0 0 0 0 0 0 0 0 0 0 0 0 0 0 0 0 0 0 0]
[1145619324532875038171108613291902022993371288728709509906626782699750014774955685192 0 0 0 0 0 1 0 0 0 0 0 0 0 0 0 0 0 0 0 0 0 0 0 0 0 0 0]
[221915375038834565305236296260807683028136702537474609327965890767744425713615369055 0 0 0 0 0 0 1 0 0 0 0 0 0 0 0 0 0 0 0 0 0 0 0 0 0 0 0]
[267282918529929345212479021323423017309496833272614363182117392572866048980205785212 0 0 0 0 0 0 0 1 0 0 0 0 0 0 0 0 0 0 0 0 0 0 0 0 0 0 0]
[1609339909443427236162282347717751659688300628303272938279674890966997186791055115007 0 0 0 0 0 0 0 0 1 0 0 0 0 0 0 0 0 0 0 0 0 0 0 0 0 0 0]
[454624045957509557694582911260441699000266931417670652024816185108604125525822771810 0 0 0 0 0 0 0 0 0 1 0 0 0 0 0 0 0 0 0 0 0 0 0 0 0 0 0]
[287364865327979289275576563684259190597437294958590269382843360189907431039069339060 0 0 0 0 0 0 0 0 0 0 1 0 0 0 0 0 0 0 0 0 0 0 0 0 0 0 0]
[299100750173627792551251995493215710086218903443658112435203806894821871823756073308 0 0 0 0 0 0 0 0 0 0 0 1 0 0 0 0 0 0 0 0 0 0 0 0 0 0 0]
[788192655670500482911654551204283464154566163541193512914137771026756444195432707349 0 0 0 0 0 0 0 0 0 0 0 0 1 0 0 0 0 0 0 0 0 0 0 0 0 0 0]
[404570702023786779354710237692025263005944119585503810724945145433509374104562705153 0 0 0 0 0 0 0 0 0 0 0 0 0 1 0 0 0 0 0 0 0 0 0 0 0 0 0]
[1070042024892702801997875219546406680248225644293987176186049705012033660710478228310 0 0 0 0 0 0 0 0 0 0 0 0 0 0 1 0 0 0 0 0 0 0 0 0 0 0 0]
[1699978395587424132531111211361864095215837346102364286627438107413296650130688960415 0 0 0 0 0 0 0 0 0 0 0 0 0 0 0 1 0 0 0 0 0 0 0 0 0 0 0]
[1366466078561035199544927667847162556022211238100679305125420394839807081160265110323 0 0 0 0 0 0 0 0 0 0 0 0 0 0 0 0 1 0 0 0 0 0 0 0 0 0 0]
[1797235771420668205689231120012437337747349538663131742265167003498169186686259097481 0 0 0 0 0 0 0 0 0 0 0 0 0 0 0 0 0 1 0 0 0 0 0 0 0 0 0]
[266243002751935257704743969245832157285134051526047278842818337036697222018313151494 0 0 0 0 0 0 0 0 0 0 0 0 0 0 0 0 0 0 1 0 0 0 0 0 0 0 0]
[297119046988593423706713873868057749786866694657395382797108115807669027253694283394 0 0 0 0 0 0 0 0 0 0 0 0 0 0 0 0 0 0 0 1 0 0 0 0 0 0 0]
[576744538715931655766569228354131245250510158730873086867552411837535956646726870079 0 0 0 0 0 0 0 0 0 0 0 0 0 0 0 0 0 0 0 0 1 0 0 0 0 0 0]
[929935763807585478276092938185164439075027290449566225632719413020711641773972054821 0 0 0 0 0 0 0 0 0 0 0 0 0 0 0 0 0 0 0 0 0 1 0 0 0 0 0]
[1152917681355119589511291566200295126117819564459121482774231004441399686897528575473 0 0 0 0 0 0 0 0 0 0 0 0 0 0 0 0 0 0 0 0 0 0 1 0 0 0 0]
[895653280635413550326829910063902411714554041471002249071197852564203582355265608269 0 0 0 0 0 0 0 0 0 0 0 0 0 0 0 0 0 0 0 0 0 0 0 1 0 0 0]
[300117036613680612416940207828138307988118219670504720451029347375311677956673224671 0 0 0 0 0 0 0 0 0 0 0 0 0 0 0 0 0 0 0 0 0 0 0 0 1 0 0]
[1725765842599448948617235131357779598011644758892788161314648361610793729606244647995 0 0 0 0 0 0 0 0 0 0 0 0 0 0 0 0 0 0 0 0 0 0 0 0 0 1 0]
[1719343752810422938689518542413339382374992463487802371332352932580425523416828364136 0 0 0 0 0 0 0 0 0 0 0 0 0 0 0 0 0 0 0 0 0 0 0 0 0 0 1]
]
