[[1633497348217038788990502068359940303408843471093399520807445890176564949069787843357 0 0 0 0 0 0 0 0 0 0 0 0 0 0 0 0 0 0 0 0 0 0 0 0 0 0 0]
[1014399254727265300867866875824998249582858271404741441563735870778932349735476379988 1 0 0 0 0 0 0 0 0 0 0 0 0 0 0 0 0 0 0 0 0 0 0 0 0 0 0]
[1572943955434945769728413980953117417477903719905950193800820421900668145112431929844 0 1 0 0 0 0 0 0 0 0 0 0 0 0 0 0 0 0 0 0 0 0 0 0 0 0 0]
[1337926284486929299083556004744708853748441863311055523150085001923061293199997806813 0 0 1 0 0 0 0 0 0 0 0 0 0 0 0 0 0 0 0 0 0 0 0 0 0 0 0]
[618564846873367926333872136213009399386499099946288688909742902057216770909979349010 0 0 0 1 0 0 0 0 0 0 0 0 0 0 0 0 0 0 0 0 0 0 0 0 0 0 0]
[1024405325491767901292982696818333287321957423567148011854818475432187928048234443289 0 0 0 0 1 0 0 0 0 0 0 0 0 0 0 0 0 0 0 0 0 0 0 0 0 0 0]
[1367403885032877654921636867401786555472105367732239421997288237115007693298646568792 0 0 0 0 0 1 0 0 0 0 0 0 0 0 0 0 0 0 0 0 0 0 0 0 0 0 0]
[952737088809508139021658107944626748350105385901383040642468125742985345987118178449 0 0 0 0 0 0 1 0 0 0 0 0 0 0 0 0 0 0 0 0 0 0 0 0 0 0 0]
[749156618184310293478183545388773228137503759597850671575826425733182952361754575712 0 0 0 0 0 0 0 1 0 0 0 0 0 0 0 0 0 0 0 0 0 0 0 0 0 0 0]
[350717542997070603828252957249967129503848979831271422075988534853816521809256488126 0 0 0 0 0 0 0 0 1 0 0 0 0 0 0 0 0 0 0 0 0 0 0 0 0 0 0]
[1272606731428207399090095929376181731068249297938211373601941272182812348221381632918 0 0 0 0 0 0 0 0 0 1 0 0 0 0 0 0 0 0 0 0 0 0 0 0 0 0 0]
[823089187326368680361754372887519587165230190397071096593408221503999812291542318265 0 0 0 0 0 0 0 0 0 0 1 0 0 0 0 0 0 0 0 0 0 0 0 0 0 0 0]
[1365814016036181200437375017232244968211191526446803119752707340592921326303638166797 0 0 0 0 0 0 0 0 0 0 0 1 0 0 0 0 0 0 0 0 0 0 0 0 0 0 0]
[941792065465912459126769411106610472942206045686516354744936153946727017124838283283 0 0 0 0 0 0 0 0 0 0 0 0 1 0 0 0 0 0 0 0 0 0 0 0 0 0 0]
[467191498050918346739633231556465372456488223071601416041364182927315651793420446062 0 0 0 0 0 0 0 0 0 0 0 0 0 1 0 0 0 0 0 0 0 0 0 0 0 0 0]
[79104618401277467644684061311601116312988908805023392295889355716078150452901860034 0 0 0 0 0 0 0 0 0 0 0 0 0 0 1 0 0 0 0 0 0 0 0 0 0 0 0]
[1377787759392469943908891395511157450858923717787319086055824154617186522749500841648 0 0 0 0 0 0 0 0 0 0 0 0 0 0 0 1 0 0 0 0 0 0 0 0 0 0 0]
[1453582041348604099474755754538522396030240594763983799137336734975529672047312690640 0 0 0 0 0 0 0 0 0 0 0 0 0 0 0 0 1 0 0 0 0 0 0 0 0 0 0]
[110254038382868518050992061783542770809488161123567398381101037953403913786396300097 0 0 0 0 0 0 0 0 0 0 0 0 0 0 0 0 0 1 0 0 0 0 0 0 0 0 0]
[184953730722960899510217525795322218424031570911116743575175220912620098585343441746 0 0 0 0 0 0 0 0 0 0 0 0 0 0 0 0 0 0 1 0 0 0 0 0 0 0 0]
[179498417308236723211329251495286060610443110372778206722685271927373452507401501280 0 0 0 0 0 0 0 0 0 0 0 0 0 0 0 0 0 0 0 1 0 0 0 0 0 0 0]
[354624772632468145832944975104038848118688164594709519495688196880243868038124382283 0 0 0 0 0 0 0 0 0 0 0 0 0 0 0 0 0 0 0 0 1 0 0 0 0 0 0]
[1273459551167509010033939185902046338694167003943228651058892290502447680712242102219 0 0 0 0 0 0 0 0 0 0 0 0 0 0 0 0 0 0 0 0 0 1 0 0 0 0 0]
[376031367488658668953452861370240609532394591162891133058544631878888001410898940725 0 0 0 0 0 0 0 0 0 0 0 0 0 0 0 0 0 0 0 0 0 0 1 0 0 0 0]
[1376783487288537612884792699854049226175380857111087640964569541946803168026853108062 0 0 0 0 0 0 0 0 0 0 0 0 0 0 0 0 0 0 0 0 0 0 0 1 0 0 0]
[1014018923884726308489815780499957265387149247672218772288597727566184348139641121398 0 0 0 0 0 0 0 0 0 0 0 0 0 0 0 0 0 0 0 0 0 0 0 0 1 0 0]
[354704823737707593581677610134943342144752187677835061833975269556784268475912567224 0 0 0 0 0 0 0 0 0 0 0 0 0 0 0 0 0 0 0 0 0 0 0 0 0 1 0]
[1070649380447018317206381279757594464285551088434508292021149600176568911685843123634 0 0 0 0 0 0 0 0 0 0 0 0 0 0 0 0 0 0 0 0 0 0 0 0 0 0 1]
]
