[[1595674354644014337444667994289541319126280106616381079377193821515035012879735610133 0 0 0 0 0 0 0 0 0 0 0 0 0 0 0 0 0 0 0 0 0 0 0 0 0 0 0]
[443246043261812375445194682989559554120092241541320321046177569651748850636734268950 1 0 0 0 0 0 0 0 0 0 0 0 0 0 0 0 0 0 0 0 0 0 0 0 0 0 0]
[477112982939975774622804579241216470031244594899462591027909025543717067067770195423 0 1 0 0 0 0 0 0 0 0 0 0 0 0 0 0 0 0 0 0 0 0 0 0 0 0 0]
[1497445308019791422457394037348352423371408937341253102826812096421165116464443658374 0 0 1 0 0 0 0 0 0 0 0 0 0 0 0 0 0 0 0 0 0 0 0 0 0 0 0]
[519667236314165955764090240667344342169534861469044678493731505955618306064916095951 0 0 0 1 0 0 0 0 0 0 0 0 0 0 0 0 0 0 0 0 0 0 0 0 0 0 0]
[31390360596920136027946514868148290876227304620027925226311089680897372331506415483 0 0 0 0 1 0 0 0 0 0 0 0 0 0 0 0 0 0 0 0 0 0 0 0 0 0 0]
[869308327104755852931590118693830927261018748812862914916386799866303412478836048327 0 0 0 0 0 1 0 0 0 0 0 0 0 0 0 0 0 0 0 0 0 0 0 0 0 0 0]
[354076039686418822445401954801164968132086412163929904133616258729013678136347175749 0 0 0 0 0 0 1 0 0 0 0 0 0 0 0 0 0 0 0 0 0 0 0 0 0 0 0]
[563045212621381412779795057763941650183125853033747687057712823422161756624935960839 0 0 0 0 0 0 0 1 0 0 0 0 0 0 0 0 0 0 0 0 0 0 0 0 0 0 0]
[57485740192082246447058148786614252274491574607946766746317230752966580244343026329 0 0 0 0 0 0 0 0 1 0 0 0 0 0 0 0 0 0 0 0 0 0 0 0 0 0 0]
[1074377869421820215408767344796463588051416727585591644709722608629624648650095406108 0 0 0 0 0 0 0 0 0 1 0 0 0 0 0 0 0 0 0 0 0 0 0 0 0 0 0]
[497423248574663664619816394651694635078759811882235846169833416904675937968018871166 0 0 0 0 0 0 0 0 0 0 1 0 0 0 0 0 0 0 0 0 0 0 0 0 0 0 0]
[1020754476366085672909324105904097835175872826941180047156991734695386725025455407662 0 0 0 0 0 0 0 0 0 0 0 1 0 0 0 0 0 0 0 0 0 0 0 0 0 0 0]
[389924685156289183001598559526497752933797865267675439160243648422887770726319112717 0 0 0 0 0 0 0 0 0 0 0 0 1 0 0 0 0 0 0 0 0 0 0 0 0 0 0]
[634529271753079993867145408491612127213546978287955689263182595124076839465228570919 0 0 0 0 0 0 0 0 0 0 0 0 0 1 0 0 0 0 0 0 0 0 0 0 0 0 0]
[1534536095294365267200583766625644235501864784401651202590053606545236091507610198560 0 0 0 0 0 0 0 0 0 0 0 0 0 0 1 0 0 0 0 0 0 0 0 0 0 0 0]
[633197432330373249850418650327025660305605256080148740625971810323211542376601304145 0 0 0 0 0 0 0 0 0 0 0 0 0 0 0 1 0 0 0 0 0 0 0 0 0 0 0]
[818534521990350308753729257503797721356155909612953014352509373402828608920111145994 0 0 0 0 0 0 0 0 0 0 0 0 0 0 0 0 1 0 0 0 0 0 0 0 0 0 0]
[1044247669784580357891867757516848786567075395441475238496427673743779423986653153626 0 0 0 0 0 0 0 0 0 0 0 0 0 0 0 0 0 1 0 0 0 0 0 0 0 0 0]
[656955779677864862631888228416834606944768845174879289846043372603736141974186297874 0 0 0 0 0 0 0 0 0 0 0 0 0 0 0 0 0 0 1 0 0 0 0 0 0 0 0]
[245855953165313979050035862358781010788669359598859611730171938969956941968374636124 0 0 0 0 0 0 0 0 0 0 0 0 0 0 0 0 0 0 0 1 0 0 0 0 0 0 0]
[907638669113770875707574846728697469116612278168222918372381390591674151748792500794 0 0 0 0 0 0 0 0 0 0 0 0 0 0 0 0 0 0 0 0 1 0 0 0 0 0 0]
[1067464338930610522428652002526628208686591832608038887909212585656355759369181045265 0 0 0 0 0 0 0 0 0 0 0 0 0 0 0 0 0 0 0 0 0 1 0 0 0 0 0]
[1534914678778522983652720475559312409129929292433395103408971069861633268350098498115 0 0 0 0 0 0 0 0 0 0 0 0 0 0 0 0 0 0 0 0 0 0 1 0 0 0 0]
[163264626042460047174725040088120972074823663352032127303302016344181754944661975201 0 0 0 0 0 0 0 0 0 0 0 0 0 0 0 0 0 0 0 0 0 0 0 1 0 0 0]
[944460630264400564644128437541427833799589816775382928524662829100896861767937295780 0 0 0 0 0 0 0 0 0 0 0 0 0 0 0 0 0 0 0 0 0 0 0 0 1 0 0]
[1043446881718343191796578309928147602133365048431369466854857088969706339709414862756 0 0 0 0 0 0 0 0 0 0 0 0 0 0 0 0 0 0 0 0 0 0 0 0 0 1 0]
[785617178305985644447687420874453105642523587068702225071068010659718970832487944911 0 0 0 0 0 0 0 0 0 0 0 0 0 0 0 0 0 0 0 0 0 0 0 0 0 0 1]
]
