[[1845891259842551256926820078323397521014849450714336832604080097702691511404190381341 0 0 0 0 0 0 0 0 0 0 0 0 0 0 0 0 0 0 0 0 0 0 0 0 0 0 0]
[578112737749839193253297617253725600353966880257263916197557461346009041075846642105 1 0 0 0 0 0 0 0 0 0 0 0 0 0 0 0 0 0 0 0 0 0 0 0 0 0 0]
[371073918394605318925094084105816164256644452959999082617010301955355000717679092901 0 1 0 0 0 0 0 0 0 0 0 0 0 0 0 0 0 0 0 0 0 0 0 0 0 0 0]
[1182802572728198206288729902998570634871343544029506514701015537201870306827774875853 0 0 1 0 0 0 0 0 0 0 0 0 0 0 0 0 0 0 0 0 0 0 0 0 0 0 0]
[1838792950858847423329074144017005259225447723406701608748773829398988642960945207496 0 0 0 1 0 0 0 0 0 0 0 0 0 0 0 0 0 0 0 0 0 0 0 0 0 0 0]
[597839777476429427821457229506863069014712078976643678246143082750129538602818797297 0 0 0 0 1 0 0 0 0 0 0 0 0 0 0 0 0 0 0 0 0 0 0 0 0 0 0]
[715847409966719389957293391626625118495086523616220462258327487611888806289369141590 0 0 0 0 0 1 0 0 0 0 0 0 0 0 0 0 0 0 0 0 0 0 0 0 0 0 0]
[525428514052492985975454575183039892851593388869808917511705993474670208224858089723 0 0 0 0 0 0 1 0 0 0 0 0 0 0 0 0 0 0 0 0 0 0 0 0 0 0 0]
[1646310569642681709415949566234230549830442198359333004315967664482378241845439174762 0 0 0 0 0 0 0 1 0 0 0 0 0 0 0 0 0 0 0 0 0 0 0 0 0 0 0]
[1342845208088832451493308192042432967468056283569177086472618450950345227640837464367 0 0 0 0 0 0 0 0 1 0 0 0 0 0 0 0 0 0 0 0 0 0 0 0 0 0 0]
[1249279544509534504999775362446068721738897532637312491609429056845603118444947999249 0 0 0 0 0 0 0 0 0 1 0 0 0 0 0 0 0 0 0 0 0 0 0 0 0 0 0]
[1409752318495149189865879430149351181469506218576259132845476966365941030871255767000 0 0 0 0 0 0 0 0 0 0 1 0 0 0 0 0 0 0 0 0 0 0 0 0 0 0 0]
[1557572521980806372738784324450456802219161866391180902038607914203418879606685306641 0 0 0 0 0 0 0 0 0 0 0 1 0 0 0 0 0 0 0 0 0 0 0 0 0 0 0]
[483892241500103124481735603189785806523662334896727599038934089650723597680422561224 0 0 0 0 0 0 0 0 0 0 0 0 1 0 0 0 0 0 0 0 0 0 0 0 0 0 0]
[782837828838320641766968739326577211322759658102734852142851355709156394981653783954 0 0 0 0 0 0 0 0 0 0 0 0 0 1 0 0 0 0 0 0 0 0 0 0 0 0 0]
[1561902079890892595119524228078921027607838482371958960381938854148201889770534852047 0 0 0 0 0 0 0 0 0 0 0 0 0 0 1 0 0 0 0 0 0 0 0 0 0 0 0]
[536872384410492438525640589435347408175554396949824751255336613490411821960853615477 0 0 0 0 0 0 0 0 0 0 0 0 0 0 0 1 0 0 0 0 0 0 0 0 0 0 0]
[1022459472073948727381456094239584247547119575473335989428034742631702754541230554390 0 0 0 0 0 0 0 0 0 0 0 0 0 0 0 0 1 0 0 0 0 0 0 0 0 0 0]
[232663658183494187031663322025236806638268792542191483392041116244147928358583906739 0 0 0 0 0 0 0 0 0 0 0 0 0 0 0 0 0 1 0 0 0 0 0 0 0 0 0]
[1551695609759679539004463707002642751072594674976371585795542524752278817180953417360 0 0 0 0 0 0 0 0 0 0 0 0 0 0 0 0 0 0 1 0 0 0 0 0 0 0 0]
[193417062259201213068111216057310173451984677688644298750037934308613285218822206233 0 0 0 0 0 0 0 0 0 0 0 0 0 0 0 0 0 0 0 1 0 0 0 0 0 0 0]
[71527662718673731884077106264081641363748532256559412375036997069777814721134344998 0 0 0 0 0 0 0 0 0 0 0 0 0 0 0 0 0 0 0 0 1 0 0 0 0 0 0]
[981526540141479344560622416135580207386450006368231885803891220401857111544129444133 0 0 0 0 0 0 0 0 0 0 0 0 0 0 0 0 0 0 0 0 0 1 0 0 0 0 0]
[853701391166888717918383661350816046916356789187200686731564208688941006683553733557 0 0 0 0 0 0 0 0 0 0 0 0 0 0 0 0 0 0 0 0 0 0 1 0 0 0 0]
[1101319853366389634337797175043846850159481706167780246665592723413640341414695139765 0 0 0 0 0 0 0 0 0 0 0 0 0 0 0 0 0 0 0 0 0 0 0 1 0 0 0]
[971912644140514139150666333373920205263485576359115306610735955813568657819676812981 0 0 0 0 0 0 0 0 0 0 0 0 0 0 0 0 0 0 0 0 0 0 0 0 1 0 0]
[440415255620140791453721677425849257334557847090442630843945968223581535257566212398 0 0 0 0 0 0 0 0 0 0 0 0 0 0 0 0 0 0 0 0 0 0 0 0 0 1 0]
[1654105516159639896350968515441659628638530045469670709469112800732417043650953289166 0 0 0 0 0 0 0 0 0 0 0 0 0 0 0 0 0 0 0 0 0 0 0 0 0 0 1]
]
