[[1516340803278421318697206223909801868098763737190342986654017375717918065330483432299 0 0 0 0 0 0 0 0 0 0 0 0 0 0 0 0 0 0 0 0 0 0 0 0 0 0 0]
[488331515350681720676937917058035464474482031407195807390218898897227880009490192930 1 0 0 0 0 0 0 0 0 0 0 0 0 0 0 0 0 0 0 0 0 0 0 0 0 0 0]
[642932761952140391899499825783893458190330497647125442656965176253055533873494094251 0 1 0 0 0 0 0 0 0 0 0 0 0 0 0 0 0 0 0 0 0 0 0 0 0 0 0]
[300196508655942226863953032009173108165126343928002971849641503481640131275719585446 0 0 1 0 0 0 0 0 0 0 0 0 0 0 0 0 0 0 0 0 0 0 0 0 0 0 0]
[516131990554307239152115690787076747362630706292399592308704416736708550007516949103 0 0 0 1 0 0 0 0 0 0 0 0 0 0 0 0 0 0 0 0 0 0 0 0 0 0 0]
[805734243776357316171957718544706482197783938762280149373799840378078873027036508190 0 0 0 0 1 0 0 0 0 0 0 0 0 0 0 0 0 0 0 0 0 0 0 0 0 0 0]
[1275014334738494500011866572531772698478817007050400403251311451309396045964599013199 0 0 0 0 0 1 0 0 0 0 0 0 0 0 0 0 0 0 0 0 0 0 0 0 0 0 0]
[307338235019886365035885647434021224771543233088404052759864004489374027499474222507 0 0 0 0 0 0 1 0 0 0 0 0 0 0 0 0 0 0 0 0 0 0 0 0 0 0 0]
[984019817181561325522073268797426138618867044402406899531433687820120060522488601340 0 0 0 0 0 0 0 1 0 0 0 0 0 0 0 0 0 0 0 0 0 0 0 0 0 0 0]
[940969538917665580282076422339890361042810009270505380762666958203564679829173194572 0 0 0 0 0 0 0 0 1 0 0 0 0 0 0 0 0 0 0 0 0 0 0 0 0 0 0]
[1233879855967217662733556674470924067241314099726181852988969793051594327210872643999 0 0 0 0 0 0 0 0 0 1 0 0 0 0 0 0 0 0 0 0 0 0 0 0 0 0 0]
[794041337684888600747730224535220541594797141594795023052354553424552299470944963045 0 0 0 0 0 0 0 0 0 0 1 0 0 0 0 0 0 0 0 0 0 0 0 0 0 0 0]
[802108944027912712466229334602093305816180272777272487848614523793159068140973242712 0 0 0 0 0 0 0 0 0 0 0 1 0 0 0 0 0 0 0 0 0 0 0 0 0 0 0]
[214502292553844012079331433919282864671522891920507594831721183859603589771551398096 0 0 0 0 0 0 0 0 0 0 0 0 1 0 0 0 0 0 0 0 0 0 0 0 0 0 0]
[1096484449225012578153287651742988465299322089802012276179630765970801364283195399556 0 0 0 0 0 0 0 0 0 0 0 0 0 1 0 0 0 0 0 0 0 0 0 0 0 0 0]
[119295856286902367888911058292851367150996413332480812200324548561180634878292129964 0 0 0 0 0 0 0 0 0 0 0 0 0 0 1 0 0 0 0 0 0 0 0 0 0 0 0]
[628764695957103193766248022953638742320741677516418442201720359498377238521358778028 0 0 0 0 0 0 0 0 0 0 0 0 0 0 0 1 0 0 0 0 0 0 0 0 0 0 0]
[1215667774710744701286493619928822576205509947816978737130905486205241060070075615842 0 0 0 0 0 0 0 0 0 0 0 0 0 0 0 0 1 0 0 0 0 0 0 0 0 0 0]
[750340137956632127494774163880653241370354724849241221133235030826540831824324433220 0 0 0 0 0 0 0 0 0 0 0 0 0 0 0 0 0 1 0 0 0 0 0 0 0 0 0]
[902132665509533446881305301638487039112229513329748428677855536674855118992522490834 0 0 0 0 0 0 0 0 0 0 0 0 0 0 0 0 0 0 1 0 0 0 0 0 0 0 0]
[109212085945782955718340606927935249213973338922155486888665330031832682771674403118 0 0 0 0 0 0 0 0 0 0 0 0 0 0 0 0 0 0 0 1 0 0 0 0 0 0 0]
[956831452845618053493563848711236311887125754663552527804102968909468550937466210916 0 0 0 0 0 0 0 0 0 0 0 0 0 0 0 0 0 0 0 0 1 0 0 0 0 0 0]
[1310747381775622602047672717982284453076916048286023702081405568949848601302430431923 0 0 0 0 0 0 0 0 0 0 0 0 0 0 0 0 0 0 0 0 0 1 0 0 0 0 0]
[1228344701947513399150263294554538242861381378384512838456079328003661470312941223333 0 0 0 0 0 0 0 0 0 0 0 0 0 0 0 0 0 0 0 0 0 0 1 0 0 0 0]
[934784698413256051816830308228714984827819869842269023862672147549853523853148069469 0 0 0 0 0 0 0 0 0 0 0 0 0 0 0 0 0 0 0 0 0 0 0 1 0 0 0]
[207844795385868265943181999799529342285701822752243735822399584860276742082197751656 0 0 0 0 0 0 0 0 0 0 0 0 0 0 0 0 0 0 0 0 0 0 0 0 1 0 0]
[85983227250902263937213592194719052933585886079571699859612167357650078998397147624 0 0 0 0 0 0 0 0 0 0 0 0 0 0 0 0 0 0 0 0 0 0 0 0 0 1 0]
[136220635883207701418367775958247446390625580905114815478054592203704621599859496922 0 0 0 0 0 0 0 0 0 0 0 0 0 0 0 0 0 0 0 0 0 0 0 0 0 0 1]
]
