[[1378498792124037497446473604146711655012957533633487578675862674901912401299413697089 0 0 0 0 0 0 0 0 0 0 0 0 0 0 0 0 0 0 0 0 0 0 0 0 0 0 0]
[124633448342535936743880247572065710333273040489147535280563886076921720658117281809 1 0 0 0 0 0 0 0 0 0 0 0 0 0 0 0 0 0 0 0 0 0 0 0 0 0 0]
[279308920570635382985987744009312962865373677111186315803663528472720308765811628745 0 1 0 0 0 0 0 0 0 0 0 0 0 0 0 0 0 0 0 0 0 0 0 0 0 0 0]
[1241063605164068101138943562047566901797542877562195182503376888781281429112324475668 0 0 1 0 0 0 0 0 0 0 0 0 0 0 0 0 0 0 0 0 0 0 0 0 0 0 0]
[472346147663979085798045804826201556792086010418521933123512871001156929700622198938 0 0 0 1 0 0 0 0 0 0 0 0 0 0 0 0 0 0 0 0 0 0 0 0 0 0 0]
[1225410657732901229007670185887315806223138362849195738274332549694720761053851621799 0 0 0 0 1 0 0 0 0 0 0 0 0 0 0 0 0 0 0 0 0 0 0 0 0 0 0]
[511623305939435324211369311789741621386301785676969028866909572179693209628857881476 0 0 0 0 0 1 0 0 0 0 0 0 0 0 0 0 0 0 0 0 0 0 0 0 0 0 0]
[255621316838025370967076750584812396531882650872035112494594656087074299882646251776 0 0 0 0 0 0 1 0 0 0 0 0 0 0 0 0 0 0 0 0 0 0 0 0 0 0 0]
[373552855794384405038151810951553522762080257481869658181816772247596279735733913058 0 0 0 0 0 0 0 1 0 0 0 0 0 0 0 0 0 0 0 0 0 0 0 0 0 0 0]
[1290972033504029797355205802336402769806646969761591274207447994008793054903835637607 0 0 0 0 0 0 0 0 1 0 0 0 0 0 0 0 0 0 0 0 0 0 0 0 0 0 0]
[840880037275158102845379344758054507727717298828850700541208547827230106799295331707 0 0 0 0 0 0 0 0 0 1 0 0 0 0 0 0 0 0 0 0 0 0 0 0 0 0 0]
[867008488675831966308182649019211207447305406810612437863531255642048600095911401442 0 0 0 0 0 0 0 0 0 0 1 0 0 0 0 0 0 0 0 0 0 0 0 0 0 0 0]
[344832028172096482052550709190543772290290698178129419225007332885598989325953913162 0 0 0 0 0 0 0 0 0 0 0 1 0 0 0 0 0 0 0 0 0 0 0 0 0 0 0]
[539542360986952094968704760408794363516180874776902013713838696344539626349118691178 0 0 0 0 0 0 0 0 0 0 0 0 1 0 0 0 0 0 0 0 0 0 0 0 0 0 0]
[835617517841774432453619418769215164948556223875467504195198735285301874656668400543 0 0 0 0 0 0 0 0 0 0 0 0 0 1 0 0 0 0 0 0 0 0 0 0 0 0 0]
[39496826474484586681469771973340495861091591791598188848676519124556361787435635439 0 0 0 0 0 0 0 0 0 0 0 0 0 0 1 0 0 0 0 0 0 0 0 0 0 0 0]
[168727871450872273263782675626283880124215583392163571595691412645299596268393493564 0 0 0 0 0 0 0 0 0 0 0 0 0 0 0 1 0 0 0 0 0 0 0 0 0 0 0]
[205029029297453656751649010859229052921296407989359580458831068452930666179086989269 0 0 0 0 0 0 0 0 0 0 0 0 0 0 0 0 1 0 0 0 0 0 0 0 0 0 0]
[414964090342285327174478803399107062501272430943323022916524590721574560375321891124 0 0 0 0 0 0 0 0 0 0 0 0 0 0 0 0 0 1 0 0 0 0 0 0 0 0 0]
[1133332712051275439231213515737530214224165518512708254924505238567311201674516232877 0 0 0 0 0 0 0 0 0 0 0 0 0 0 0 0 0 0 1 0 0 0 0 0 0 0 0]
[1156793079340241786147160659125135196842435980539511068902080534932405938676441673347 0 0 0 0 0 0 0 0 0 0 0 0 0 0 0 0 0 0 0 1 0 0 0 0 0 0 0]
[36876818346628179139297449335804267129033317859571845930159069635768990490068290735 0 0 0 0 0 0 0 0 0 0 0 0 0 0 0 0 0 0 0 0 1 0 0 0 0 0 0]
[1363585940211415187212804757001790308197496290986627218976994094240135403541082960475 0 0 0 0 0 0 0 0 0 0 0 0 0 0 0 0 0 0 0 0 0 1 0 0 0 0 0]
[727118456878160182594041519527601672749512456961841527018997104039048302654905125209 0 0 0 0 0 0 0 0 0 0 0 0 0 0 0 0 0 0 0 0 0 0 1 0 0 0 0]
[584230518261747976917924216424816450848771482579478234077426888797035897641823685879 0 0 0 0 0 0 0 0 0 0 0 0 0 0 0 0 0 0 0 0 0 0 0 1 0 0 0]
[808115838141501621092934413840116516045134333120208620197018909826096286478865889124 0 0 0 0 0 0 0 0 0 0 0 0 0 0 0 0 0 0 0 0 0 0 0 0 1 0 0]
[806647307778575537859878410064175192534832173706177312666972436617741366127037853947 0 0 0 0 0 0 0 0 0 0 0 0 0 0 0 0 0 0 0 0 0 0 0 0 0 1 0]
[598754210284192394030936160990913837942996406409168118965129241356688927855539288137 0 0 0 0 0 0 0 0 0 0 0 0 0 0 0 0 0 0 0 0 0 0 0 0 0 0 1]
]
