[[1636776142690722978438845690086671792892394933417600639118597549935631130254048331897 0 0 0 0 0 0 0 0 0 0 0 0 0 0 0 0 0 0 0 0 0 0 0 0 0 0 0]
[151719041968725649385782171455095092880505112328155262438692549364159280179183625131 1 0 0 0 0 0 0 0 0 0 0 0 0 0 0 0 0 0 0 0 0 0 0 0 0 0 0]
[33814738971220706086940226489658615870349086412452104068375070039763116922673291566 0 1 0 0 0 0 0 0 0 0 0 0 0 0 0 0 0 0 0 0 0 0 0 0 0 0 0]
[216228056257814077159923860922179842538646815484994392134139826849429265285914263445 0 0 1 0 0 0 0 0 0 0 0 0 0 0 0 0 0 0 0 0 0 0 0 0 0 0 0]
[1459242504573432216688457247935167316431743209477399943288772131952223014409031083585 0 0 0 1 0 0 0 0 0 0 0 0 0 0 0 0 0 0 0 0 0 0 0 0 0 0 0]
[970874262460509052630533445354181690641453042023768578717622758587119693621550175757 0 0 0 0 1 0 0 0 0 0 0 0 0 0 0 0 0 0 0 0 0 0 0 0 0 0 0]
[846620774165990296112417711260705512558879183822872737971104575672645123816413457759 0 0 0 0 0 1 0 0 0 0 0 0 0 0 0 0 0 0 0 0 0 0 0 0 0 0 0]
[1458663704186103087616364779663598898849633837473427010934838586760567693018506819146 0 0 0 0 0 0 1 0 0 0 0 0 0 0 0 0 0 0 0 0 0 0 0 0 0 0 0]
[438286477110922165712486649990432379040817280598329566162539074426809098882964062975 0 0 0 0 0 0 0 1 0 0 0 0 0 0 0 0 0 0 0 0 0 0 0 0 0 0 0]
[1195658589022456468097651601964912463211968519510228597319475093367935915258026763480 0 0 0 0 0 0 0 0 1 0 0 0 0 0 0 0 0 0 0 0 0 0 0 0 0 0 0]
[1023320453392570977530560345723103380488935734588441320681511541731260138714706478243 0 0 0 0 0 0 0 0 0 1 0 0 0 0 0 0 0 0 0 0 0 0 0 0 0 0 0]
[693204548353133617436552198877413317924481907706805139309535625936535410315319844902 0 0 0 0 0 0 0 0 0 0 1 0 0 0 0 0 0 0 0 0 0 0 0 0 0 0 0]
[128594372866838788746952865891035367259102041392163866938517333584131654724264003522 0 0 0 0 0 0 0 0 0 0 0 1 0 0 0 0 0 0 0 0 0 0 0 0 0 0 0]
[980026106302483651638340912138564525438715970361933057464666629098021101356555941743 0 0 0 0 0 0 0 0 0 0 0 0 1 0 0 0 0 0 0 0 0 0 0 0 0 0 0]
[166424721987245739755548156587447028958580687646344095815286526424891414236561702759 0 0 0 0 0 0 0 0 0 0 0 0 0 1 0 0 0 0 0 0 0 0 0 0 0 0 0]
[6366525655299448317527904467317285464816394181912833402428068433571955378808712427 0 0 0 0 0 0 0 0 0 0 0 0 0 0 1 0 0 0 0 0 0 0 0 0 0 0 0]
[1102108692901363020835198850970935668890981552051439728434498407499347155751681340834 0 0 0 0 0 0 0 0 0 0 0 0 0 0 0 1 0 0 0 0 0 0 0 0 0 0 0]
[1003848530832374170219411165385670761202248735042068241792861862869439525774214698281 0 0 0 0 0 0 0 0 0 0 0 0 0 0 0 0 1 0 0 0 0 0 0 0 0 0 0]
[1324380795578232779225750853738837307589081032537500466774606657920233959682119062302 0 0 0 0 0 0 0 0 0 0 0 0 0 0 0 0 0 1 0 0 0 0 0 0 0 0 0]
[1585233872908682791987070812113827911853820736498455068263130537468121983645530815643 0 0 0 0 0 0 0 0 0 0 0 0 0 0 0 0 0 0 1 0 0 0 0 0 0 0 0]
[1142411312217160528496784009493850511967861510040632605746906140702919423909204906845 0 0 0 0 0 0 0 0 0 0 0 0 0 0 0 0 0 0 0 1 0 0 0 0 0 0 0]
[363759004461636928748255853518123993864997093179659003830651873242740125594923559579 0 0 0 0 0 0 0 0 0 0 0 0 0 0 0 0 0 0 0 0 1 0 0 0 0 0 0]
[212767970012824327687266280689933780080497963837527127875090262166253121800993341661 0 0 0 0 0 0 0 0 0 0 0 0 0 0 0 0 0 0 0 0 0 1 0 0 0 0 0]
[1216792495787337173856975826277721372110022892715606590786824163693301608807802285746 0 0 0 0 0 0 0 0 0 0 0 0 0 0 0 0 0 0 0 0 0 0 1 0 0 0 0]
[1220334535754338457117227541870778606753512674868361789842325500206407220995689545644 0 0 0 0 0 0 0 0 0 0 0 0 0 0 0 0 0 0 0 0 0 0 0 1 0 0 0]
[962993436119191389552316736934107155629208351299191929568195389960269749811313849096 0 0 0 0 0 0 0 0 0 0 0 0 0 0 0 0 0 0 0 0 0 0 0 0 1 0 0]
[1071596354501104665868638490983013068810326534681743677098360624072074921682604619530 0 0 0 0 0 0 0 0 0 0 0 0 0 0 0 0 0 0 0 0 0 0 0 0 0 1 0]
[458348328452246008832873739039213008562780744460916965210220319145052935033939350685 0 0 0 0 0 0 0 0 0 0 0 0 0 0 0 0 0 0 0 0 0 0 0 0 0 0 1]
]
