[[1324217237019460506506441181001474921834723977922987765982580746686098957813624693701 0 0 0 0 0 0 0 0 0 0 0 0 0 0 0 0 0 0 0 0 0 0 0 0 0 0 0]
[447566216175385719399857129639907653450734517210372863024865453231191075271578351879 1 0 0 0 0 0 0 0 0 0 0 0 0 0 0 0 0 0 0 0 0 0 0 0 0 0 0]
[1167271704290533872570484413049775870939391984150697419870644134935641729234013179622 0 1 0 0 0 0 0 0 0 0 0 0 0 0 0 0 0 0 0 0 0 0 0 0 0 0 0]
[1106237593988091974637768422266109906618853818879321607449226118842689290463298436868 0 0 1 0 0 0 0 0 0 0 0 0 0 0 0 0 0 0 0 0 0 0 0 0 0 0 0]
[1016322036275852783040467061104266657907974683258079979731353548300453345363171577557 0 0 0 1 0 0 0 0 0 0 0 0 0 0 0 0 0 0 0 0 0 0 0 0 0 0 0]
[660350499991329063445082726702689533755955483887687782506351505442162585194680219097 0 0 0 0 1 0 0 0 0 0 0 0 0 0 0 0 0 0 0 0 0 0 0 0 0 0 0]
[286029386660864854010885917815562147044843407969452328892216398930929093848061128277 0 0 0 0 0 1 0 0 0 0 0 0 0 0 0 0 0 0 0 0 0 0 0 0 0 0 0]
[848357065634275730001777268905385488804536281420857315352146135833382952921662788399 0 0 0 0 0 0 1 0 0 0 0 0 0 0 0 0 0 0 0 0 0 0 0 0 0 0 0]
[546031379296649662624805450411011166807577727553989845690690296120582939185469648577 0 0 0 0 0 0 0 1 0 0 0 0 0 0 0 0 0 0 0 0 0 0 0 0 0 0 0]
[1024880497602951541001682212757369071398052017248957426301567055552262203808319284437 0 0 0 0 0 0 0 0 1 0 0 0 0 0 0 0 0 0 0 0 0 0 0 0 0 0 0]
[713513146608067118150768633065445502986691777555222136264892753615257847200875618011 0 0 0 0 0 0 0 0 0 1 0 0 0 0 0 0 0 0 0 0 0 0 0 0 0 0 0]
[217039550087444297365648647345966258487389729138667084281175773084442477606230422635 0 0 0 0 0 0 0 0 0 0 1 0 0 0 0 0 0 0 0 0 0 0 0 0 0 0 0]
[45805563964182585435313360123057267543503574503645570763229792701576440339611794237 0 0 0 0 0 0 0 0 0 0 0 1 0 0 0 0 0 0 0 0 0 0 0 0 0 0 0]
[893062617482146623612986590622070925899909648935035299077914593631111520565905703836 0 0 0 0 0 0 0 0 0 0 0 0 1 0 0 0 0 0 0 0 0 0 0 0 0 0 0]
[163253937735276580101839307962128829662198873533422237580503324287658345121893305551 0 0 0 0 0 0 0 0 0 0 0 0 0 1 0 0 0 0 0 0 0 0 0 0 0 0 0]
[962276648294495181844659141001909262654375655792470642278160764241847240430241038423 0 0 0 0 0 0 0 0 0 0 0 0 0 0 1 0 0 0 0 0 0 0 0 0 0 0 0]
[753567967322826114769162574960660121848641102045070793883687618679449863856067757618 0 0 0 0 0 0 0 0 0 0 0 0 0 0 0 1 0 0 0 0 0 0 0 0 0 0 0]
[683732359153791598296253767212539486247395681192668682360429907552957883063893478082 0 0 0 0 0 0 0 0 0 0 0 0 0 0 0 0 1 0 0 0 0 0 0 0 0 0 0]
[174986553677792089414926855750394481103738242553110517315081749598682147136326633906 0 0 0 0 0 0 0 0 0 0 0 0 0 0 0 0 0 1 0 0 0 0 0 0 0 0 0]
[755931754157509713048472572540925290542140900130799804874613689458615688296253796669 0 0 0 0 0 0 0 0 0 0 0 0 0 0 0 0 0 0 1 0 0 0 0 0 0 0 0]
[873961586835973652296418911515130417729551798400119306682369027323727913165415908423 0 0 0 0 0 0 0 0 0 0 0 0 0 0 0 0 0 0 0 1 0 0 0 0 0 0 0]
[462287908780240252210998769878968265099309366763707232457934260983891176752480955285 0 0 0 0 0 0 0 0 0 0 0 0 0 0 0 0 0 0 0 0 1 0 0 0 0 0 0]
[130016242588173025272298443592559874357615670522218476162927122387523348241161909983 0 0 0 0 0 0 0 0 0 0 0 0 0 0 0 0 0 0 0 0 0 1 0 0 0 0 0]
[998592053459343336717597620749093431586603483952849221774651435325959148664684823874 0 0 0 0 0 0 0 0 0 0 0 0 0 0 0 0 0 0 0 0 0 0 1 0 0 0 0]
[968414709267073155994658466303681013651332482461769630203266371718301404099266411885 0 0 0 0 0 0 0 0 0 0 0 0 0 0 0 0 0 0 0 0 0 0 0 1 0 0 0]
[11709556879182879072555827575349709315951864966131720249727331544731858434579486404 0 0 0 0 0 0 0 0 0 0 0 0 0 0 0 0 0 0 0 0 0 0 0 0 1 0 0]
[105456608671991270097209494532875901771338026153104992563858214040590913961761934092 0 0 0 0 0 0 0 0 0 0 0 0 0 0 0 0 0 0 0 0 0 0 0 0 0 1 0]
[851918923901707895766520889794897414171161570914043722720477997063852705171557255112 0 0 0 0 0 0 0 0 0 0 0 0 0 0 0 0 0 0 0 0 0 0 0 0 0 0 1]
]
