[[1876925102640725485314918609109504101991902396805618668243522833047083304664368975273 0 0 0 0 0 0 0 0 0 0 0 0 0 0 0 0 0 0 0 0 0 0 0 0 0 0 0]
[517905271532490334565339303804242140650661667324965736957047487525143079073632697013 1 0 0 0 0 0 0 0 0 0 0 0 0 0 0 0 0 0 0 0 0 0 0 0 0 0 0]
[616346414449679568949677589678371577958077745297583920313457935735081226637740321721 0 1 0 0 0 0 0 0 0 0 0 0 0 0 0 0 0 0 0 0 0 0 0 0 0 0 0]
[696031559811257632960261168306901624374686706676784985996669793375648682689675602540 0 0 1 0 0 0 0 0 0 0 0 0 0 0 0 0 0 0 0 0 0 0 0 0 0 0 0]
[634923625509459791674611693920246670048295259009743217690543330284525681128537896231 0 0 0 1 0 0 0 0 0 0 0 0 0 0 0 0 0 0 0 0 0 0 0 0 0 0 0]
[683994860926380789606337324906699153699018955030409252378647085969208765191720597043 0 0 0 0 1 0 0 0 0 0 0 0 0 0 0 0 0 0 0 0 0 0 0 0 0 0 0]
[76709672188706943731005101136227384898220300582241159695878940727206780779821399744 0 0 0 0 0 1 0 0 0 0 0 0 0 0 0 0 0 0 0 0 0 0 0 0 0 0 0]
[1567634462825443566756392079697723746946259518825989349965391264340318892118664812220 0 0 0 0 0 0 1 0 0 0 0 0 0 0 0 0 0 0 0 0 0 0 0 0 0 0 0]
[408824548188902075719914937627588581297934117638154207074044452969094804889640373019 0 0 0 0 0 0 0 1 0 0 0 0 0 0 0 0 0 0 0 0 0 0 0 0 0 0 0]
[1498893349983050650202759782611668248449506239563724480454809331392536342891541306765 0 0 0 0 0 0 0 0 1 0 0 0 0 0 0 0 0 0 0 0 0 0 0 0 0 0 0]
[1802929679616756455004980452406887139913508788252915557321001366963216707619122021064 0 0 0 0 0 0 0 0 0 1 0 0 0 0 0 0 0 0 0 0 0 0 0 0 0 0 0]
[1040425907170852566245688900678924100650446896308904580410112249600235123083961302676 0 0 0 0 0 0 0 0 0 0 1 0 0 0 0 0 0 0 0 0 0 0 0 0 0 0 0]
[534452260376324622642278162802356916662745623184461678211207552095545828149827382115 0 0 0 0 0 0 0 0 0 0 0 1 0 0 0 0 0 0 0 0 0 0 0 0 0 0 0]
[1522233895861922621694692983300561564710295367188319860169812227420231377671344310756 0 0 0 0 0 0 0 0 0 0 0 0 1 0 0 0 0 0 0 0 0 0 0 0 0 0 0]
[1383279575906262926008656080943567328917010533091181864065577840873376730601941883987 0 0 0 0 0 0 0 0 0 0 0 0 0 1 0 0 0 0 0 0 0 0 0 0 0 0 0]
[631097270540088045287183793388085626527122024420440408340974258248840874399683738489 0 0 0 0 0 0 0 0 0 0 0 0 0 0 1 0 0 0 0 0 0 0 0 0 0 0 0]
[1171772960588642232807451304334404727019244532662817248418190020943380373316345152150 0 0 0 0 0 0 0 0 0 0 0 0 0 0 0 1 0 0 0 0 0 0 0 0 0 0 0]
[233053941280175873689217413462939191435187285740470827470290323496346528016041127689 0 0 0 0 0 0 0 0 0 0 0 0 0 0 0 0 1 0 0 0 0 0 0 0 0 0 0]
[733873956152355723434206103842372325542064837542994080667286934882382854007009139591 0 0 0 0 0 0 0 0 0 0 0 0 0 0 0 0 0 1 0 0 0 0 0 0 0 0 0]
[1488261604325549572344224997773706147553852916870917074193272221700118259366801982633 0 0 0 0 0 0 0 0 0 0 0 0 0 0 0 0 0 0 1 0 0 0 0 0 0 0 0]
[1706009801599852899880064967837195358243667863149503003461749438103789813195911766428 0 0 0 0 0 0 0 0 0 0 0 0 0 0 0 0 0 0 0 1 0 0 0 0 0 0 0]
[1837493338699713686277169752227784355409565884288539820777789492845702863275357209365 0 0 0 0 0 0 0 0 0 0 0 0 0 0 0 0 0 0 0 0 1 0 0 0 0 0 0]
[990731844051716952787080913986051453826513018837902954760540978456565694261584195738 0 0 0 0 0 0 0 0 0 0 0 0 0 0 0 0 0 0 0 0 0 1 0 0 0 0 0]
[103949403280391874223090674156333888604794548973501402744579582155644411029283403511 0 0 0 0 0 0 0 0 0 0 0 0 0 0 0 0 0 0 0 0 0 0 1 0 0 0 0]
[1351783552377846071077724028749146503172263321250507246318882613857408492658650883765 0 0 0 0 0 0 0 0 0 0 0 0 0 0 0 0 0 0 0 0 0 0 0 1 0 0 0]
[1416103452277254323021718884411575096806823358903564971839316087998799744111040286171 0 0 0 0 0 0 0 0 0 0 0 0 0 0 0 0 0 0 0 0 0 0 0 0 1 0 0]
[1653682937348916222653080892480293234398309529106891071546717833978178663221430276126 0 0 0 0 0 0 0 0 0 0 0 0 0 0 0 0 0 0 0 0 0 0 0 0 0 1 0]
[212236724662368337883160819053210253400654867026705835505718815796357590265420568868 0 0 0 0 0 0 0 0 0 0 0 0 0 0 0 0 0 0 0 0 0 0 0 0 0 0 1]
]
