[[1718377993497481797989592027674925902718239339011521803507952973539595879551169993063 0 0 0 0 0 0 0 0 0 0 0 0 0 0 0 0 0 0 0 0 0 0 0 0 0 0 0]
[1450502065021290373433284138974193665330047045926900034925207234059300520972434587342 1 0 0 0 0 0 0 0 0 0 0 0 0 0 0 0 0 0 0 0 0 0 0 0 0 0 0]
[959586127370632305334941336827208685182507597527309251102684971325568198483568471343 0 1 0 0 0 0 0 0 0 0 0 0 0 0 0 0 0 0 0 0 0 0 0 0 0 0 0]
[1267260512247656426625772117094893237462309498367220957957181104712429103844728232878 0 0 1 0 0 0 0 0 0 0 0 0 0 0 0 0 0 0 0 0 0 0 0 0 0 0 0]
[30257221181749577466922557223118398962675998323301322843168898181981012343788764813 0 0 0 1 0 0 0 0 0 0 0 0 0 0 0 0 0 0 0 0 0 0 0 0 0 0 0]
[108167165075498245167386606779552434612136955594771281671368923937648341083372397372 0 0 0 0 1 0 0 0 0 0 0 0 0 0 0 0 0 0 0 0 0 0 0 0 0 0 0]
[1349639461895026647367321792968041410097821178098802467480489548143559896766824983870 0 0 0 0 0 1 0 0 0 0 0 0 0 0 0 0 0 0 0 0 0 0 0 0 0 0 0]
[1550663637534512871488812122075292174883849033516986410432446938196530522846618216977 0 0 0 0 0 0 1 0 0 0 0 0 0 0 0 0 0 0 0 0 0 0 0 0 0 0 0]
[1103194577149630354004568936811474812835177538922547966916616893786390001014873881632 0 0 0 0 0 0 0 1 0 0 0 0 0 0 0 0 0 0 0 0 0 0 0 0 0 0 0]
[1716515635284323453462009974830898076523693466340439710632112017356131238978431370674 0 0 0 0 0 0 0 0 1 0 0 0 0 0 0 0 0 0 0 0 0 0 0 0 0 0 0]
[106930594089947642516196312176961221671641437582757173523165813194644224917927259499 0 0 0 0 0 0 0 0 0 1 0 0 0 0 0 0 0 0 0 0 0 0 0 0 0 0 0]
[1619522199466024049984762607158532221984157386307384007186389848733105268442235097038 0 0 0 0 0 0 0 0 0 0 1 0 0 0 0 0 0 0 0 0 0 0 0 0 0 0 0]
[135190692101150144496827883857661630750288040772413759951112598439803643682377716243 0 0 0 0 0 0 0 0 0 0 0 1 0 0 0 0 0 0 0 0 0 0 0 0 0 0 0]
[1248723241477499842957231261165662084420619026867416230386273213967692469364424398680 0 0 0 0 0 0 0 0 0 0 0 0 1 0 0 0 0 0 0 0 0 0 0 0 0 0 0]
[768206942347293737243846214860299228081528791352841876566894890485447236336119057842 0 0 0 0 0 0 0 0 0 0 0 0 0 1 0 0 0 0 0 0 0 0 0 0 0 0 0]
[662611202492382967618174699827924149054518338989453545167468729760500352722459567265 0 0 0 0 0 0 0 0 0 0 0 0 0 0 1 0 0 0 0 0 0 0 0 0 0 0 0]
[1142289582375771289620265461735148404764242959379718346960157978596351901364325848274 0 0 0 0 0 0 0 0 0 0 0 0 0 0 0 1 0 0 0 0 0 0 0 0 0 0 0]
[1603742188240607710578939631809089424943740752777102505439578705102625368193251022165 0 0 0 0 0 0 0 0 0 0 0 0 0 0 0 0 1 0 0 0 0 0 0 0 0 0 0]
[1623841118500897101127071592947859514865385416982918370277909426937294092912295047251 0 0 0 0 0 0 0 0 0 0 0 0 0 0 0 0 0 1 0 0 0 0 0 0 0 0 0]
[1547358496149918280252986985798911822164528613513748119468254638523734831088085650159 0 0 0 0 0 0 0 0 0 0 0 0 0 0 0 0 0 0 1 0 0 0 0 0 0 0 0]
[858954310935167046638132755829852801675299469865763016257793989239181388670366892279 0 0 0 0 0 0 0 0 0 0 0 0 0 0 0 0 0 0 0 1 0 0 0 0 0 0 0]
[397370458296479870662783189230721504290884073023127007439294528089577497985371568338 0 0 0 0 0 0 0 0 0 0 0 0 0 0 0 0 0 0 0 0 1 0 0 0 0 0 0]
[1317261248206805376956656734244484933563667419835105947731309528115276931565354207377 0 0 0 0 0 0 0 0 0 0 0 0 0 0 0 0 0 0 0 0 0 1 0 0 0 0 0]
[1711271264616335267269596005835280601160369134920327100287115994696748335899531023746 0 0 0 0 0 0 0 0 0 0 0 0 0 0 0 0 0 0 0 0 0 0 1 0 0 0 0]
[1419683431751417895816828437098083481791264453789370289563588313580202364716922644460 0 0 0 0 0 0 0 0 0 0 0 0 0 0 0 0 0 0 0 0 0 0 0 1 0 0 0]
[406376673248287348490202588781148547399362671750362449998567093653365215542549003505 0 0 0 0 0 0 0 0 0 0 0 0 0 0 0 0 0 0 0 0 0 0 0 0 1 0 0]
[275258062944798941851178948492232059092833916697162008603004251036961337657271590424 0 0 0 0 0 0 0 0 0 0 0 0 0 0 0 0 0 0 0 0 0 0 0 0 0 1 0]
[1138700817499176080064243625873479752156843962868739195242231480191692317272506390324 0 0 0 0 0 0 0 0 0 0 0 0 0 0 0 0 0 0 0 0 0 0 0 0 0 0 1]
]
