[[1716604717502829532129313831992133689242496498679393932168481666128988486848407512227 0 0 0 0 0 0 0 0 0 0 0 0 0 0 0 0 0 0 0 0 0 0 0 0 0 0 0]
[411718237879796890172181888413973346624091071201078703425613136172476109779748506768 1 0 0 0 0 0 0 0 0 0 0 0 0 0 0 0 0 0 0 0 0 0 0 0 0 0 0]
[285757236732206302276048870415233670235727030922093973435349040485978479143285989544 0 1 0 0 0 0 0 0 0 0 0 0 0 0 0 0 0 0 0 0 0 0 0 0 0 0 0]
[267646266772404221926800487834192474094915928758976101923784260182327745814552218442 0 0 1 0 0 0 0 0 0 0 0 0 0 0 0 0 0 0 0 0 0 0 0 0 0 0 0]
[613695606055112036733214667735470108723901025406549016781581535243244734979382864699 0 0 0 1 0 0 0 0 0 0 0 0 0 0 0 0 0 0 0 0 0 0 0 0 0 0 0]
[522355790305073053425355894549767877737955440159070816191241325798447299761367418727 0 0 0 0 1 0 0 0 0 0 0 0 0 0 0 0 0 0 0 0 0 0 0 0 0 0 0]
[822558590921605202319770223067298434055048679134799292093685684925976592826522569050 0 0 0 0 0 1 0 0 0 0 0 0 0 0 0 0 0 0 0 0 0 0 0 0 0 0 0]
[831608137027562637200884143773533833940989281106528580739496439394247178192840520167 0 0 0 0 0 0 1 0 0 0 0 0 0 0 0 0 0 0 0 0 0 0 0 0 0 0 0]
[501942572689868156675554795184004982911813710720084423367223601695217816886327479726 0 0 0 0 0 0 0 1 0 0 0 0 0 0 0 0 0 0 0 0 0 0 0 0 0 0 0]
[535248994849940751517219867020819599398625834377072558069279698857239292357637461912 0 0 0 0 0 0 0 0 1 0 0 0 0 0 0 0 0 0 0 0 0 0 0 0 0 0 0]
[1337656630614264822310626705344932629344459066799207113501862876973630448926755352789 0 0 0 0 0 0 0 0 0 1 0 0 0 0 0 0 0 0 0 0 0 0 0 0 0 0 0]
[564319327989032890764185961071513285800600586921519641279697626454366832410480367623 0 0 0 0 0 0 0 0 0 0 1 0 0 0 0 0 0 0 0 0 0 0 0 0 0 0 0]
[703644463205355052701660434136621524645138198460419028478794523002987640120429603068 0 0 0 0 0 0 0 0 0 0 0 1 0 0 0 0 0 0 0 0 0 0 0 0 0 0 0]
[329724591330188793873796534332093784804852335836844079902182908651328005880828243516 0 0 0 0 0 0 0 0 0 0 0 0 1 0 0 0 0 0 0 0 0 0 0 0 0 0 0]
[412465520571451713781461079572971526013084373856370615646604211571015611368624655607 0 0 0 0 0 0 0 0 0 0 0 0 0 1 0 0 0 0 0 0 0 0 0 0 0 0 0]
[348231246940746873788438152167008355172775869636049432315249022666447421727088869181 0 0 0 0 0 0 0 0 0 0 0 0 0 0 1 0 0 0 0 0 0 0 0 0 0 0 0]
[434116787045674593792599199091058840472311352278850087159740583500827314359196939667 0 0 0 0 0 0 0 0 0 0 0 0 0 0 0 1 0 0 0 0 0 0 0 0 0 0 0]
[1440412599404801913827627539330009543593327108484731898969990721284175199954656373774 0 0 0 0 0 0 0 0 0 0 0 0 0 0 0 0 1 0 0 0 0 0 0 0 0 0 0]
[1424283823531461517923704606243384996479313444759695194005474938447953385123880161375 0 0 0 0 0 0 0 0 0 0 0 0 0 0 0 0 0 1 0 0 0 0 0 0 0 0 0]
[1212574461945019118364304674961466558907108136456644031317688411472504814934284575001 0 0 0 0 0 0 0 0 0 0 0 0 0 0 0 0 0 0 1 0 0 0 0 0 0 0 0]
[1074657835016386190271864971120934889767115923177721841380712145675818525223414986994 0 0 0 0 0 0 0 0 0 0 0 0 0 0 0 0 0 0 0 1 0 0 0 0 0 0 0]
[1486498048811389330127554770578542828947048974910623046613945981956146437308865047204 0 0 0 0 0 0 0 0 0 0 0 0 0 0 0 0 0 0 0 0 1 0 0 0 0 0 0]
[1278901853244078572968062416595280897132090025111884013299559255153172381878447073773 0 0 0 0 0 0 0 0 0 0 0 0 0 0 0 0 0 0 0 0 0 1 0 0 0 0 0]
[126546888470739180184352401302833680970377110613957645995465930581725115223939143148 0 0 0 0 0 0 0 0 0 0 0 0 0 0 0 0 0 0 0 0 0 0 1 0 0 0 0]
[623016568144219855643822890648337474599729030327837909675061367793830154455817358023 0 0 0 0 0 0 0 0 0 0 0 0 0 0 0 0 0 0 0 0 0 0 0 1 0 0 0]
[246814764088672142594642475421218563785757259344452256111723709451810627532124205919 0 0 0 0 0 0 0 0 0 0 0 0 0 0 0 0 0 0 0 0 0 0 0 0 1 0 0]
[754878783240210124832195249676358444082791234605502338918566484941871363795436658495 0 0 0 0 0 0 0 0 0 0 0 0 0 0 0 0 0 0 0 0 0 0 0 0 0 1 0]
[870629606207610195335572535978993059969525329071063170271856836335578103405986795116 0 0 0 0 0 0 0 0 0 0 0 0 0 0 0 0 0 0 0 0 0 0 0 0 0 0 1]
]
