[[1610161104925761278377749986061475507029776465157514500430365912634247479013871699173 0 0 0 0 0 0 0 0 0 0 0 0 0 0 0 0 0 0 0 0 0 0 0 0 0 0 0]
[509495770827729332598359796011696213111517502199238632449380303884579886542494451492 1 0 0 0 0 0 0 0 0 0 0 0 0 0 0 0 0 0 0 0 0 0 0 0 0 0 0]
[1146406133473228134422001710163476322602203972708668406861821745255768496489550134101 0 1 0 0 0 0 0 0 0 0 0 0 0 0 0 0 0 0 0 0 0 0 0 0 0 0 0]
[657585186579310209621451851622365532328427567751778411535043934475164031579663273240 0 0 1 0 0 0 0 0 0 0 0 0 0 0 0 0 0 0 0 0 0 0 0 0 0 0 0]
[1350733635744741166017539047145614130514457417443461826998709360895515859173443787142 0 0 0 1 0 0 0 0 0 0 0 0 0 0 0 0 0 0 0 0 0 0 0 0 0 0 0]
[1572853051152996786220779425633542844422093395592124544472190170201532955142780715977 0 0 0 0 1 0 0 0 0 0 0 0 0 0 0 0 0 0 0 0 0 0 0 0 0 0 0]
[453805821207528377750569516786168142103267569738225720938479302707959640846128559012 0 0 0 0 0 1 0 0 0 0 0 0 0 0 0 0 0 0 0 0 0 0 0 0 0 0 0]
[1463979036925855074494116211761627287206790539930911146800139752973705677872951294775 0 0 0 0 0 0 1 0 0 0 0 0 0 0 0 0 0 0 0 0 0 0 0 0 0 0 0]
[806234019205539217238626353002485076014205453782439662455361339422482112956569482790 0 0 0 0 0 0 0 1 0 0 0 0 0 0 0 0 0 0 0 0 0 0 0 0 0 0 0]
[911226894645847169245014658271649972429054128105754974737969071080195652140670253124 0 0 0 0 0 0 0 0 1 0 0 0 0 0 0 0 0 0 0 0 0 0 0 0 0 0 0]
[909035992855804405702419039510527549204438405944149287634039265923925422826058979256 0 0 0 0 0 0 0 0 0 1 0 0 0 0 0 0 0 0 0 0 0 0 0 0 0 0 0]
[1114981151496620743034290678344925715957269005221880810231386317089888700730911718011 0 0 0 0 0 0 0 0 0 0 1 0 0 0 0 0 0 0 0 0 0 0 0 0 0 0 0]
[1182358457628694154118885014362044277210405713662837340519508039363529049657898069679 0 0 0 0 0 0 0 0 0 0 0 1 0 0 0 0 0 0 0 0 0 0 0 0 0 0 0]
[120466124789274129650807190526565957263629063753777863939251319722924385403965945959 0 0 0 0 0 0 0 0 0 0 0 0 1 0 0 0 0 0 0 0 0 0 0 0 0 0 0]
[1542903012910112766655812711472316049689837211135061864649633722749241330812559338989 0 0 0 0 0 0 0 0 0 0 0 0 0 1 0 0 0 0 0 0 0 0 0 0 0 0 0]
[1572605717678186851527680088267030955899440702190712789999717707932974689753241575064 0 0 0 0 0 0 0 0 0 0 0 0 0 0 1 0 0 0 0 0 0 0 0 0 0 0 0]
[1321398524196708458503732309861006597150199693171655001782506293567900704225427009475 0 0 0 0 0 0 0 0 0 0 0 0 0 0 0 1 0 0 0 0 0 0 0 0 0 0 0]
[1532941586149870173081929738660846530595874790896010123344365858238251454994248737168 0 0 0 0 0 0 0 0 0 0 0 0 0 0 0 0 1 0 0 0 0 0 0 0 0 0 0]
[129008363144212271145445782524832151512141712185211520273921953782007946912050397958 0 0 0 0 0 0 0 0 0 0 0 0 0 0 0 0 0 1 0 0 0 0 0 0 0 0 0]
[511121612296990115141945777314102116165616440669371925995841732191324903967650716320 0 0 0 0 0 0 0 0 0 0 0 0 0 0 0 0 0 0 1 0 0 0 0 0 0 0 0]
[278769438905297823124549678737582462674367189688327053773809473865843070686721116565 0 0 0 0 0 0 0 0 0 0 0 0 0 0 0 0 0 0 0 1 0 0 0 0 0 0 0]
[629655353170524680477040760646491052414269427669778083947609514878529598180013661803 0 0 0 0 0 0 0 0 0 0 0 0 0 0 0 0 0 0 0 0 1 0 0 0 0 0 0]
[481521331043752060076725413936799988954561148507486669954762218898638877371847361189 0 0 0 0 0 0 0 0 0 0 0 0 0 0 0 0 0 0 0 0 0 1 0 0 0 0 0]
[825556795445209428962583484047682474218226824763241661535084532868333615543227925036 0 0 0 0 0 0 0 0 0 0 0 0 0 0 0 0 0 0 0 0 0 0 1 0 0 0 0]
[1193085982802659983116333345510160798581476095115577711889264360451111704375431804050 0 0 0 0 0 0 0 0 0 0 0 0 0 0 0 0 0 0 0 0 0 0 0 1 0 0 0]
[824375247779973251772277966195262583919567538190866899519802370680663123736567345088 0 0 0 0 0 0 0 0 0 0 0 0 0 0 0 0 0 0 0 0 0 0 0 0 1 0 0]
[1137722378553380590722796982828386327372211888275819936286680966061121183055761838748 0 0 0 0 0 0 0 0 0 0 0 0 0 0 0 0 0 0 0 0 0 0 0 0 0 1 0]
[1313221617576810507449934035323040107296563185997330828333427883623494075969107388172 0 0 0 0 0 0 0 0 0 0 0 0 0 0 0 0 0 0 0 0 0 0 0 0 0 0 1]
]
