[[1661380703741447711223801143988768344969019475544451622752757370782702530135430738673 0 0 0 0 0 0 0 0 0 0 0 0 0 0 0 0 0 0 0 0 0 0 0 0 0 0 0]
[1324986512745824377961925251191301773798246977166302368061054358076367658090484768233 1 0 0 0 0 0 0 0 0 0 0 0 0 0 0 0 0 0 0 0 0 0 0 0 0 0 0]
[315263699535520833808224162319791162856727984480290151329053098332457706211794656196 0 1 0 0 0 0 0 0 0 0 0 0 0 0 0 0 0 0 0 0 0 0 0 0 0 0 0]
[1224374416906044704991675693399053191000006738846850874015913297902723724636383572838 0 0 1 0 0 0 0 0 0 0 0 0 0 0 0 0 0 0 0 0 0 0 0 0 0 0 0]
[193866004756189289948154132144786261599284331623010043923197733742818555014496131873 0 0 0 1 0 0 0 0 0 0 0 0 0 0 0 0 0 0 0 0 0 0 0 0 0 0 0]
[1530257990070134680820025053402000671947588569801587381305341140198798144768287637562 0 0 0 0 1 0 0 0 0 0 0 0 0 0 0 0 0 0 0 0 0 0 0 0 0 0 0]
[411803481819717326462915786146647839343180358956110090721900697168535402940977755582 0 0 0 0 0 1 0 0 0 0 0 0 0 0 0 0 0 0 0 0 0 0 0 0 0 0 0]
[1113109812736227574382106980343197196094127791387570780113983168383607182522380505788 0 0 0 0 0 0 1 0 0 0 0 0 0 0 0 0 0 0 0 0 0 0 0 0 0 0 0]
[608142792958228954496276824848806003032983812310017388067690495950995977332420466933 0 0 0 0 0 0 0 1 0 0 0 0 0 0 0 0 0 0 0 0 0 0 0 0 0 0 0]
[608257377472674695154056650254912236822458457382276883921380861788334183005645943746 0 0 0 0 0 0 0 0 1 0 0 0 0 0 0 0 0 0 0 0 0 0 0 0 0 0 0]
[3797028271757582223600655914061676216325782721778538210784231069820498834238529251 0 0 0 0 0 0 0 0 0 1 0 0 0 0 0 0 0 0 0 0 0 0 0 0 0 0 0]
[786411756363423523079786858757543221335226180009572118784958278805217234453864259358 0 0 0 0 0 0 0 0 0 0 1 0 0 0 0 0 0 0 0 0 0 0 0 0 0 0 0]
[953356604748948547335220565714338996826197958441865379609587041552578842803619302329 0 0 0 0 0 0 0 0 0 0 0 1 0 0 0 0 0 0 0 0 0 0 0 0 0 0 0]
[1240172139224007826956811778877513801151678118606356085103669231474101794099836136385 0 0 0 0 0 0 0 0 0 0 0 0 1 0 0 0 0 0 0 0 0 0 0 0 0 0 0]
[1429876940812600901226722923727909561919181123517252012309086430942682477962150957754 0 0 0 0 0 0 0 0 0 0 0 0 0 1 0 0 0 0 0 0 0 0 0 0 0 0 0]
[1645871146847487868257770118666205448707395561492485440862588573039391306366074587483 0 0 0 0 0 0 0 0 0 0 0 0 0 0 1 0 0 0 0 0 0 0 0 0 0 0 0]
[227036263342737647109153065664833743118011206979288767428960727778846607162509230872 0 0 0 0 0 0 0 0 0 0 0 0 0 0 0 1 0 0 0 0 0 0 0 0 0 0 0]
[1171156237654235588557915832010048574488412380785905691613363717155603472358970404008 0 0 0 0 0 0 0 0 0 0 0 0 0 0 0 0 1 0 0 0 0 0 0 0 0 0 0]
[1287500985803361480079208358164426183403631317524330581481533515347970338364293868341 0 0 0 0 0 0 0 0 0 0 0 0 0 0 0 0 0 1 0 0 0 0 0 0 0 0 0]
[113809199650664868132331952730115329676624084642728534224952710814295931529116689076 0 0 0 0 0 0 0 0 0 0 0 0 0 0 0 0 0 0 1 0 0 0 0 0 0 0 0]
[502623611612494797717512769202142320875227476365822385736695726588946583541597430608 0 0 0 0 0 0 0 0 0 0 0 0 0 0 0 0 0 0 0 1 0 0 0 0 0 0 0]
[45490873669308250751507639943816931440246399694659683962966274314202611621402728090 0 0 0 0 0 0 0 0 0 0 0 0 0 0 0 0 0 0 0 0 1 0 0 0 0 0 0]
[1176895409893505123287292895052010632512537835394398522944790887508071375725373070710 0 0 0 0 0 0 0 0 0 0 0 0 0 0 0 0 0 0 0 0 0 1 0 0 0 0 0]
[391778908912787175364818764917483341177314555609833520413235748907654685112817523727 0 0 0 0 0 0 0 0 0 0 0 0 0 0 0 0 0 0 0 0 0 0 1 0 0 0 0]
[484956111521448949963062740775718203895857020135021730426965774836989319697766583000 0 0 0 0 0 0 0 0 0 0 0 0 0 0 0 0 0 0 0 0 0 0 0 1 0 0 0]
[248379512367980861903267174831989398445071975564550877983044867767655359383848412058 0 0 0 0 0 0 0 0 0 0 0 0 0 0 0 0 0 0 0 0 0 0 0 0 1 0 0]
[1513050671513958099720912145839493689496099696867072885538908173709374525276639102234 0 0 0 0 0 0 0 0 0 0 0 0 0 0 0 0 0 0 0 0 0 0 0 0 0 1 0]
[395070330949114787427159896743428425860256902939925878880331722115026975724571132291 0 0 0 0 0 0 0 0 0 0 0 0 0 0 0 0 0 0 0 0 0 0 0 0 0 0 1]
]
