[[995524627497086695037101607124418199709989378636918563866844212211660893636629554829 0 0 0 0 0 0 0 0 0 0 0 0 0 0 0 0 0 0 0 0 0 0 0 0 0 0 0]
[149316990370109120753381966342918702309106791049175930829331233265349630564845241771 1 0 0 0 0 0 0 0 0 0 0 0 0 0 0 0 0 0 0 0 0 0 0 0 0 0 0]
[684744106038457052833909477324035322560603200507788400487538245616655839205462226034 0 1 0 0 0 0 0 0 0 0 0 0 0 0 0 0 0 0 0 0 0 0 0 0 0 0 0]
[350105075756173436363455003873794655142453658674169950020232431709863730958416203536 0 0 1 0 0 0 0 0 0 0 0 0 0 0 0 0 0 0 0 0 0 0 0 0 0 0 0]
[839159589562547469880519872227969106788989636276354444909110919680955815317780111617 0 0 0 1 0 0 0 0 0 0 0 0 0 0 0 0 0 0 0 0 0 0 0 0 0 0 0]
[479158357976504468042382385510983625284463563571999060915291872348244299711383163624 0 0 0 0 1 0 0 0 0 0 0 0 0 0 0 0 0 0 0 0 0 0 0 0 0 0 0]
[577701453282785438281627199934781965202497385300939415229150209358518757908656088838 0 0 0 0 0 1 0 0 0 0 0 0 0 0 0 0 0 0 0 0 0 0 0 0 0 0 0]
[324455230930726897086103630879733095885240811856009353738412705876356873875199448400 0 0 0 0 0 0 1 0 0 0 0 0 0 0 0 0 0 0 0 0 0 0 0 0 0 0 0]
[334768651944480583894867476599550844828278775697267537892507782402661309615730581645 0 0 0 0 0 0 0 1 0 0 0 0 0 0 0 0 0 0 0 0 0 0 0 0 0 0 0]
[262176038088364049473173045705624399383655881014748823102653484716328510831470102641 0 0 0 0 0 0 0 0 1 0 0 0 0 0 0 0 0 0 0 0 0 0 0 0 0 0 0]
[271507580497997687917970749419750101341482257413809867385789436617515169586559913278 0 0 0 0 0 0 0 0 0 1 0 0 0 0 0 0 0 0 0 0 0 0 0 0 0 0 0]
[877680697913618020596560048348153483668612101503068137550007739648626109377742541237 0 0 0 0 0 0 0 0 0 0 1 0 0 0 0 0 0 0 0 0 0 0 0 0 0 0 0]
[17808705326741713407935681545724752865425964983932869167308912607425728506980410569 0 0 0 0 0 0 0 0 0 0 0 1 0 0 0 0 0 0 0 0 0 0 0 0 0 0 0]
[121805652482884410366012391140972526726989579272295175027685254448459214905785289387 0 0 0 0 0 0 0 0 0 0 0 0 1 0 0 0 0 0 0 0 0 0 0 0 0 0 0]
[209360278921938926815374137864031792638195373663277602569502741500376104162847705536 0 0 0 0 0 0 0 0 0 0 0 0 0 1 0 0 0 0 0 0 0 0 0 0 0 0 0]
[654040611498602704302763794432585214051198237416353245872735129179575622170652050971 0 0 0 0 0 0 0 0 0 0 0 0 0 0 1 0 0 0 0 0 0 0 0 0 0 0 0]
[462608503837766790848715611711370045372974514059164564356058965579347156666967668375 0 0 0 0 0 0 0 0 0 0 0 0 0 0 0 1 0 0 0 0 0 0 0 0 0 0 0]
[880866150218848084053965381485890820810196808282916916245199683820462534442629335215 0 0 0 0 0 0 0 0 0 0 0 0 0 0 0 0 1 0 0 0 0 0 0 0 0 0 0]
[181692239837082074595916342317535046449439645587166263389370911502320995052539761158 0 0 0 0 0 0 0 0 0 0 0 0 0 0 0 0 0 1 0 0 0 0 0 0 0 0 0]
[956943058258891541274541343282346894989079398490752221620541853841143370323300957729 0 0 0 0 0 0 0 0 0 0 0 0 0 0 0 0 0 0 1 0 0 0 0 0 0 0 0]
[181913969199995347952732953818105664962477721797853847302062190537242630665881647615 0 0 0 0 0 0 0 0 0 0 0 0 0 0 0 0 0 0 0 1 0 0 0 0 0 0 0]
[495473944631143525918635961158281417711285281095573147677784539787358267062256273694 0 0 0 0 0 0 0 0 0 0 0 0 0 0 0 0 0 0 0 0 1 0 0 0 0 0 0]
[339770654321293115219433452229293055802495606267909393925869732758500853051948677153 0 0 0 0 0 0 0 0 0 0 0 0 0 0 0 0 0 0 0 0 0 1 0 0 0 0 0]
[561437734405339904771391353432851255909580654712184620543231626577381034960487163989 0 0 0 0 0 0 0 0 0 0 0 0 0 0 0 0 0 0 0 0 0 0 1 0 0 0 0]
[313037346936147833361165120486287567034604063203257835898565354586732863776792677406 0 0 0 0 0 0 0 0 0 0 0 0 0 0 0 0 0 0 0 0 0 0 0 1 0 0 0]
[548303648884598823304894201506649495628368143659689765616048484253857116187086710002 0 0 0 0 0 0 0 0 0 0 0 0 0 0 0 0 0 0 0 0 0 0 0 0 1 0 0]
[776519929339576336722518833511207447396119027758690377882581369893757974104066765363 0 0 0 0 0 0 0 0 0 0 0 0 0 0 0 0 0 0 0 0 0 0 0 0 0 1 0]
[963926165232707769427545252806119745404598060437441503784698024764086332988492483219 0 0 0 0 0 0 0 0 0 0 0 0 0 0 0 0 0 0 0 0 0 0 0 0 0 0 1]
]
