[[1426084255403580125508213741607887263564369603718147900594801458761386252004695844339 0 0 0 0 0 0 0 0 0 0 0 0 0 0 0 0 0 0 0 0 0 0 0 0 0 0 0]
[803533371382429093102464910393374613831445772202273532325304469374458132464499561483 1 0 0 0 0 0 0 0 0 0 0 0 0 0 0 0 0 0 0 0 0 0 0 0 0 0 0]
[807977234541054337669639799070819224650958522002711802391155160509305770105834126133 0 1 0 0 0 0 0 0 0 0 0 0 0 0 0 0 0 0 0 0 0 0 0 0 0 0 0]
[973979617669290190548942189497083968345009803333891369911512453452704752001364821111 0 0 1 0 0 0 0 0 0 0 0 0 0 0 0 0 0 0 0 0 0 0 0 0 0 0 0]
[521879364260296292893125397249754254201477834165337544770013744901569643058479117623 0 0 0 1 0 0 0 0 0 0 0 0 0 0 0 0 0 0 0 0 0 0 0 0 0 0 0]
[953389559707843590712297610852581582607353987995528199658526327480025761418912811086 0 0 0 0 1 0 0 0 0 0 0 0 0 0 0 0 0 0 0 0 0 0 0 0 0 0 0]
[810031989227423424940721776673361764312026440131357794272920707734172099878161156160 0 0 0 0 0 1 0 0 0 0 0 0 0 0 0 0 0 0 0 0 0 0 0 0 0 0 0]
[225788768700121147054009983122448184464679059203070431453253008149229098739337568584 0 0 0 0 0 0 1 0 0 0 0 0 0 0 0 0 0 0 0 0 0 0 0 0 0 0 0]
[147159413915086037767821617756690955862719184757531183699138357240538248670971399368 0 0 0 0 0 0 0 1 0 0 0 0 0 0 0 0 0 0 0 0 0 0 0 0 0 0 0]
[845156275708651253766089259446039143306136801820565073154991757709420621478062408493 0 0 0 0 0 0 0 0 1 0 0 0 0 0 0 0 0 0 0 0 0 0 0 0 0 0 0]
[405610983415543696938515701945211160291534264326262974641996014471728357700987928282 0 0 0 0 0 0 0 0 0 1 0 0 0 0 0 0 0 0 0 0 0 0 0 0 0 0 0]
[473511391990457089947900341029082214750860531188389468103751535213235831037045600555 0 0 0 0 0 0 0 0 0 0 1 0 0 0 0 0 0 0 0 0 0 0 0 0 0 0 0]
[590981306103263393992040909913638084083535228717957557279247457443182195448899034965 0 0 0 0 0 0 0 0 0 0 0 1 0 0 0 0 0 0 0 0 0 0 0 0 0 0 0]
[948556577683322218257613191305550868725676113908440925884901380539574779485324122148 0 0 0 0 0 0 0 0 0 0 0 0 1 0 0 0 0 0 0 0 0 0 0 0 0 0 0]
[624291437407336986727541085139562308356227821358273478265726561888952655026763150115 0 0 0 0 0 0 0 0 0 0 0 0 0 1 0 0 0 0 0 0 0 0 0 0 0 0 0]
[1106715910185792556061035210726192046881389170340780396301440180196955034698246908145 0 0 0 0 0 0 0 0 0 0 0 0 0 0 1 0 0 0 0 0 0 0 0 0 0 0 0]
[640947195658744303887447674601774836394965027121279665620705464903992648357818992404 0 0 0 0 0 0 0 0 0 0 0 0 0 0 0 1 0 0 0 0 0 0 0 0 0 0 0]
[1058295577120954177658485666384336351677905667497357929302107617700807533703313864809 0 0 0 0 0 0 0 0 0 0 0 0 0 0 0 0 1 0 0 0 0 0 0 0 0 0 0]
[1136065026545428520788926251875638145984856191038312426626805456266948892267126168725 0 0 0 0 0 0 0 0 0 0 0 0 0 0 0 0 0 1 0 0 0 0 0 0 0 0 0]
[1393303573488816242374053775128626248003553356256474994780346562663152070316473029886 0 0 0 0 0 0 0 0 0 0 0 0 0 0 0 0 0 0 1 0 0 0 0 0 0 0 0]
[130903910697296966076296021836454499934406447252504348449796038709794939302827832473 0 0 0 0 0 0 0 0 0 0 0 0 0 0 0 0 0 0 0 1 0 0 0 0 0 0 0]
[1400018948214904924830707838179494911855908732103740308705977957349965072094258368871 0 0 0 0 0 0 0 0 0 0 0 0 0 0 0 0 0 0 0 0 1 0 0 0 0 0 0]
[1343645797219537322082327643554384419620726711227424319060457828485921046571121595522 0 0 0 0 0 0 0 0 0 0 0 0 0 0 0 0 0 0 0 0 0 1 0 0 0 0 0]
[317821811768395456882726769315947003845158261409820845502677769764938264749278386096 0 0 0 0 0 0 0 0 0 0 0 0 0 0 0 0 0 0 0 0 0 0 1 0 0 0 0]
[689713112461497193116216332166429898387144203410403019245086229424529816713987078992 0 0 0 0 0 0 0 0 0 0 0 0 0 0 0 0 0 0 0 0 0 0 0 1 0 0 0]
[807440492368764369614277905078393541232575632410251144670512236615336380200571766396 0 0 0 0 0 0 0 0 0 0 0 0 0 0 0 0 0 0 0 0 0 0 0 0 1 0 0]
[1393246516218083385329224370361535613376661241708875216898219112652504986648721500735 0 0 0 0 0 0 0 0 0 0 0 0 0 0 0 0 0 0 0 0 0 0 0 0 0 1 0]
[901084825222896557648233678158279940487808352266773411595354291781370120669931125647 0 0 0 0 0 0 0 0 0 0 0 0 0 0 0 0 0 0 0 0 0 0 0 0 0 0 1]
]
