[[1890526987013937423725935485119440775172394760392686441374880575881822905353070771911 0 0 0 0 0 0 0 0 0 0 0 0 0 0 0 0 0 0 0 0 0 0 0 0 0 0 0]
[7183895200582622221709306855568350982739083203776975597684440267266911366859305737 1 0 0 0 0 0 0 0 0 0 0 0 0 0 0 0 0 0 0 0 0 0 0 0 0 0 0]
[346864735552798811201100707428751713774711936489772260816706536778248196478893583062 0 1 0 0 0 0 0 0 0 0 0 0 0 0 0 0 0 0 0 0 0 0 0 0 0 0 0]
[185875074040828435547247097798203174797553328695186268188629947052503796792762244375 0 0 1 0 0 0 0 0 0 0 0 0 0 0 0 0 0 0 0 0 0 0 0 0 0 0 0]
[479040113294001735695025496249023181113256047298675334601120712976527300547612208947 0 0 0 1 0 0 0 0 0 0 0 0 0 0 0 0 0 0 0 0 0 0 0 0 0 0 0]
[1294055621948929077291715999420692055290940327233633979086166257295511440925171395820 0 0 0 0 1 0 0 0 0 0 0 0 0 0 0 0 0 0 0 0 0 0 0 0 0 0 0]
[840640152644291063479298302472278255835969897033303741279909912445049374578010291279 0 0 0 0 0 1 0 0 0 0 0 0 0 0 0 0 0 0 0 0 0 0 0 0 0 0 0]
[1149415977161713860827960644514129303700170714807235014891786281168495487479233390426 0 0 0 0 0 0 1 0 0 0 0 0 0 0 0 0 0 0 0 0 0 0 0 0 0 0 0]
[766077195806882583307812714801353973520774874436163905088009576579732934579462750848 0 0 0 0 0 0 0 1 0 0 0 0 0 0 0 0 0 0 0 0 0 0 0 0 0 0 0]
[36594119501199518153961184846879794848421087275977168170792943998552530870546045627 0 0 0 0 0 0 0 0 1 0 0 0 0 0 0 0 0 0 0 0 0 0 0 0 0 0 0]
[1154783492387533776748159434008858283657899458844802703098812117323440999570269779031 0 0 0 0 0 0 0 0 0 1 0 0 0 0 0 0 0 0 0 0 0 0 0 0 0 0 0]
[1330652691392937174344482884852142886800046913945185373349981674462765156018764658594 0 0 0 0 0 0 0 0 0 0 1 0 0 0 0 0 0 0 0 0 0 0 0 0 0 0 0]
[432513079902085921100435662936386396337089172595570677174255956211452211244898111427 0 0 0 0 0 0 0 0 0 0 0 1 0 0 0 0 0 0 0 0 0 0 0 0 0 0 0]
[456331953555032953097196630776374776128568957343079200904698129693056609182388384281 0 0 0 0 0 0 0 0 0 0 0 0 1 0 0 0 0 0 0 0 0 0 0 0 0 0 0]
[543245994817185376624302361004798842926978050407009242686567843097913952291084303163 0 0 0 0 0 0 0 0 0 0 0 0 0 1 0 0 0 0 0 0 0 0 0 0 0 0 0]
[1292142007370328186595750292375424845390650183919368755006431234572483214301675376384 0 0 0 0 0 0 0 0 0 0 0 0 0 0 1 0 0 0 0 0 0 0 0 0 0 0 0]
[73789527385041018046762903458707472778444269090402086471747154052473225692489351510 0 0 0 0 0 0 0 0 0 0 0 0 0 0 0 1 0 0 0 0 0 0 0 0 0 0 0]
[952033879698957393276618863103568240747988419894249387268236792317527629087510613166 0 0 0 0 0 0 0 0 0 0 0 0 0 0 0 0 1 0 0 0 0 0 0 0 0 0 0]
[1521906112502502292871852012404252595713782553455019600037495618397403027435340653076 0 0 0 0 0 0 0 0 0 0 0 0 0 0 0 0 0 1 0 0 0 0 0 0 0 0 0]
[321648693328080765949945826682390588492221766465352510031087480436258062153169733889 0 0 0 0 0 0 0 0 0 0 0 0 0 0 0 0 0 0 1 0 0 0 0 0 0 0 0]
[692634360963975085442824689493938360344124793113507390935136568686405519631198100667 0 0 0 0 0 0 0 0 0 0 0 0 0 0 0 0 0 0 0 1 0 0 0 0 0 0 0]
[260607083242471764683865777865450968219942293713636302602436690779341796457423343896 0 0 0 0 0 0 0 0 0 0 0 0 0 0 0 0 0 0 0 0 1 0 0 0 0 0 0]
[1195386787485677956922590688503387039486818842134184070211002604820291612821879526619 0 0 0 0 0 0 0 0 0 0 0 0 0 0 0 0 0 0 0 0 0 1 0 0 0 0 0]
[911471851508087793804918300294297994427512620710429121702737120479459319551954886753 0 0 0 0 0 0 0 0 0 0 0 0 0 0 0 0 0 0 0 0 0 0 1 0 0 0 0]
[848808964879524926422744167761825975473964404502911460391340544366259937179118839371 0 0 0 0 0 0 0 0 0 0 0 0 0 0 0 0 0 0 0 0 0 0 0 1 0 0 0]
[128765532308698837256695171862620372244477886284348419245482313265135442745982783352 0 0 0 0 0 0 0 0 0 0 0 0 0 0 0 0 0 0 0 0 0 0 0 0 1 0 0]
[1606409853846292888204923508524869215789343929610076126493813758013071828305495365072 0 0 0 0 0 0 0 0 0 0 0 0 0 0 0 0 0 0 0 0 0 0 0 0 0 1 0]
[1591708712586142970805642350348927944888373125634432875860704489271557187838153256256 0 0 0 0 0 0 0 0 0 0 0 0 0 0 0 0 0 0 0 0 0 0 0 0 0 0 1]
]
