[[1727758179178530069517664152071467257808952609521071976323139658235388646591602566919 0 0 0 0 0 0 0 0 0 0 0 0 0 0 0 0 0 0 0 0 0 0 0 0 0 0 0]
[1012049338494555454082467169545325490632109772449503718719766057310963680442221901365 1 0 0 0 0 0 0 0 0 0 0 0 0 0 0 0 0 0 0 0 0 0 0 0 0 0 0]
[670289405105954292937453705333643793580141962587446674158544932913131399186155769153 0 1 0 0 0 0 0 0 0 0 0 0 0 0 0 0 0 0 0 0 0 0 0 0 0 0 0]
[218074547124823097642192959897592476900001410467683516076696986993074915648997962371 0 0 1 0 0 0 0 0 0 0 0 0 0 0 0 0 0 0 0 0 0 0 0 0 0 0 0]
[117166220172336989275852744158641723596117376983419245077572009860280737417588101257 0 0 0 1 0 0 0 0 0 0 0 0 0 0 0 0 0 0 0 0 0 0 0 0 0 0 0]
[119362030836715979048568525735131370925306162839100186292895011227689813186893666046 0 0 0 0 1 0 0 0 0 0 0 0 0 0 0 0 0 0 0 0 0 0 0 0 0 0 0]
[893835623092792345878509980922865249948613068699624383162911798285991696720633261310 0 0 0 0 0 1 0 0 0 0 0 0 0 0 0 0 0 0 0 0 0 0 0 0 0 0 0]
[418720200689076262667572629971904199299961466347270489179614780244473817707630363687 0 0 0 0 0 0 1 0 0 0 0 0 0 0 0 0 0 0 0 0 0 0 0 0 0 0 0]
[474006067539899385620419300930822343281503555344296301793168953319572420348026891703 0 0 0 0 0 0 0 1 0 0 0 0 0 0 0 0 0 0 0 0 0 0 0 0 0 0 0]
[1336572463210816341952685413239756374463114933267861692795511079333428367433976894685 0 0 0 0 0 0 0 0 1 0 0 0 0 0 0 0 0 0 0 0 0 0 0 0 0 0 0]
[1480922829825093395168393151740554042838884296524873170128103497202753603790644395775 0 0 0 0 0 0 0 0 0 1 0 0 0 0 0 0 0 0 0 0 0 0 0 0 0 0 0]
[558616589416934385571662502731588942455203588098647057979618887988968800384800609344 0 0 0 0 0 0 0 0 0 0 1 0 0 0 0 0 0 0 0 0 0 0 0 0 0 0 0]
[284227986361504307207418136048038208696938727997082465170455390695032922832034892032 0 0 0 0 0 0 0 0 0 0 0 1 0 0 0 0 0 0 0 0 0 0 0 0 0 0 0]
[1626075811561981562324874871541473665295320161902750396653232588531826992657165420707 0 0 0 0 0 0 0 0 0 0 0 0 1 0 0 0 0 0 0 0 0 0 0 0 0 0 0]
[100799437877880900389543601813107560160111523919251889552644955218350706538016532212 0 0 0 0 0 0 0 0 0 0 0 0 0 1 0 0 0 0 0 0 0 0 0 0 0 0 0]
[884186241511881589181355674439154509507288512663282978295136152208409194310980498242 0 0 0 0 0 0 0 0 0 0 0 0 0 0 1 0 0 0 0 0 0 0 0 0 0 0 0]
[434834171730400490731652197256699122540322663701473853802320081678579558366175841866 0 0 0 0 0 0 0 0 0 0 0 0 0 0 0 1 0 0 0 0 0 0 0 0 0 0 0]
[1067761053134993595252473608087413440082922551117121498401895717867507911491198219153 0 0 0 0 0 0 0 0 0 0 0 0 0 0 0 0 1 0 0 0 0 0 0 0 0 0 0]
[935897521846599182652432490614691737993449908160006426131602732855232342934394013784 0 0 0 0 0 0 0 0 0 0 0 0 0 0 0 0 0 1 0 0 0 0 0 0 0 0 0]
[881421594612109324729283573627949339480979315324498160868233677931841746716793075046 0 0 0 0 0 0 0 0 0 0 0 0 0 0 0 0 0 0 1 0 0 0 0 0 0 0 0]
[949829815259054855886572997048839459488616014179826139800172656421948178611856073005 0 0 0 0 0 0 0 0 0 0 0 0 0 0 0 0 0 0 0 1 0 0 0 0 0 0 0]
[487684972889904746962410456820949125360673814356744990177259237522793255599678940654 0 0 0 0 0 0 0 0 0 0 0 0 0 0 0 0 0 0 0 0 1 0 0 0 0 0 0]
[667916936051035121403432584380725762131519602361670063327157692871461171539143695267 0 0 0 0 0 0 0 0 0 0 0 0 0 0 0 0 0 0 0 0 0 1 0 0 0 0 0]
[590996612300119012778860872159265658817423781989572747332412091341980012110306246223 0 0 0 0 0 0 0 0 0 0 0 0 0 0 0 0 0 0 0 0 0 0 1 0 0 0 0]
[784305815057633851836741692597661688180634211437936397957990392181327158007123286362 0 0 0 0 0 0 0 0 0 0 0 0 0 0 0 0 0 0 0 0 0 0 0 1 0 0 0]
[1581583476005627532378879320388842720468701942370021271570195827950457745622674533014 0 0 0 0 0 0 0 0 0 0 0 0 0 0 0 0 0 0 0 0 0 0 0 0 1 0 0]
[5460967171870896631668208466211200106289622234893081888739059428915309443622610721 0 0 0 0 0 0 0 0 0 0 0 0 0 0 0 0 0 0 0 0 0 0 0 0 0 1 0]
[648873756361066709991518827315318342353244298477501249082433341850728206412478449749 0 0 0 0 0 0 0 0 0 0 0 0 0 0 0 0 0 0 0 0 0 0 0 0 0 0 1]
]
