[[1860773466266067651036679210136731430254703012436176468843501613019404687493627901617 0 0 0 0 0 0 0 0 0 0 0 0 0 0 0 0 0 0 0 0 0 0 0 0 0 0 0]
[1173466834092503046491544424601603920535947839165579632414533069120347025552441546973 1 0 0 0 0 0 0 0 0 0 0 0 0 0 0 0 0 0 0 0 0 0 0 0 0 0 0]
[1817630726504522088576612419368073720850531514980167523441897543352629108386527166786 0 1 0 0 0 0 0 0 0 0 0 0 0 0 0 0 0 0 0 0 0 0 0 0 0 0 0]
[1098259405022306169748314917983802620373074293503728165471054725673508857128382427670 0 0 1 0 0 0 0 0 0 0 0 0 0 0 0 0 0 0 0 0 0 0 0 0 0 0 0]
[507517448977563475933080962396025282456052329432446912615139954733834911993201053149 0 0 0 1 0 0 0 0 0 0 0 0 0 0 0 0 0 0 0 0 0 0 0 0 0 0 0]
[1172620946642167712319787627903239070813596659973753620497818561312244808057481396790 0 0 0 0 1 0 0 0 0 0 0 0 0 0 0 0 0 0 0 0 0 0 0 0 0 0 0]
[610692761830145420252522206409171222736226574856058154105960043667059888215940162248 0 0 0 0 0 1 0 0 0 0 0 0 0 0 0 0 0 0 0 0 0 0 0 0 0 0 0]
[36494243184432830394940261884675851893186179770559422671231349983705132255153115154 0 0 0 0 0 0 1 0 0 0 0 0 0 0 0 0 0 0 0 0 0 0 0 0 0 0 0]
[33250662422726323215773453530986742447200418521908745320313392146114110911937137715 0 0 0 0 0 0 0 1 0 0 0 0 0 0 0 0 0 0 0 0 0 0 0 0 0 0 0]
[984456225736918455696987791230310895474091204783906719661913483088326479911292217337 0 0 0 0 0 0 0 0 1 0 0 0 0 0 0 0 0 0 0 0 0 0 0 0 0 0 0]
[821220645300130906244928212724178371489795701178831737408144400952355308366821982349 0 0 0 0 0 0 0 0 0 1 0 0 0 0 0 0 0 0 0 0 0 0 0 0 0 0 0]
[1794519652546627996089784698050932861446877136873851989011876371088398919095908275867 0 0 0 0 0 0 0 0 0 0 1 0 0 0 0 0 0 0 0 0 0 0 0 0 0 0 0]
[234084643927405203930980335620652297095224868890529066922078179600342963895450076249 0 0 0 0 0 0 0 0 0 0 0 1 0 0 0 0 0 0 0 0 0 0 0 0 0 0 0]
[1571008568337741900733259570962750587497611289266620795198724267833185097679174087402 0 0 0 0 0 0 0 0 0 0 0 0 1 0 0 0 0 0 0 0 0 0 0 0 0 0 0]
[1592290312255185832997610942982899399842468297037690414586936093469450554037372398076 0 0 0 0 0 0 0 0 0 0 0 0 0 1 0 0 0 0 0 0 0 0 0 0 0 0 0]
[692140969973860754136004971135429571170340794513696494437784517627841484054091572515 0 0 0 0 0 0 0 0 0 0 0 0 0 0 1 0 0 0 0 0 0 0 0 0 0 0 0]
[1808011634980153114685467788702581684799907692326261677012734751437891845698504389743 0 0 0 0 0 0 0 0 0 0 0 0 0 0 0 1 0 0 0 0 0 0 0 0 0 0 0]
[1452861581691100225160190797904207366680302576989712292429985349304894728628597975098 0 0 0 0 0 0 0 0 0 0 0 0 0 0 0 0 1 0 0 0 0 0 0 0 0 0 0]
[942492745007923004521409815856020504284054028285068948221773027454487600359768984354 0 0 0 0 0 0 0 0 0 0 0 0 0 0 0 0 0 1 0 0 0 0 0 0 0 0 0]
[1409236872905858149506242629582958607945069149659508138924418263209816543709677761870 0 0 0 0 0 0 0 0 0 0 0 0 0 0 0 0 0 0 1 0 0 0 0 0 0 0 0]
[1367658710990829603604324545464373109384739533009279441693720064983519093435783494941 0 0 0 0 0 0 0 0 0 0 0 0 0 0 0 0 0 0 0 1 0 0 0 0 0 0 0]
[909542656207672615503427001634514746563283426627875858378983925160262399012231285066 0 0 0 0 0 0 0 0 0 0 0 0 0 0 0 0 0 0 0 0 1 0 0 0 0 0 0]
[746785325409162370071874472961953470009493178123388032442464559348959897175002915718 0 0 0 0 0 0 0 0 0 0 0 0 0 0 0 0 0 0 0 0 0 1 0 0 0 0 0]
[699440851049920202506911550220440958927981049989107923442426415658160186148075046913 0 0 0 0 0 0 0 0 0 0 0 0 0 0 0 0 0 0 0 0 0 0 1 0 0 0 0]
[948869395245415093556462488425562447183689602908228413044066993725162829967139812132 0 0 0 0 0 0 0 0 0 0 0 0 0 0 0 0 0 0 0 0 0 0 0 1 0 0 0]
[723427791262292304275587962787070255293124137476364918230210418311548674961223317279 0 0 0 0 0 0 0 0 0 0 0 0 0 0 0 0 0 0 0 0 0 0 0 0 1 0 0]
[259296366817070196680364539853006483381778208627036025305801180205855128313282570408 0 0 0 0 0 0 0 0 0 0 0 0 0 0 0 0 0 0 0 0 0 0 0 0 0 1 0]
[941490865493537368948360805626325383539048682914460951380991895796738851377199944241 0 0 0 0 0 0 0 0 0 0 0 0 0 0 0 0 0 0 0 0 0 0 0 0 0 0 1]
]
