[[1800519636973227519780586225906521685864366531837169345097466265452443902320029736171 0 0 0 0 0 0 0 0 0 0 0 0 0 0 0 0 0 0 0 0 0 0 0 0 0 0 0]
[326460755842738770016700432012219728392624563976968387674543396953221759376230514648 1 0 0 0 0 0 0 0 0 0 0 0 0 0 0 0 0 0 0 0 0 0 0 0 0 0 0]
[31679962356343539807613839312766731353881286166849540069985268749397984308797454340 0 1 0 0 0 0 0 0 0 0 0 0 0 0 0 0 0 0 0 0 0 0 0 0 0 0 0]
[531878410364473639620237193354324672020814236069861154600675144310355325315507485931 0 0 1 0 0 0 0 0 0 0 0 0 0 0 0 0 0 0 0 0 0 0 0 0 0 0 0]
[917972814140062461419812963898770944232498986597456851749689259286930088879592606108 0 0 0 1 0 0 0 0 0 0 0 0 0 0 0 0 0 0 0 0 0 0 0 0 0 0 0]
[1670722553583692833249783142875187991738616467230155171633680183602819494503829247259 0 0 0 0 1 0 0 0 0 0 0 0 0 0 0 0 0 0 0 0 0 0 0 0 0 0 0]
[313874406702062822079554335239896713665346019653736467734344873139397568043167501682 0 0 0 0 0 1 0 0 0 0 0 0 0 0 0 0 0 0 0 0 0 0 0 0 0 0 0]
[343105770044980359974292924113075431388787083741057414829956063229833002026777424679 0 0 0 0 0 0 1 0 0 0 0 0 0 0 0 0 0 0 0 0 0 0 0 0 0 0 0]
[1508203031397644260128066198575342084642098212348684370868408514460718002618556226516 0 0 0 0 0 0 0 1 0 0 0 0 0 0 0 0 0 0 0 0 0 0 0 0 0 0 0]
[1409011550633034601424699215462291006124922822553735626504419987848665800950816196708 0 0 0 0 0 0 0 0 1 0 0 0 0 0 0 0 0 0 0 0 0 0 0 0 0 0 0]
[133177395767178142694164078298675558129695110039560053956255473933292271484337458393 0 0 0 0 0 0 0 0 0 1 0 0 0 0 0 0 0 0 0 0 0 0 0 0 0 0 0]
[924096797068772975470553112779542974044106233310519474733919703439173177463692344828 0 0 0 0 0 0 0 0 0 0 1 0 0 0 0 0 0 0 0 0 0 0 0 0 0 0 0]
[551160013954327162555800415502607380952734580952409855551549157264994614961028299982 0 0 0 0 0 0 0 0 0 0 0 1 0 0 0 0 0 0 0 0 0 0 0 0 0 0 0]
[1132736351803179450247728616847416224751513137692807086666765835947792380683093269186 0 0 0 0 0 0 0 0 0 0 0 0 1 0 0 0 0 0 0 0 0 0 0 0 0 0 0]
[53931308577376537861588039600215068995537367692548901562661090032105286691484075053 0 0 0 0 0 0 0 0 0 0 0 0 0 1 0 0 0 0 0 0 0 0 0 0 0 0 0]
[287202112598171356589126328685304167703832917515063739713988773521139289054565415900 0 0 0 0 0 0 0 0 0 0 0 0 0 0 1 0 0 0 0 0 0 0 0 0 0 0 0]
[1368292971799636386073739676926762193829420370545864748267980753452374802383073677696 0 0 0 0 0 0 0 0 0 0 0 0 0 0 0 1 0 0 0 0 0 0 0 0 0 0 0]
[120709248137470820331705192359463860762228407831986694775784431556298871594375760462 0 0 0 0 0 0 0 0 0 0 0 0 0 0 0 0 1 0 0 0 0 0 0 0 0 0 0]
[349995209169656805333924397363385559993914523910415508004936372935108503928633472639 0 0 0 0 0 0 0 0 0 0 0 0 0 0 0 0 0 1 0 0 0 0 0 0 0 0 0]
[1261057232001059506743754602095741896989889086613646803744021021824701367959965529627 0 0 0 0 0 0 0 0 0 0 0 0 0 0 0 0 0 0 1 0 0 0 0 0 0 0 0]
[509439315078498321582030781693057140685928391295354312413987787936006545051818813792 0 0 0 0 0 0 0 0 0 0 0 0 0 0 0 0 0 0 0 1 0 0 0 0 0 0 0]
[183099887578811894223742976238587529706357157269415739578493982077329998987270647946 0 0 0 0 0 0 0 0 0 0 0 0 0 0 0 0 0 0 0 0 1 0 0 0 0 0 0]
[582479774228429151555211009584016613254203112687872123624035682186018643254174597221 0 0 0 0 0 0 0 0 0 0 0 0 0 0 0 0 0 0 0 0 0 1 0 0 0 0 0]
[1327601598565817646461037423957567320719328271760057801932773982365388036256422579206 0 0 0 0 0 0 0 0 0 0 0 0 0 0 0 0 0 0 0 0 0 0 1 0 0 0 0]
[1468058235296061222247581359833094850656515449998890808771581035991437463020887357863 0 0 0 0 0 0 0 0 0 0 0 0 0 0 0 0 0 0 0 0 0 0 0 1 0 0 0]
[536175160490611314758166861588313321676399152438915757913380611660713049582503476605 0 0 0 0 0 0 0 0 0 0 0 0 0 0 0 0 0 0 0 0 0 0 0 0 1 0 0]
[863184988776519572808171252007031913231537629623510303512039362052026240732612440099 0 0 0 0 0 0 0 0 0 0 0 0 0 0 0 0 0 0 0 0 0 0 0 0 0 1 0]
[791705154787934145322552212321908533314388244490815630840714644123052459109650848050 0 0 0 0 0 0 0 0 0 0 0 0 0 0 0 0 0 0 0 0 0 0 0 0 0 0 1]
]
