[[1458708227940264124806747740303432079419573985282983497220824894021940550028753363429 0 0 0 0 0 0 0 0 0 0 0 0 0 0 0 0 0 0 0 0 0 0 0 0 0 0 0]
[1363807723430543162483525426998594793590705219670019212374768183609822468899827350891 1 0 0 0 0 0 0 0 0 0 0 0 0 0 0 0 0 0 0 0 0 0 0 0 0 0 0]
[398916650869914584300377533109434300959880549280206105709427107842947901929587180932 0 1 0 0 0 0 0 0 0 0 0 0 0 0 0 0 0 0 0 0 0 0 0 0 0 0 0]
[1102256027899676326944615111031821153553250778930714539590836974898130841592284787849 0 0 1 0 0 0 0 0 0 0 0 0 0 0 0 0 0 0 0 0 0 0 0 0 0 0 0]
[1157140183460378932417924612314753463939065994044668786160813355037067546732613912749 0 0 0 1 0 0 0 0 0 0 0 0 0 0 0 0 0 0 0 0 0 0 0 0 0 0 0]
[37287919111409591663771269629303255163327765600410506766753436956747777618860828180 0 0 0 0 1 0 0 0 0 0 0 0 0 0 0 0 0 0 0 0 0 0 0 0 0 0 0]
[532663381414680241100713431687708808920593947725540421290903780687336552518625396790 0 0 0 0 0 1 0 0 0 0 0 0 0 0 0 0 0 0 0 0 0 0 0 0 0 0 0]
[133642615101840904923253764639015909621063374959875063866226485081608062390512063098 0 0 0 0 0 0 1 0 0 0 0 0 0 0 0 0 0 0 0 0 0 0 0 0 0 0 0]
[655131651575023091280522296527199364803958472548198953064932590858473821639068201288 0 0 0 0 0 0 0 1 0 0 0 0 0 0 0 0 0 0 0 0 0 0 0 0 0 0 0]
[279050300603182547389876588165140098545365988355732604238632267141893996796641134062 0 0 0 0 0 0 0 0 1 0 0 0 0 0 0 0 0 0 0 0 0 0 0 0 0 0 0]
[923992788391094578188352779225011186508654486662980931057078722382905762894056094101 0 0 0 0 0 0 0 0 0 1 0 0 0 0 0 0 0 0 0 0 0 0 0 0 0 0 0]
[771211542560236394170162801094632682889866671421672185747872730560770967336757304448 0 0 0 0 0 0 0 0 0 0 1 0 0 0 0 0 0 0 0 0 0 0 0 0 0 0 0]
[566032167293270762167375787433712903367474661618734914487922836005729004574183930066 0 0 0 0 0 0 0 0 0 0 0 1 0 0 0 0 0 0 0 0 0 0 0 0 0 0 0]
[1292556432676064916514414771385683800825050161165024413197558036215083755209803633962 0 0 0 0 0 0 0 0 0 0 0 0 1 0 0 0 0 0 0 0 0 0 0 0 0 0 0]
[1089094750411747287489165066563210005095693086897987832273683208064717725416815085215 0 0 0 0 0 0 0 0 0 0 0 0 0 1 0 0 0 0 0 0 0 0 0 0 0 0 0]
[552287522911687028139628684400823286812618783396634444109633910162611489936754367214 0 0 0 0 0 0 0 0 0 0 0 0 0 0 1 0 0 0 0 0 0 0 0 0 0 0 0]
[1140848038319717904530512115362872693132156594510171494170294313080400390625686509946 0 0 0 0 0 0 0 0 0 0 0 0 0 0 0 1 0 0 0 0 0 0 0 0 0 0 0]
[1207043553451150250585627677018205107604676316672939400932000777173359727698911935284 0 0 0 0 0 0 0 0 0 0 0 0 0 0 0 0 1 0 0 0 0 0 0 0 0 0 0]
[1431371418453759256866174874533770372907752748691542728502368837748500229562648549523 0 0 0 0 0 0 0 0 0 0 0 0 0 0 0 0 0 1 0 0 0 0 0 0 0 0 0]
[579000376804531992940370080829906354215052005278384682473137108075824869585150829757 0 0 0 0 0 0 0 0 0 0 0 0 0 0 0 0 0 0 1 0 0 0 0 0 0 0 0]
[150736507929799248643318518355549639103525483504210101664306479053168060255142511492 0 0 0 0 0 0 0 0 0 0 0 0 0 0 0 0 0 0 0 1 0 0 0 0 0 0 0]
[305598046633518877831676703002239407921609096648175691424740147966756464197487706611 0 0 0 0 0 0 0 0 0 0 0 0 0 0 0 0 0 0 0 0 1 0 0 0 0 0 0]
[511664625700431217082505772644742661632837080456524064284285714908737629388690062381 0 0 0 0 0 0 0 0 0 0 0 0 0 0 0 0 0 0 0 0 0 1 0 0 0 0 0]
[1277379123712302205147423309689132346715447419657660970252047404746170635640774476034 0 0 0 0 0 0 0 0 0 0 0 0 0 0 0 0 0 0 0 0 0 0 1 0 0 0 0]
[972810123431069051900994258900048503315871402722748186139893716813562684607427277415 0 0 0 0 0 0 0 0 0 0 0 0 0 0 0 0 0 0 0 0 0 0 0 1 0 0 0]
[395537079969255260466282896125096039525949107019462505159100141419557514061484635882 0 0 0 0 0 0 0 0 0 0 0 0 0 0 0 0 0 0 0 0 0 0 0 0 1 0 0]
[799507159315351615429957317349945760226280816042142467282180351985036582246912442566 0 0 0 0 0 0 0 0 0 0 0 0 0 0 0 0 0 0 0 0 0 0 0 0 0 1 0]
[1440611914308465296302506166976395842626351265098035957843821358394409166384476933761 0 0 0 0 0 0 0 0 0 0 0 0 0 0 0 0 0 0 0 0 0 0 0 0 0 0 1]
]
