[[1298673452612701053630956857836755986778674232835768739734211003539470667909007231739 0 0 0 0 0 0 0 0 0 0 0 0 0 0 0 0 0 0 0 0 0 0 0 0 0 0 0]
[1248498208417684065774646128677271813682306562685662262473571237269899744046371799556 1 0 0 0 0 0 0 0 0 0 0 0 0 0 0 0 0 0 0 0 0 0 0 0 0 0 0]
[422546426860951007348529809416003698119910662145849514523762242928042834390355056852 0 1 0 0 0 0 0 0 0 0 0 0 0 0 0 0 0 0 0 0 0 0 0 0 0 0 0]
[391100409471791916396269331788768420587036629352002746968558913388943150294989631631 0 0 1 0 0 0 0 0 0 0 0 0 0 0 0 0 0 0 0 0 0 0 0 0 0 0 0]
[210568742464135039252202885998982713409573989989542124471780543563781344524317549669 0 0 0 1 0 0 0 0 0 0 0 0 0 0 0 0 0 0 0 0 0 0 0 0 0 0 0]
[244783383007469017623346430464984033918511010766742959318042920816143206567880743557 0 0 0 0 1 0 0 0 0 0 0 0 0 0 0 0 0 0 0 0 0 0 0 0 0 0 0]
[757367067462027372826876853046263375813135714774599707151354791888360504947162171910 0 0 0 0 0 1 0 0 0 0 0 0 0 0 0 0 0 0 0 0 0 0 0 0 0 0 0]
[338368492295356804860341180284513385622473475722722626263962236202064838403047965937 0 0 0 0 0 0 1 0 0 0 0 0 0 0 0 0 0 0 0 0 0 0 0 0 0 0 0]
[934926003563203005230324827537995502641184032629919756506347652302590801390693750616 0 0 0 0 0 0 0 1 0 0 0 0 0 0 0 0 0 0 0 0 0 0 0 0 0 0 0]
[850423211502285380539310986401679084599320401921424599270969523364514487278272219657 0 0 0 0 0 0 0 0 1 0 0 0 0 0 0 0 0 0 0 0 0 0 0 0 0 0 0]
[938335439491912295797382543243453920658690676060677500131736326629841248343320741104 0 0 0 0 0 0 0 0 0 1 0 0 0 0 0 0 0 0 0 0 0 0 0 0 0 0 0]
[1139038572299052331318354907016165603845051948709178518406469012317722777344795826702 0 0 0 0 0 0 0 0 0 0 1 0 0 0 0 0 0 0 0 0 0 0 0 0 0 0 0]
[1201483025971935714201214723355437259092254791568231527594186962297770332568269771478 0 0 0 0 0 0 0 0 0 0 0 1 0 0 0 0 0 0 0 0 0 0 0 0 0 0 0]
[1107568999359470778585363586259040105002818886789598817521762445128930560031451710538 0 0 0 0 0 0 0 0 0 0 0 0 1 0 0 0 0 0 0 0 0 0 0 0 0 0 0]
[694782621131807016747437870323689245357475782362968016756502005928462353429677775790 0 0 0 0 0 0 0 0 0 0 0 0 0 1 0 0 0 0 0 0 0 0 0 0 0 0 0]
[1121085607977635678853416263515872889316338217714572008492105646559155677453405445020 0 0 0 0 0 0 0 0 0 0 0 0 0 0 1 0 0 0 0 0 0 0 0 0 0 0 0]
[71205002185844794267588459681728892386279702207033656178545764276340395874687983969 0 0 0 0 0 0 0 0 0 0 0 0 0 0 0 1 0 0 0 0 0 0 0 0 0 0 0]
[1266629984573168131036922488571921329612551228871538673162801385876478602930818957214 0 0 0 0 0 0 0 0 0 0 0 0 0 0 0 0 1 0 0 0 0 0 0 0 0 0 0]
[469141004603973907998396486408530079320262804484104726350161977244878553294325639475 0 0 0 0 0 0 0 0 0 0 0 0 0 0 0 0 0 1 0 0 0 0 0 0 0 0 0]
[825361514596059358742711020741860848216129081916241365496141655308256249436636972769 0 0 0 0 0 0 0 0 0 0 0 0 0 0 0 0 0 0 1 0 0 0 0 0 0 0 0]
[1204536917565300775879798416195447530032490048261000382349723306568609451151841013764 0 0 0 0 0 0 0 0 0 0 0 0 0 0 0 0 0 0 0 1 0 0 0 0 0 0 0]
[855431903234730550968768228495861529990430963361098067153467789747841331878918225110 0 0 0 0 0 0 0 0 0 0 0 0 0 0 0 0 0 0 0 0 1 0 0 0 0 0 0]
[60337028626016098907791919214104255801507315726014673124885291271158629108740603371 0 0 0 0 0 0 0 0 0 0 0 0 0 0 0 0 0 0 0 0 0 1 0 0 0 0 0]
[650577600759544870010467263788659816909661796441577312335290268786868979602692899148 0 0 0 0 0 0 0 0 0 0 0 0 0 0 0 0 0 0 0 0 0 0 1 0 0 0 0]
[891679808297144839353732853653614787566151891221888922996373696614300600014061556319 0 0 0 0 0 0 0 0 0 0 0 0 0 0 0 0 0 0 0 0 0 0 0 1 0 0 0]
[1017235149329513546410768783846117770089066609952419830000687675801866039274394951055 0 0 0 0 0 0 0 0 0 0 0 0 0 0 0 0 0 0 0 0 0 0 0 0 1 0 0]
[351056652945355365289340127176922039899007648370836724259452055611544012574713942663 0 0 0 0 0 0 0 0 0 0 0 0 0 0 0 0 0 0 0 0 0 0 0 0 0 1 0]
[68659418901826427866024864083744755690498378478152904800291609714360824197244670295 0 0 0 0 0 0 0 0 0 0 0 0 0 0 0 0 0 0 0 0 0 0 0 0 0 0 1]
]
