[[1368484314906605306812274136384774166939941709702896329327993189644221959780875828981 0 0 0 0 0 0 0 0 0 0 0 0 0 0 0 0 0 0 0 0 0 0 0 0 0 0 0]
[1184098475705629872111068191428022497538332848998166165106449941350233763103062838643 1 0 0 0 0 0 0 0 0 0 0 0 0 0 0 0 0 0 0 0 0 0 0 0 0 0 0]
[295839444745461772455873704617433875196541977663226402415510086026518454207677824150 0 1 0 0 0 0 0 0 0 0 0 0 0 0 0 0 0 0 0 0 0 0 0 0 0 0 0]
[1042636622544211166300340588335087084125143989984296796512723691930035641139559315745 0 0 1 0 0 0 0 0 0 0 0 0 0 0 0 0 0 0 0 0 0 0 0 0 0 0 0]
[754094550932568318513613671192328237791938820903798367359611802254051025548356575638 0 0 0 1 0 0 0 0 0 0 0 0 0 0 0 0 0 0 0 0 0 0 0 0 0 0 0]
[705168093001033107321222548787797992246233682380074280874896133656049374328822313171 0 0 0 0 1 0 0 0 0 0 0 0 0 0 0 0 0 0 0 0 0 0 0 0 0 0 0]
[1285358093703511490790653853453705421654168568585443357582977981747861733267850055258 0 0 0 0 0 1 0 0 0 0 0 0 0 0 0 0 0 0 0 0 0 0 0 0 0 0 0]
[854546201481212179197740717457260890263274129502996177756498863510765199154001922418 0 0 0 0 0 0 1 0 0 0 0 0 0 0 0 0 0 0 0 0 0 0 0 0 0 0 0]
[788478265057107972382436020399640711660969756889269319929800927166561903619848390066 0 0 0 0 0 0 0 1 0 0 0 0 0 0 0 0 0 0 0 0 0 0 0 0 0 0 0]
[1108422894750999301255173555583593660792070927894573948992666442352343934636641758757 0 0 0 0 0 0 0 0 1 0 0 0 0 0 0 0 0 0 0 0 0 0 0 0 0 0 0]
[1109374478905417124308792977484163973576073078216842051954600249921235428255394931457 0 0 0 0 0 0 0 0 0 1 0 0 0 0 0 0 0 0 0 0 0 0 0 0 0 0 0]
[806199143596543331164285042743492353368258539025035877378402489763824568000418737433 0 0 0 0 0 0 0 0 0 0 1 0 0 0 0 0 0 0 0 0 0 0 0 0 0 0 0]
[474436283921473936539482594325965642696093038896018045494590176062550989467008817710 0 0 0 0 0 0 0 0 0 0 0 1 0 0 0 0 0 0 0 0 0 0 0 0 0 0 0]
[1213330967268095794835768407998949064181131625678235823148322981607732067734159885340 0 0 0 0 0 0 0 0 0 0 0 0 1 0 0 0 0 0 0 0 0 0 0 0 0 0 0]
[1188235347396627415888769333843561977926122845114019751904665283170837147110242159169 0 0 0 0 0 0 0 0 0 0 0 0 0 1 0 0 0 0 0 0 0 0 0 0 0 0 0]
[807394961090395182358220901126601750270236779251850853908269583068416034606899235233 0 0 0 0 0 0 0 0 0 0 0 0 0 0 1 0 0 0 0 0 0 0 0 0 0 0 0]
[513354354761868791426910598835945576164741691145439956044979042100257954168694201197 0 0 0 0 0 0 0 0 0 0 0 0 0 0 0 1 0 0 0 0 0 0 0 0 0 0 0]
[1088099170026584549745459719912422061318246186032049630647506566667992854354217382256 0 0 0 0 0 0 0 0 0 0 0 0 0 0 0 0 1 0 0 0 0 0 0 0 0 0 0]
[967669446027673486203023360628906733097956765733302900618773463099365547866595524708 0 0 0 0 0 0 0 0 0 0 0 0 0 0 0 0 0 1 0 0 0 0 0 0 0 0 0]
[343553459630102370336288128196476268563866315591626599668536979223506837357564008020 0 0 0 0 0 0 0 0 0 0 0 0 0 0 0 0 0 0 1 0 0 0 0 0 0 0 0]
[857317599265050752677910586265965538047806781608959702865394927268268759942542351654 0 0 0 0 0 0 0 0 0 0 0 0 0 0 0 0 0 0 0 1 0 0 0 0 0 0 0]
[229748559388752829295988677306946008979029265068951788505193443401902301195953878558 0 0 0 0 0 0 0 0 0 0 0 0 0 0 0 0 0 0 0 0 1 0 0 0 0 0 0]
[251278772394702045266430513394349589413884745482914949477717370392756422762945522999 0 0 0 0 0 0 0 0 0 0 0 0 0 0 0 0 0 0 0 0 0 1 0 0 0 0 0]
[1009136478825708826742334238500624893738786727144831435468663460451994049810624209057 0 0 0 0 0 0 0 0 0 0 0 0 0 0 0 0 0 0 0 0 0 0 1 0 0 0 0]
[661903665778431044088152231315233173777312256914093659823734133389359205927794200661 0 0 0 0 0 0 0 0 0 0 0 0 0 0 0 0 0 0 0 0 0 0 0 1 0 0 0]
[24508146891475831167557336392603380589638386952527579702105687685109545166671897203 0 0 0 0 0 0 0 0 0 0 0 0 0 0 0 0 0 0 0 0 0 0 0 0 1 0 0]
[1151863695399357597853717333416511903199842935269746645953400070989216589511223144664 0 0 0 0 0 0 0 0 0 0 0 0 0 0 0 0 0 0 0 0 0 0 0 0 0 1 0]
[260751541600336634047226614684880161298550438538424357308967731322163505062579016439 0 0 0 0 0 0 0 0 0 0 0 0 0 0 0 0 0 0 0 0 0 0 0 0 0 0 1]
]
