[[1593020049872056493082802265299561631129372680693645034640657967022299279068996687283 0 0 0 0 0 0 0 0 0 0 0 0 0 0 0 0 0 0 0 0 0 0 0 0 0 0 0]
[699461401535066046085036394481992461680265961979070429617183233644460750483171441567 1 0 0 0 0 0 0 0 0 0 0 0 0 0 0 0 0 0 0 0 0 0 0 0 0 0 0]
[1084914161670190874168312578535745883641590430485967391478806711021310645364853046448 0 1 0 0 0 0 0 0 0 0 0 0 0 0 0 0 0 0 0 0 0 0 0 0 0 0 0]
[1158328912152747826130676366107210337314914621786229567876771748448375721107947448262 0 0 1 0 0 0 0 0 0 0 0 0 0 0 0 0 0 0 0 0 0 0 0 0 0 0 0]
[870489591147816946679566521420126749125261720407425565823601055007485556348611332797 0 0 0 1 0 0 0 0 0 0 0 0 0 0 0 0 0 0 0 0 0 0 0 0 0 0 0]
[1387534701020721015115995100077869984923142346248806836608245784167568494727548645654 0 0 0 0 1 0 0 0 0 0 0 0 0 0 0 0 0 0 0 0 0 0 0 0 0 0 0]
[369132306499613457946601451628361470564245385466322456394813245278369570055817898404 0 0 0 0 0 1 0 0 0 0 0 0 0 0 0 0 0 0 0 0 0 0 0 0 0 0 0]
[571016787808901992066953309671914265130274338125559910809194751087730775420843470898 0 0 0 0 0 0 1 0 0 0 0 0 0 0 0 0 0 0 0 0 0 0 0 0 0 0 0]
[1074040233753583165149237083315996889183617603859847266192862720845023000488075848605 0 0 0 0 0 0 0 1 0 0 0 0 0 0 0 0 0 0 0 0 0 0 0 0 0 0 0]
[273154307094124511014292792735862069758528474290107475111993003903038262350501674950 0 0 0 0 0 0 0 0 1 0 0 0 0 0 0 0 0 0 0 0 0 0 0 0 0 0 0]
[846054993330300404415423850957611011779526785475488958839147016191657647205381735386 0 0 0 0 0 0 0 0 0 1 0 0 0 0 0 0 0 0 0 0 0 0 0 0 0 0 0]
[454945440859036227651893764569744042481034913782650478728348206080846856864051023793 0 0 0 0 0 0 0 0 0 0 1 0 0 0 0 0 0 0 0 0 0 0 0 0 0 0 0]
[750030739187451189583783670802429390951741448865597350693206142665911310868202098387 0 0 0 0 0 0 0 0 0 0 0 1 0 0 0 0 0 0 0 0 0 0 0 0 0 0 0]
[204758678432483978027847372284315005059331841644155096792018463216987607850252706592 0 0 0 0 0 0 0 0 0 0 0 0 1 0 0 0 0 0 0 0 0 0 0 0 0 0 0]
[104967876551518941430849493985187323530878162852214656960334360245476620211529133754 0 0 0 0 0 0 0 0 0 0 0 0 0 1 0 0 0 0 0 0 0 0 0 0 0 0 0]
[1484158814011458080452734133406265026797026116646300348649217387612973851152115935159 0 0 0 0 0 0 0 0 0 0 0 0 0 0 1 0 0 0 0 0 0 0 0 0 0 0 0]
[932289917015473335032362096661198790053560295678790718044879949948082003973071642401 0 0 0 0 0 0 0 0 0 0 0 0 0 0 0 1 0 0 0 0 0 0 0 0 0 0 0]
[1029539472883667913394885780343413059015474277678589310050093166699497867918779621255 0 0 0 0 0 0 0 0 0 0 0 0 0 0 0 0 1 0 0 0 0 0 0 0 0 0 0]
[1353246925539986447702308651377911705926832275556304051471469845568313287805604926344 0 0 0 0 0 0 0 0 0 0 0 0 0 0 0 0 0 1 0 0 0 0 0 0 0 0 0]
[1114347804216447687091729718173494167790855378827347747922741673467728067187240453967 0 0 0 0 0 0 0 0 0 0 0 0 0 0 0 0 0 0 1 0 0 0 0 0 0 0 0]
[674835714262518253118412028095417839472961914705732606512811956635709577151674176011 0 0 0 0 0 0 0 0 0 0 0 0 0 0 0 0 0 0 0 1 0 0 0 0 0 0 0]
[1572945036651739130092561963815005993614419510968425363296500977003124993366160607055 0 0 0 0 0 0 0 0 0 0 0 0 0 0 0 0 0 0 0 0 1 0 0 0 0 0 0]
[590121433746888323027638456582907874372055183899541307920332358312401136797703275654 0 0 0 0 0 0 0 0 0 0 0 0 0 0 0 0 0 0 0 0 0 1 0 0 0 0 0]
[1283612246966029815687029995799680943951839044705516285397177817320530537826686694505 0 0 0 0 0 0 0 0 0 0 0 0 0 0 0 0 0 0 0 0 0 0 1 0 0 0 0]
[1559299896879509365246215431202497285440356929840988195242417209792339662377759961045 0 0 0 0 0 0 0 0 0 0 0 0 0 0 0 0 0 0 0 0 0 0 0 1 0 0 0]
[726204118998787054578834520478996918709590793532508385564155308973819200380278088105 0 0 0 0 0 0 0 0 0 0 0 0 0 0 0 0 0 0 0 0 0 0 0 0 1 0 0]
[203201938090370288345123208581089632849913678060151199791789561143455576839605181055 0 0 0 0 0 0 0 0 0 0 0 0 0 0 0 0 0 0 0 0 0 0 0 0 0 1 0]
[1179545239190062543016112674945936531758099448440566896964064019007948976594479455452 0 0 0 0 0 0 0 0 0 0 0 0 0 0 0 0 0 0 0 0 0 0 0 0 0 0 1]
]
