[[1473891582782839959401693947305094196510890619151359132522296207951564427915230625041 0 0 0 0 0 0 0 0 0 0 0 0 0 0 0 0 0 0 0 0 0 0 0 0 0 0 0]
[893539848136498889128082576615120149860423586509162213052186043332567799663002947009 1 0 0 0 0 0 0 0 0 0 0 0 0 0 0 0 0 0 0 0 0 0 0 0 0 0 0]
[770174107292973705691483118822694501045650457764866021627634535552647989563328240311 0 1 0 0 0 0 0 0 0 0 0 0 0 0 0 0 0 0 0 0 0 0 0 0 0 0 0]
[642744975490038321337489914957059996821429608824851538927693260863648932418052236308 0 0 1 0 0 0 0 0 0 0 0 0 0 0 0 0 0 0 0 0 0 0 0 0 0 0 0]
[899329419636970250715662507434335390205296959751439208033258031138310805182669107374 0 0 0 1 0 0 0 0 0 0 0 0 0 0 0 0 0 0 0 0 0 0 0 0 0 0 0]
[601160393694338742439793176562248637155876042142570094120906513086148085796352476624 0 0 0 0 1 0 0 0 0 0 0 0 0 0 0 0 0 0 0 0 0 0 0 0 0 0 0]
[268743232274072944396205493877748676038143551403915051974428009447648888638067356584 0 0 0 0 0 1 0 0 0 0 0 0 0 0 0 0 0 0 0 0 0 0 0 0 0 0 0]
[983065734819684756612957306602492321807088443982647245839074163947599047231355047125 0 0 0 0 0 0 1 0 0 0 0 0 0 0 0 0 0 0 0 0 0 0 0 0 0 0 0]
[327532713516868615727131038174688156967565184451507362624632718475874213532531476312 0 0 0 0 0 0 0 1 0 0 0 0 0 0 0 0 0 0 0 0 0 0 0 0 0 0 0]
[956317512253136848126844297499514211433626618958814652780373377177155505377853732129 0 0 0 0 0 0 0 0 1 0 0 0 0 0 0 0 0 0 0 0 0 0 0 0 0 0 0]
[1049755377342721894132443378313333526270066810048336086710183808405810823718448872349 0 0 0 0 0 0 0 0 0 1 0 0 0 0 0 0 0 0 0 0 0 0 0 0 0 0 0]
[289774096780753093803554366886584462403950637311858387602277921934999765905590067624 0 0 0 0 0 0 0 0 0 0 1 0 0 0 0 0 0 0 0 0 0 0 0 0 0 0 0]
[954274543946948139245546212808929203582946311034665118790548853259551835102016643855 0 0 0 0 0 0 0 0 0 0 0 1 0 0 0 0 0 0 0 0 0 0 0 0 0 0 0]
[1289487281588216646929425846645121167054911255787608428404501092101328179681620209170 0 0 0 0 0 0 0 0 0 0 0 0 1 0 0 0 0 0 0 0 0 0 0 0 0 0 0]
[1459468446935392862584649937346031421638620387211011524836769826882551753108578134309 0 0 0 0 0 0 0 0 0 0 0 0 0 1 0 0 0 0 0 0 0 0 0 0 0 0 0]
[1363416187862292789971615163738514666923491483849314134884772739376204577497647649503 0 0 0 0 0 0 0 0 0 0 0 0 0 0 1 0 0 0 0 0 0 0 0 0 0 0 0]
[1275278771728856560021942197772899532311917172769193728073939758091249263225138240429 0 0 0 0 0 0 0 0 0 0 0 0 0 0 0 1 0 0 0 0 0 0 0 0 0 0 0]
[616772184024819334273227146768448263943669194397715341883578767229785342002327083631 0 0 0 0 0 0 0 0 0 0 0 0 0 0 0 0 1 0 0 0 0 0 0 0 0 0 0]
[244573716404245983682655548021892700732768361447201158991705034468282962654086547550 0 0 0 0 0 0 0 0 0 0 0 0 0 0 0 0 0 1 0 0 0 0 0 0 0 0 0]
[382200858873348742489954759712811465563938728321222679985263096971294832761635201418 0 0 0 0 0 0 0 0 0 0 0 0 0 0 0 0 0 0 1 0 0 0 0 0 0 0 0]
[1460529184394826721200576060265208077300997819277619047377829792970130371505766373507 0 0 0 0 0 0 0 0 0 0 0 0 0 0 0 0 0 0 0 1 0 0 0 0 0 0 0]
[1012458828572124552081505405500053408629142123874822195374587906306388007055866523435 0 0 0 0 0 0 0 0 0 0 0 0 0 0 0 0 0 0 0 0 1 0 0 0 0 0 0]
[541805019603329746937793234096616125325976276498234240315474781148712548436961802538 0 0 0 0 0 0 0 0 0 0 0 0 0 0 0 0 0 0 0 0 0 1 0 0 0 0 0]
[1172397431053660182715166549944901678060154813092918831490000562521614673578998843394 0 0 0 0 0 0 0 0 0 0 0 0 0 0 0 0 0 0 0 0 0 0 1 0 0 0 0]
[494933220118701179546698455558838065920395323692250396656409244621253219520929591837 0 0 0 0 0 0 0 0 0 0 0 0 0 0 0 0 0 0 0 0 0 0 0 1 0 0 0]
[1142587781043292486622785406394777068721647772021414194011227810588651947245488392085 0 0 0 0 0 0 0 0 0 0 0 0 0 0 0 0 0 0 0 0 0 0 0 0 1 0 0]
[29090404684015656424705059511337528371966149606260517520179090337446896446721695815 0 0 0 0 0 0 0 0 0 0 0 0 0 0 0 0 0 0 0 0 0 0 0 0 0 1 0]
[47565183566666229153695076952645073209645790894468481195354073531409794817450716135 0 0 0 0 0 0 0 0 0 0 0 0 0 0 0 0 0 0 0 0 0 0 0 0 0 0 1]
]
