[[1379351027175142153408224877465357850946910303999471299899946136937219173519611065489 0 0 0 0 0 0 0 0 0 0 0 0 0 0 0 0 0 0 0 0 0 0 0 0 0 0 0]
[254875490984980518709781022744095294516152914099573219973463178268670754793533581358 1 0 0 0 0 0 0 0 0 0 0 0 0 0 0 0 0 0 0 0 0 0 0 0 0 0 0]
[1215787544054557718106023966150561510419880536612331796579548256698255425301517439010 0 1 0 0 0 0 0 0 0 0 0 0 0 0 0 0 0 0 0 0 0 0 0 0 0 0 0]
[701233375670747797150259833632177871876171209149828482907184139695701657828312694314 0 0 1 0 0 0 0 0 0 0 0 0 0 0 0 0 0 0 0 0 0 0 0 0 0 0 0]
[342658892203649422410535641473182931107726635991376868919577667332827875679466301501 0 0 0 1 0 0 0 0 0 0 0 0 0 0 0 0 0 0 0 0 0 0 0 0 0 0 0]
[1266956771678593103880293826395869196477032406792904600844017636629924257872844562047 0 0 0 0 1 0 0 0 0 0 0 0 0 0 0 0 0 0 0 0 0 0 0 0 0 0 0]
[169865466610096023431020587207005760887958360709965312800811146534704889973157687549 0 0 0 0 0 1 0 0 0 0 0 0 0 0 0 0 0 0 0 0 0 0 0 0 0 0 0]
[403683631376965850475219392169905335186298542656671949125784734076294915443414002301 0 0 0 0 0 0 1 0 0 0 0 0 0 0 0 0 0 0 0 0 0 0 0 0 0 0 0]
[119157623563527830393672277636636349064492076311768697623326391912399338271320212674 0 0 0 0 0 0 0 1 0 0 0 0 0 0 0 0 0 0 0 0 0 0 0 0 0 0 0]
[197131586641352562619065186206340738415959695073170924064947337200140768591163872294 0 0 0 0 0 0 0 0 1 0 0 0 0 0 0 0 0 0 0 0 0 0 0 0 0 0 0]
[277422022116834780589631934059378354806313958981835997870092690626799949567145255794 0 0 0 0 0 0 0 0 0 1 0 0 0 0 0 0 0 0 0 0 0 0 0 0 0 0 0]
[1292920472811324529987477371688017990686193338707176526495042186545861530044407184761 0 0 0 0 0 0 0 0 0 0 1 0 0 0 0 0 0 0 0 0 0 0 0 0 0 0 0]
[258020379168022086179422067658459775535119170506996561243558861583708822542939640271 0 0 0 0 0 0 0 0 0 0 0 1 0 0 0 0 0 0 0 0 0 0 0 0 0 0 0]
[1004147147764302549620981202939973859458756611285409657031319931392766993967617989093 0 0 0 0 0 0 0 0 0 0 0 0 1 0 0 0 0 0 0 0 0 0 0 0 0 0 0]
[377733132816668223875299841268130048626312253371438379650320608716175518291857901068 0 0 0 0 0 0 0 0 0 0 0 0 0 1 0 0 0 0 0 0 0 0 0 0 0 0 0]
[421770999253702570692248483449438124385160526650517491075073622547871150314361694661 0 0 0 0 0 0 0 0 0 0 0 0 0 0 1 0 0 0 0 0 0 0 0 0 0 0 0]
[281205629872434754169047349738480828714452196786352494571577305495716666310709871113 0 0 0 0 0 0 0 0 0 0 0 0 0 0 0 1 0 0 0 0 0 0 0 0 0 0 0]
[1003885166204192029915380296918683424711351224025189833257133755997895140293874803478 0 0 0 0 0 0 0 0 0 0 0 0 0 0 0 0 1 0 0 0 0 0 0 0 0 0 0]
[1341265064334257238339423919444048319309746990408337412076626071951411335523867738556 0 0 0 0 0 0 0 0 0 0 0 0 0 0 0 0 0 1 0 0 0 0 0 0 0 0 0]
[1026523996163747694755979505904522667700474399915953167162781163658991683547245915016 0 0 0 0 0 0 0 0 0 0 0 0 0 0 0 0 0 0 1 0 0 0 0 0 0 0 0]
[644310832102856870919486134701132853068818287438188448024995551712787873236226781776 0 0 0 0 0 0 0 0 0 0 0 0 0 0 0 0 0 0 0 1 0 0 0 0 0 0 0]
[74687098620698066921333022346555753892225026373292712875445255146553863233454997676 0 0 0 0 0 0 0 0 0 0 0 0 0 0 0 0 0 0 0 0 1 0 0 0 0 0 0]
[1180387042969166841893816684984620548874762440917089515292760700045533215225079492212 0 0 0 0 0 0 0 0 0 0 0 0 0 0 0 0 0 0 0 0 0 1 0 0 0 0 0]
[421770505640449671757344136518561388602526939387909859838674043865412490318696122844 0 0 0 0 0 0 0 0 0 0 0 0 0 0 0 0 0 0 0 0 0 0 1 0 0 0 0]
[485033397382052015075433807291687836815648396760895206396029820530271712496253612931 0 0 0 0 0 0 0 0 0 0 0 0 0 0 0 0 0 0 0 0 0 0 0 1 0 0 0]
[225013501964172077148354004056357026853382263658067126620599201889699728266136852900 0 0 0 0 0 0 0 0 0 0 0 0 0 0 0 0 0 0 0 0 0 0 0 0 1 0 0]
[891121476534560207783616851308309483381276751364484645938641244667998096116149065682 0 0 0 0 0 0 0 0 0 0 0 0 0 0 0 0 0 0 0 0 0 0 0 0 0 1 0]
[189198466948685754831117300241370892339493379100954211518677456554585932790822509948 0 0 0 0 0 0 0 0 0 0 0 0 0 0 0 0 0 0 0 0 0 0 0 0 0 0 1]
]
