[[1167418637081736076786938946552634906387426859272858988216877694650036023746045399513 0 0 0 0 0 0 0 0 0 0 0 0 0 0 0 0 0 0 0 0 0 0 0 0 0 0 0]
[219079167171042364953354158567644944608452420879132907010902125318952253718726057506 1 0 0 0 0 0 0 0 0 0 0 0 0 0 0 0 0 0 0 0 0 0 0 0 0 0 0]
[743627218529651382314042241312282499647056649027098279678470765462096041530850833139 0 1 0 0 0 0 0 0 0 0 0 0 0 0 0 0 0 0 0 0 0 0 0 0 0 0 0]
[566018824264125978143347414490810604777152499180815836066317830413122170841338161980 0 0 1 0 0 0 0 0 0 0 0 0 0 0 0 0 0 0 0 0 0 0 0 0 0 0 0]
[499651341354727669138576457079136727083394684270694976131980431384300582180922481589 0 0 0 1 0 0 0 0 0 0 0 0 0 0 0 0 0 0 0 0 0 0 0 0 0 0 0]
[171403584771323820152620311461442705158661069359886187841064435746284418014889353153 0 0 0 0 1 0 0 0 0 0 0 0 0 0 0 0 0 0 0 0 0 0 0 0 0 0 0]
[333076832201649088497867465671698345303446852787528610737186489439976980769335741789 0 0 0 0 0 1 0 0 0 0 0 0 0 0 0 0 0 0 0 0 0 0 0 0 0 0 0]
[444305583269504477919404687269953925705732122084976335127869670549108472601987594376 0 0 0 0 0 0 1 0 0 0 0 0 0 0 0 0 0 0 0 0 0 0 0 0 0 0 0]
[627208274290736938371333214404346363086812430355831174613946211154980144820487343981 0 0 0 0 0 0 0 1 0 0 0 0 0 0 0 0 0 0 0 0 0 0 0 0 0 0 0]
[766561408912285548746303596698000209653764124119101747512018431783867976663909197917 0 0 0 0 0 0 0 0 1 0 0 0 0 0 0 0 0 0 0 0 0 0 0 0 0 0 0]
[663724400907689766924207946755400148590430201276337215741527918965490553447615197598 0 0 0 0 0 0 0 0 0 1 0 0 0 0 0 0 0 0 0 0 0 0 0 0 0 0 0]
[129446366636258807351839073484345421138528722255985502388922801500137900978457546900 0 0 0 0 0 0 0 0 0 0 1 0 0 0 0 0 0 0 0 0 0 0 0 0 0 0 0]
[203325475682187759693274030575756708118225509747996094369352585549140964148448039247 0 0 0 0 0 0 0 0 0 0 0 1 0 0 0 0 0 0 0 0 0 0 0 0 0 0 0]
[873203646368948769776699762468852850095544271453287155924755039628046282498911491709 0 0 0 0 0 0 0 0 0 0 0 0 1 0 0 0 0 0 0 0 0 0 0 0 0 0 0]
[705376531375415367253111069459632785410153445461114758416175347094981299079529036182 0 0 0 0 0 0 0 0 0 0 0 0 0 1 0 0 0 0 0 0 0 0 0 0 0 0 0]
[403277181073900164414479060661593285076309452493095583615140695242569120652694014203 0 0 0 0 0 0 0 0 0 0 0 0 0 0 1 0 0 0 0 0 0 0 0 0 0 0 0]
[920054130453661968222594405099014871123683078493308715192993296538811690559323664845 0 0 0 0 0 0 0 0 0 0 0 0 0 0 0 1 0 0 0 0 0 0 0 0 0 0 0]
[760193655207615368719265553426881549763537938262682353508014861315380950477918125459 0 0 0 0 0 0 0 0 0 0 0 0 0 0 0 0 1 0 0 0 0 0 0 0 0 0 0]
[230630340552682205030709463038958789859320333539605137899530497331427864806528830066 0 0 0 0 0 0 0 0 0 0 0 0 0 0 0 0 0 1 0 0 0 0 0 0 0 0 0]
[526338517164293400787322960934354113849314528495148145082752384603765512216862185474 0 0 0 0 0 0 0 0 0 0 0 0 0 0 0 0 0 0 1 0 0 0 0 0 0 0 0]
[834056193190373013259403812862648135353543619675919605120471738559474840086293958131 0 0 0 0 0 0 0 0 0 0 0 0 0 0 0 0 0 0 0 1 0 0 0 0 0 0 0]
[193446567739173739108098509993110427176642367346365678254319671767690598207499352078 0 0 0 0 0 0 0 0 0 0 0 0 0 0 0 0 0 0 0 0 1 0 0 0 0 0 0]
[298709692968742177503869811900630047082357007472371346299546038250981915063377092612 0 0 0 0 0 0 0 0 0 0 0 0 0 0 0 0 0 0 0 0 0 1 0 0 0 0 0]
[979452216900310951123120234485735650410969795821996612218482553548231770108935641188 0 0 0 0 0 0 0 0 0 0 0 0 0 0 0 0 0 0 0 0 0 0 1 0 0 0 0]
[116234659700575788233907278497681426386818334107588171195041145848492898890418423065 0 0 0 0 0 0 0 0 0 0 0 0 0 0 0 0 0 0 0 0 0 0 0 1 0 0 0]
[400325286962093501813998438514984005860237379135541012749064504901597017802396477715 0 0 0 0 0 0 0 0 0 0 0 0 0 0 0 0 0 0 0 0 0 0 0 0 1 0 0]
[481340294281231221458468598332835897865541565836927807442611041110968927036419436856 0 0 0 0 0 0 0 0 0 0 0 0 0 0 0 0 0 0 0 0 0 0 0 0 0 1 0]
[603590815895684266466836947587855145626393565974237707474152638556177320870492281025 0 0 0 0 0 0 0 0 0 0 0 0 0 0 0 0 0 0 0 0 0 0 0 0 0 0 1]
]
