[[1577490587886494506929226370028332860784988024112557997535052927186567598474098166451 0 0 0 0 0 0 0 0 0 0 0 0 0 0 0 0 0 0 0 0 0 0 0 0 0 0 0]
[1250453700032026637700043852800077875777746249634374025209823880410053728909636794922 1 0 0 0 0 0 0 0 0 0 0 0 0 0 0 0 0 0 0 0 0 0 0 0 0 0 0]
[467246985069756374470146951607862626405629770992307263842389693707441610950866896344 0 1 0 0 0 0 0 0 0 0 0 0 0 0 0 0 0 0 0 0 0 0 0 0 0 0 0]
[1149570576918289608166173865089889786135757769132951234634276942979405812420743593794 0 0 1 0 0 0 0 0 0 0 0 0 0 0 0 0 0 0 0 0 0 0 0 0 0 0 0]
[277355877101833033057454139199068138198777019390872846757001137386462658997543181611 0 0 0 1 0 0 0 0 0 0 0 0 0 0 0 0 0 0 0 0 0 0 0 0 0 0 0]
[1020981391452761572458104847467554071718121247001719578293239642841130261593476114039 0 0 0 0 1 0 0 0 0 0 0 0 0 0 0 0 0 0 0 0 0 0 0 0 0 0 0]
[1329833257460618095025739133373906715513006729744317045039451926405032421217460082386 0 0 0 0 0 1 0 0 0 0 0 0 0 0 0 0 0 0 0 0 0 0 0 0 0 0 0]
[752327144125967096773907638709262595062840159338624134024778609604475458439569005520 0 0 0 0 0 0 1 0 0 0 0 0 0 0 0 0 0 0 0 0 0 0 0 0 0 0 0]
[111151153021221116622118587636513629442543135184033394122055603443483486515240905427 0 0 0 0 0 0 0 1 0 0 0 0 0 0 0 0 0 0 0 0 0 0 0 0 0 0 0]
[327801597048254169406107185133115115110201428880295318850956577193326419291259650842 0 0 0 0 0 0 0 0 1 0 0 0 0 0 0 0 0 0 0 0 0 0 0 0 0 0 0]
[1348036259294949531123425978171888004841176470404766854260125147543031290253880378802 0 0 0 0 0 0 0 0 0 1 0 0 0 0 0 0 0 0 0 0 0 0 0 0 0 0 0]
[1185360494052195162060088546973705347730070913364311837962772748471525843694048246699 0 0 0 0 0 0 0 0 0 0 1 0 0 0 0 0 0 0 0 0 0 0 0 0 0 0 0]
[801328846375798197240158517405675625495110615007785039741261113392163368373581240116 0 0 0 0 0 0 0 0 0 0 0 1 0 0 0 0 0 0 0 0 0 0 0 0 0 0 0]
[1347279379351609721635566585857458672194789031191642104514539619184141377573839326822 0 0 0 0 0 0 0 0 0 0 0 0 1 0 0 0 0 0 0 0 0 0 0 0 0 0 0]
[1254365589529199939579457753175178560687235865688307980292016482867301373125038747463 0 0 0 0 0 0 0 0 0 0 0 0 0 1 0 0 0 0 0 0 0 0 0 0 0 0 0]
[979059034236242369441728427586630554219583489124565942555500473347468745983639018317 0 0 0 0 0 0 0 0 0 0 0 0 0 0 1 0 0 0 0 0 0 0 0 0 0 0 0]
[1382995743212657645472658884553837731507586778594989674821593846922542751642602847605 0 0 0 0 0 0 0 0 0 0 0 0 0 0 0 1 0 0 0 0 0 0 0 0 0 0 0]
[44565680349771862225607157251830103919708644773920501572833618879009802013592814210 0 0 0 0 0 0 0 0 0 0 0 0 0 0 0 0 1 0 0 0 0 0 0 0 0 0 0]
[256266102472294727156232037418674434392497912407533018288590293543303187737100760710 0 0 0 0 0 0 0 0 0 0 0 0 0 0 0 0 0 1 0 0 0 0 0 0 0 0 0]
[979718343471614285010456263523599061479035822778028157160732544104750888702909889296 0 0 0 0 0 0 0 0 0 0 0 0 0 0 0 0 0 0 1 0 0 0 0 0 0 0 0]
[413409092695822369156586332138374551870808042783559188800351455420795760644816793787 0 0 0 0 0 0 0 0 0 0 0 0 0 0 0 0 0 0 0 1 0 0 0 0 0 0 0]
[697585649075517016178733182903499311577187600040033579811537246814770514594053272992 0 0 0 0 0 0 0 0 0 0 0 0 0 0 0 0 0 0 0 0 1 0 0 0 0 0 0]
[749001191899240854799021404901723999287848081047617900326459720739307158607494262274 0 0 0 0 0 0 0 0 0 0 0 0 0 0 0 0 0 0 0 0 0 1 0 0 0 0 0]
[106000650609690064384077307083355780639812002317219707298012592840880585522706334124 0 0 0 0 0 0 0 0 0 0 0 0 0 0 0 0 0 0 0 0 0 0 1 0 0 0 0]
[1460507307093871470595612937847819181228877388984752098260470968460417466612284148318 0 0 0 0 0 0 0 0 0 0 0 0 0 0 0 0 0 0 0 0 0 0 0 1 0 0 0]
[37505703931032583980054227517105794172070671965999148797107820750925525206162193087 0 0 0 0 0 0 0 0 0 0 0 0 0 0 0 0 0 0 0 0 0 0 0 0 1 0 0]
[1487512677137949965472410173511717712355602185346057692887501800270575316866739651287 0 0 0 0 0 0 0 0 0 0 0 0 0 0 0 0 0 0 0 0 0 0 0 0 0 1 0]
[644903516423134772310525611077204771979301650827914286324276620874423333516436264279 0 0 0 0 0 0 0 0 0 0 0 0 0 0 0 0 0 0 0 0 0 0 0 0 0 0 1]
]
