[[1330314784353110207462722431153137937640508352948652667444026805399028370822376229031 0 0 0 0 0 0 0 0 0 0 0 0 0 0 0 0 0 0 0 0 0 0 0 0 0 0 0]
[147453793528434751118507356150665933999446143139164941198124668567237101936008851592 1 0 0 0 0 0 0 0 0 0 0 0 0 0 0 0 0 0 0 0 0 0 0 0 0 0 0]
[1082673315802247641407481434173028760479353732046726639419023371891417164738959733251 0 1 0 0 0 0 0 0 0 0 0 0 0 0 0 0 0 0 0 0 0 0 0 0 0 0 0]
[1329861959328673863782487256365373147740462445645042349933426541848501458678903889445 0 0 1 0 0 0 0 0 0 0 0 0 0 0 0 0 0 0 0 0 0 0 0 0 0 0 0]
[379926332132256527564965828836538658877422990888247491234845352482911918507881199687 0 0 0 1 0 0 0 0 0 0 0 0 0 0 0 0 0 0 0 0 0 0 0 0 0 0 0]
[37300599095280547849367081444163040757307370846380817078845415488157242698657978308 0 0 0 0 1 0 0 0 0 0 0 0 0 0 0 0 0 0 0 0 0 0 0 0 0 0 0]
[431548572462084569607481691941470461492521527660488428101586170626039670225416935112 0 0 0 0 0 1 0 0 0 0 0 0 0 0 0 0 0 0 0 0 0 0 0 0 0 0 0]
[911924188072344603401990750144726273636160078183350156326665073279408400544895511793 0 0 0 0 0 0 1 0 0 0 0 0 0 0 0 0 0 0 0 0 0 0 0 0 0 0 0]
[555818441191905560628693995421202437670422756325384195487410250450404806347858436794 0 0 0 0 0 0 0 1 0 0 0 0 0 0 0 0 0 0 0 0 0 0 0 0 0 0 0]
[162169614125890577704190482920805001665518323228972462613020184090088897910069606 0 0 0 0 0 0 0 0 1 0 0 0 0 0 0 0 0 0 0 0 0 0 0 0 0 0 0]
[635809337263574014029603725302949116085816038338533655028487016150818169062040177209 0 0 0 0 0 0 0 0 0 1 0 0 0 0 0 0 0 0 0 0 0 0 0 0 0 0 0]
[811064383150312297376821195667010219593615555672190998521106277021794731671197924872 0 0 0 0 0 0 0 0 0 0 1 0 0 0 0 0 0 0 0 0 0 0 0 0 0 0 0]
[708463473288890005082697143205525917155487045735052888939630080346879064288620634341 0 0 0 0 0 0 0 0 0 0 0 1 0 0 0 0 0 0 0 0 0 0 0 0 0 0 0]
[507095536485220093665599013901895567382079444613064404799962599859447587847914527372 0 0 0 0 0 0 0 0 0 0 0 0 1 0 0 0 0 0 0 0 0 0 0 0 0 0 0]
[31658060263978843958237190434853360092292977233526720723440436827716536164252217204 0 0 0 0 0 0 0 0 0 0 0 0 0 1 0 0 0 0 0 0 0 0 0 0 0 0 0]
[220737701019550418347316434559009259105730447377005916317026959545077325866192330364 0 0 0 0 0 0 0 0 0 0 0 0 0 0 1 0 0 0 0 0 0 0 0 0 0 0 0]
[720918513654904457987420690178997839943602816595640851326719684126557210127170547295 0 0 0 0 0 0 0 0 0 0 0 0 0 0 0 1 0 0 0 0 0 0 0 0 0 0 0]
[974148768276980801739469677630251249951931215905690346186325930691480096156462847031 0 0 0 0 0 0 0 0 0 0 0 0 0 0 0 0 1 0 0 0 0 0 0 0 0 0 0]
[399789829904066142684159918217321162277288800854518225335504770906733900641833513424 0 0 0 0 0 0 0 0 0 0 0 0 0 0 0 0 0 1 0 0 0 0 0 0 0 0 0]
[783151252528382933169304354062501650117896448058264295123157526694329857830666058852 0 0 0 0 0 0 0 0 0 0 0 0 0 0 0 0 0 0 1 0 0 0 0 0 0 0 0]
[294899945795030265350953338961679964212194386498479305341935629523633944519345787334 0 0 0 0 0 0 0 0 0 0 0 0 0 0 0 0 0 0 0 1 0 0 0 0 0 0 0]
[1171367414549753096413206765848036528089078341495352298494440404611775979973212022008 0 0 0 0 0 0 0 0 0 0 0 0 0 0 0 0 0 0 0 0 1 0 0 0 0 0 0]
[128933006770718470911729610821167338984894362285096124033098538967460616866678900123 0 0 0 0 0 0 0 0 0 0 0 0 0 0 0 0 0 0 0 0 0 1 0 0 0 0 0]
[1220820396215740682035620350255581120884553557179364906242523278986640878009711040720 0 0 0 0 0 0 0 0 0 0 0 0 0 0 0 0 0 0 0 0 0 0 1 0 0 0 0]
[1040260219071450967138384501006954210666536375229387202163911777064411611328182453530 0 0 0 0 0 0 0 0 0 0 0 0 0 0 0 0 0 0 0 0 0 0 0 1 0 0 0]
[797810169618024890505271255161474359350931842455207871296821148887835509063030869061 0 0 0 0 0 0 0 0 0 0 0 0 0 0 0 0 0 0 0 0 0 0 0 0 1 0 0]
[1146204063901081073049024208023139141539384701852603418568226844442877980160097173176 0 0 0 0 0 0 0 0 0 0 0 0 0 0 0 0 0 0 0 0 0 0 0 0 0 1 0]
[747403885380301180099359411628354567561937062089989175201514370371562717806245164776 0 0 0 0 0 0 0 0 0 0 0 0 0 0 0 0 0 0 0 0 0 0 0 0 0 0 1]
]
