[[1899393197566647589746319212341735718358093186568860493707159602142395206819766520691 0 0 0 0 0 0 0 0 0 0 0 0 0 0 0 0 0 0 0 0 0 0 0 0 0 0 0]
[1415136929935439646659247871318238650227129947851454957325457490020278495238132686962 1 0 0 0 0 0 0 0 0 0 0 0 0 0 0 0 0 0 0 0 0 0 0 0 0 0 0]
[569603782386743596375136562591321022399758304880397433927401260473519644537615520780 0 1 0 0 0 0 0 0 0 0 0 0 0 0 0 0 0 0 0 0 0 0 0 0 0 0 0]
[388669026587171089341167970042112753944436545043048032841300771368638491480937678803 0 0 1 0 0 0 0 0 0 0 0 0 0 0 0 0 0 0 0 0 0 0 0 0 0 0 0]
[296991137221078319502461741914768187665581244050706221972245799675455946423709657185 0 0 0 1 0 0 0 0 0 0 0 0 0 0 0 0 0 0 0 0 0 0 0 0 0 0 0]
[750069680971224457731065587689320536618891195292489702607663732083831851043969661234 0 0 0 0 1 0 0 0 0 0 0 0 0 0 0 0 0 0 0 0 0 0 0 0 0 0 0]
[1817106815208626361917676708228101144134811576609922822450712832405250087208245031418 0 0 0 0 0 1 0 0 0 0 0 0 0 0 0 0 0 0 0 0 0 0 0 0 0 0 0]
[264344797907992182397934556405553408869931194088757297212580663986807955081404803604 0 0 0 0 0 0 1 0 0 0 0 0 0 0 0 0 0 0 0 0 0 0 0 0 0 0 0]
[1381105888499706383111990494102346314176832739233471728002679234505823931778560378469 0 0 0 0 0 0 0 1 0 0 0 0 0 0 0 0 0 0 0 0 0 0 0 0 0 0 0]
[125714185932359410557174102648205499493358315011243763067208210899335836887694172033 0 0 0 0 0 0 0 0 1 0 0 0 0 0 0 0 0 0 0 0 0 0 0 0 0 0 0]
[281935888679236973509849946696763669235762039163174519110863924332366703954244475131 0 0 0 0 0 0 0 0 0 1 0 0 0 0 0 0 0 0 0 0 0 0 0 0 0 0 0]
[264734712502318952115709760251098925029844103032115185536625346474409682124000358173 0 0 0 0 0 0 0 0 0 0 1 0 0 0 0 0 0 0 0 0 0 0 0 0 0 0 0]
[1021402481413166940350832821444725385182627658772354488093149950114143268678947188561 0 0 0 0 0 0 0 0 0 0 0 1 0 0 0 0 0 0 0 0 0 0 0 0 0 0 0]
[1150884041866997698023421308580448351609998586463715033335005456428475857122505612187 0 0 0 0 0 0 0 0 0 0 0 0 1 0 0 0 0 0 0 0 0 0 0 0 0 0 0]
[1127984040434272373736099379519942024741395397691428000934015488676533873666500025561 0 0 0 0 0 0 0 0 0 0 0 0 0 1 0 0 0 0 0 0 0 0 0 0 0 0 0]
[701878958932967599632081862112232535138287043833698563471353826184972743766700698977 0 0 0 0 0 0 0 0 0 0 0 0 0 0 1 0 0 0 0 0 0 0 0 0 0 0 0]
[1512894038316654328764804435015218408518911403327197015760602826698367470613460324880 0 0 0 0 0 0 0 0 0 0 0 0 0 0 0 1 0 0 0 0 0 0 0 0 0 0 0]
[1676283501134868232367996105184611121561738102372802482791335881053895063835653824039 0 0 0 0 0 0 0 0 0 0 0 0 0 0 0 0 1 0 0 0 0 0 0 0 0 0 0]
[201131022251945788056822164653268769296396801501565693970248225940445129496664696895 0 0 0 0 0 0 0 0 0 0 0 0 0 0 0 0 0 1 0 0 0 0 0 0 0 0 0]
[823118453469492217830665192454829919130398557008460022194170202695250861401439395330 0 0 0 0 0 0 0 0 0 0 0 0 0 0 0 0 0 0 1 0 0 0 0 0 0 0 0]
[800446593405662289589242843052753536291072688761013393633962429095152476090982287047 0 0 0 0 0 0 0 0 0 0 0 0 0 0 0 0 0 0 0 1 0 0 0 0 0 0 0]
[1309702343471266779991012466618187060197868133432658884308498272375329777333751582409 0 0 0 0 0 0 0 0 0 0 0 0 0 0 0 0 0 0 0 0 1 0 0 0 0 0 0]
[494530879841970035676445283150345148970775539760837561834640738883112590595873744528 0 0 0 0 0 0 0 0 0 0 0 0 0 0 0 0 0 0 0 0 0 1 0 0 0 0 0]
[1320007405548209641249808648149703754243402854705971765467769083697338871851582890084 0 0 0 0 0 0 0 0 0 0 0 0 0 0 0 0 0 0 0 0 0 0 1 0 0 0 0]
[1867850032471620912938614780693882013149976769213727813787120624749619611643426257789 0 0 0 0 0 0 0 0 0 0 0 0 0 0 0 0 0 0 0 0 0 0 0 1 0 0 0]
[379125202033087210325627927197288926709941455230376814157834077905834836499728254567 0 0 0 0 0 0 0 0 0 0 0 0 0 0 0 0 0 0 0 0 0 0 0 0 1 0 0]
[21943570429708816731491073510845143360904937027962147180340641710279146488164669621 0 0 0 0 0 0 0 0 0 0 0 0 0 0 0 0 0 0 0 0 0 0 0 0 0 1 0]
[1397964525644305024561137085802926518877513242781966431347309207865889093727670156601 0 0 0 0 0 0 0 0 0 0 0 0 0 0 0 0 0 0 0 0 0 0 0 0 0 0 1]
]
