[[1611244627557071397094626570916087244476265926969041590513290957775585147067423834079 0 0 0 0 0 0 0 0 0 0 0 0 0 0 0 0 0 0 0 0 0 0 0 0 0 0 0]
[658183059180611522944547697689247117593648890944988183331852458623294526493073249131 1 0 0 0 0 0 0 0 0 0 0 0 0 0 0 0 0 0 0 0 0 0 0 0 0 0 0]
[928915151820818110171177502138684366980926013690377801154973473108560823888098028293 0 1 0 0 0 0 0 0 0 0 0 0 0 0 0 0 0 0 0 0 0 0 0 0 0 0 0]
[1165740992677175951498116102348053410194239718061478819062659086098603999160061107087 0 0 1 0 0 0 0 0 0 0 0 0 0 0 0 0 0 0 0 0 0 0 0 0 0 0 0]
[1496397957638368478854400952823472026444503897748487286734034598570161175634978427278 0 0 0 1 0 0 0 0 0 0 0 0 0 0 0 0 0 0 0 0 0 0 0 0 0 0 0]
[1047647751252812982393715912379939887952729756347791276387796997348819574642809680342 0 0 0 0 1 0 0 0 0 0 0 0 0 0 0 0 0 0 0 0 0 0 0 0 0 0 0]
[1042842408521883279212880857962850270375469763106933459143374222305644170403014062239 0 0 0 0 0 1 0 0 0 0 0 0 0 0 0 0 0 0 0 0 0 0 0 0 0 0 0]
[276594383696631868682943258405151197245593857252826665040818310565869095069502151904 0 0 0 0 0 0 1 0 0 0 0 0 0 0 0 0 0 0 0 0 0 0 0 0 0 0 0]
[927682409343755700565015119497391607450535246961087446538412002588178007833181090138 0 0 0 0 0 0 0 1 0 0 0 0 0 0 0 0 0 0 0 0 0 0 0 0 0 0 0]
[664032935678505440545446303093309501764260887210572978033959945429985360131171842957 0 0 0 0 0 0 0 0 1 0 0 0 0 0 0 0 0 0 0 0 0 0 0 0 0 0 0]
[73852688656783329266029936104233993057699843039098565422265826357612830677959090916 0 0 0 0 0 0 0 0 0 1 0 0 0 0 0 0 0 0 0 0 0 0 0 0 0 0 0]
[1433259891817096136470360479078035640052781114704181778004488428828320659210882055300 0 0 0 0 0 0 0 0 0 0 1 0 0 0 0 0 0 0 0 0 0 0 0 0 0 0 0]
[1083487198431354536220443907986063224835576702033742017464871536162248236096154358069 0 0 0 0 0 0 0 0 0 0 0 1 0 0 0 0 0 0 0 0 0 0 0 0 0 0 0]
[620966354123990246775013357376499716763557810085118046945193437423561856060377704797 0 0 0 0 0 0 0 0 0 0 0 0 1 0 0 0 0 0 0 0 0 0 0 0 0 0 0]
[565597830209944106843836318002189297162870336263319091140250600073895573080052157789 0 0 0 0 0 0 0 0 0 0 0 0 0 1 0 0 0 0 0 0 0 0 0 0 0 0 0]
[472005095437746256878400707741145970654735571123069897961065555657161850879713808372 0 0 0 0 0 0 0 0 0 0 0 0 0 0 1 0 0 0 0 0 0 0 0 0 0 0 0]
[1422086912264114461306232626778333027609054858326268359495176864659391185841721683339 0 0 0 0 0 0 0 0 0 0 0 0 0 0 0 1 0 0 0 0 0 0 0 0 0 0 0]
[943070157020829431248225898777270688650346018006374712494400702406809733953819363477 0 0 0 0 0 0 0 0 0 0 0 0 0 0 0 0 1 0 0 0 0 0 0 0 0 0 0]
[1592379812871635957245803560305436010868758767686565391854070785362064317782654820570 0 0 0 0 0 0 0 0 0 0 0 0 0 0 0 0 0 1 0 0 0 0 0 0 0 0 0]
[700046120052840024909836599941355424676147452610302231949632375990907918876320724826 0 0 0 0 0 0 0 0 0 0 0 0 0 0 0 0 0 0 1 0 0 0 0 0 0 0 0]
[951968767664864432065300075501836189557590806702708354426000873212515216869929820724 0 0 0 0 0 0 0 0 0 0 0 0 0 0 0 0 0 0 0 1 0 0 0 0 0 0 0]
[697749568760432109123672377714720841130672316520243115611440275011980323031044670884 0 0 0 0 0 0 0 0 0 0 0 0 0 0 0 0 0 0 0 0 1 0 0 0 0 0 0]
[113282310947309040825047954688211248157253991676867039427539585274109031097178741091 0 0 0 0 0 0 0 0 0 0 0 0 0 0 0 0 0 0 0 0 0 1 0 0 0 0 0]
[955059695184842104391061258428402351652012343263405476291335929245936496458735643366 0 0 0 0 0 0 0 0 0 0 0 0 0 0 0 0 0 0 0 0 0 0 1 0 0 0 0]
[883809097172218141735699327002825726281400388420754237396157492626359995019728510521 0 0 0 0 0 0 0 0 0 0 0 0 0 0 0 0 0 0 0 0 0 0 0 1 0 0 0]
[1524227228466601717119778603968554410310549791795661257903236604952791138388900014640 0 0 0 0 0 0 0 0 0 0 0 0 0 0 0 0 0 0 0 0 0 0 0 0 1 0 0]
[699332701310066723110180045676114892375501344351958082265946642990169944686189020247 0 0 0 0 0 0 0 0 0 0 0 0 0 0 0 0 0 0 0 0 0 0 0 0 0 1 0]
[861017973236204445225672677310160992111660928405730519553965785328443161400953348822 0 0 0 0 0 0 0 0 0 0 0 0 0 0 0 0 0 0 0 0 0 0 0 0 0 0 1]
]
