[[1201455568864729852215230348407745651446053785691335718200774280052222962914282136997 0 0 0 0 0 0 0 0 0 0 0 0 0 0 0 0 0 0 0 0 0 0 0 0 0 0 0]
[45519374660142233718491304787755021915724284405134892046524995965224447458275509905 1 0 0 0 0 0 0 0 0 0 0 0 0 0 0 0 0 0 0 0 0 0 0 0 0 0 0]
[448319604019666643324175380065712158075705160461601368749796207165883485182324385943 0 1 0 0 0 0 0 0 0 0 0 0 0 0 0 0 0 0 0 0 0 0 0 0 0 0 0]
[115851587451474665329615302566517542033424001017334666324100395248165494221854690363 0 0 1 0 0 0 0 0 0 0 0 0 0 0 0 0 0 0 0 0 0 0 0 0 0 0 0]
[244868716479262370906142775776932697808370706736206346380837498320585905410927326515 0 0 0 1 0 0 0 0 0 0 0 0 0 0 0 0 0 0 0 0 0 0 0 0 0 0 0]
[747066201539058357790746260814604198408882866036302489238484458967147168925908722155 0 0 0 0 1 0 0 0 0 0 0 0 0 0 0 0 0 0 0 0 0 0 0 0 0 0 0]
[966956237287434389071704517789185773245071712547877729989156132021687057915677720475 0 0 0 0 0 1 0 0 0 0 0 0 0 0 0 0 0 0 0 0 0 0 0 0 0 0 0]
[150433596382795277254545567324525894192698125392855312355649103530949580394573491411 0 0 0 0 0 0 1 0 0 0 0 0 0 0 0 0 0 0 0 0 0 0 0 0 0 0 0]
[651475016488514116975769941860214849814096487614756669711954957237936412219018275791 0 0 0 0 0 0 0 1 0 0 0 0 0 0 0 0 0 0 0 0 0 0 0 0 0 0 0]
[470096808079088465658799791079184499910882817339218818662236938718669095653992699909 0 0 0 0 0 0 0 0 1 0 0 0 0 0 0 0 0 0 0 0 0 0 0 0 0 0 0]
[35314734591318223980001639083243617902766791683950740357182712476275944011326950418 0 0 0 0 0 0 0 0 0 1 0 0 0 0 0 0 0 0 0 0 0 0 0 0 0 0 0]
[613361957896682036553902099519028062187562163600160427455966377111380971794726086405 0 0 0 0 0 0 0 0 0 0 1 0 0 0 0 0 0 0 0 0 0 0 0 0 0 0 0]
[730158499997972138777702484483117469470589043873027828007712724345075063639467560152 0 0 0 0 0 0 0 0 0 0 0 1 0 0 0 0 0 0 0 0 0 0 0 0 0 0 0]
[497780443615683130189058944892829923396564776745270731427832358210919599583759973875 0 0 0 0 0 0 0 0 0 0 0 0 1 0 0 0 0 0 0 0 0 0 0 0 0 0 0]
[936850881364138644333156582975906470381198435244727825917317493288393730318612532253 0 0 0 0 0 0 0 0 0 0 0 0 0 1 0 0 0 0 0 0 0 0 0 0 0 0 0]
[1191270884230652559683770487305683173498454834207683903480620941969585559074661197116 0 0 0 0 0 0 0 0 0 0 0 0 0 0 1 0 0 0 0 0 0 0 0 0 0 0 0]
[1141912624764610831279590928676287623166116376477835459522683689946629610171128459915 0 0 0 0 0 0 0 0 0 0 0 0 0 0 0 1 0 0 0 0 0 0 0 0 0 0 0]
[911591337019208698248969733464819364143597961907453483111926754230807627530166607628 0 0 0 0 0 0 0 0 0 0 0 0 0 0 0 0 1 0 0 0 0 0 0 0 0 0 0]
[1146612151454627417265274275895210829725864778079684204681300427483115245086067074971 0 0 0 0 0 0 0 0 0 0 0 0 0 0 0 0 0 1 0 0 0 0 0 0 0 0 0]
[1187449655151536532087377766111054854515258677720777901331916288057975986730787834551 0 0 0 0 0 0 0 0 0 0 0 0 0 0 0 0 0 0 1 0 0 0 0 0 0 0 0]
[327727982011705821715524388160950008168535071365345170416476674241209128334206645774 0 0 0 0 0 0 0 0 0 0 0 0 0 0 0 0 0 0 0 1 0 0 0 0 0 0 0]
[249714960533721040935641652508392591730799604366661474138413763618856227516692796901 0 0 0 0 0 0 0 0 0 0 0 0 0 0 0 0 0 0 0 0 1 0 0 0 0 0 0]
[838135910400407549075933123111048745319261427959273308549373293872279345681752586812 0 0 0 0 0 0 0 0 0 0 0 0 0 0 0 0 0 0 0 0 0 1 0 0 0 0 0]
[784890800505474516352993653717044280839105351356510193764757511057372153049229640507 0 0 0 0 0 0 0 0 0 0 0 0 0 0 0 0 0 0 0 0 0 0 1 0 0 0 0]
[289592440757390260508597011470260655656729379350878620943099654291129160347846562122 0 0 0 0 0 0 0 0 0 0 0 0 0 0 0 0 0 0 0 0 0 0 0 1 0 0 0]
[448360019921888578324859445208962592860805962647268629433078014891145115026536020080 0 0 0 0 0 0 0 0 0 0 0 0 0 0 0 0 0 0 0 0 0 0 0 0 1 0 0]
[512842444251328911308542136180977205949606927082004421143194129725308958161079315656 0 0 0 0 0 0 0 0 0 0 0 0 0 0 0 0 0 0 0 0 0 0 0 0 0 1 0]
[751678127476929345220813478730181934339881651275930159109803771200084303261587259144 0 0 0 0 0 0 0 0 0 0 0 0 0 0 0 0 0 0 0 0 0 0 0 0 0 0 1]
]
