[[1309943123732222877049005508604269446694357940259635597344728465227952889598465038981 0 0 0 0 0 0 0 0 0 0 0 0 0 0 0 0 0 0 0 0 0 0 0 0 0 0 0]
[931817889792445387781214786395056098115037629059627887452578352177226327393431541928 1 0 0 0 0 0 0 0 0 0 0 0 0 0 0 0 0 0 0 0 0 0 0 0 0 0 0]
[872557949949088945892948859703240785510849700431770622597621091484914933063831987161 0 1 0 0 0 0 0 0 0 0 0 0 0 0 0 0 0 0 0 0 0 0 0 0 0 0 0]
[134314571212306436984560641120901909265213043975018173090388834096362868290524118528 0 0 1 0 0 0 0 0 0 0 0 0 0 0 0 0 0 0 0 0 0 0 0 0 0 0 0]
[169082181697117379997808962290791952628241810897146422660282791062436216118389644223 0 0 0 1 0 0 0 0 0 0 0 0 0 0 0 0 0 0 0 0 0 0 0 0 0 0 0]
[995530218590358088716398317227051259372013921940441308667492546109191070433641724234 0 0 0 0 1 0 0 0 0 0 0 0 0 0 0 0 0 0 0 0 0 0 0 0 0 0 0]
[877205726974345576366225966416528850611168698850597968216485827625537039088363836168 0 0 0 0 0 1 0 0 0 0 0 0 0 0 0 0 0 0 0 0 0 0 0 0 0 0 0]
[901824428669514441166063154709575343688358059363527905053668322118091808973972793149 0 0 0 0 0 0 1 0 0 0 0 0 0 0 0 0 0 0 0 0 0 0 0 0 0 0 0]
[713446333112998573478263952045976179313947317575710914372561007986520662287576044539 0 0 0 0 0 0 0 1 0 0 0 0 0 0 0 0 0 0 0 0 0 0 0 0 0 0 0]
[1149704652012235218090862144926533440150575279125681233839161788515047391750014460877 0 0 0 0 0 0 0 0 1 0 0 0 0 0 0 0 0 0 0 0 0 0 0 0 0 0 0]
[1229913416674895317771719040730902255844213812013351222397881358080464958073798200135 0 0 0 0 0 0 0 0 0 1 0 0 0 0 0 0 0 0 0 0 0 0 0 0 0 0 0]
[1150055152744884576649661777811337430247431832334519584906101144689597633638906533883 0 0 0 0 0 0 0 0 0 0 1 0 0 0 0 0 0 0 0 0 0 0 0 0 0 0 0]
[790160383223765106219597484152807357579511700695207055748163933787185946839274612453 0 0 0 0 0 0 0 0 0 0 0 1 0 0 0 0 0 0 0 0 0 0 0 0 0 0 0]
[384734910729887471023137788534742647340007596988969322874886036140309860047689303517 0 0 0 0 0 0 0 0 0 0 0 0 1 0 0 0 0 0 0 0 0 0 0 0 0 0 0]
[595019100167616558661855721967855617136429260713026832432678800096983870843180341405 0 0 0 0 0 0 0 0 0 0 0 0 0 1 0 0 0 0 0 0 0 0 0 0 0 0 0]
[251264399026005952130412740549824905128193700257132860124608399129619332987264912742 0 0 0 0 0 0 0 0 0 0 0 0 0 0 1 0 0 0 0 0 0 0 0 0 0 0 0]
[65913773744499311891410080027322119423815205273044194680466756678332409183020006533 0 0 0 0 0 0 0 0 0 0 0 0 0 0 0 1 0 0 0 0 0 0 0 0 0 0 0]
[726969373393275479594315149003561447642507547786550455954239808632336387938546161132 0 0 0 0 0 0 0 0 0 0 0 0 0 0 0 0 1 0 0 0 0 0 0 0 0 0 0]
[570733576378457415867861378499144977707631844988757145901749676389052628313878010454 0 0 0 0 0 0 0 0 0 0 0 0 0 0 0 0 0 1 0 0 0 0 0 0 0 0 0]
[819111509622336799880935812625712241200766725232322731192933694214515142637482635168 0 0 0 0 0 0 0 0 0 0 0 0 0 0 0 0 0 0 1 0 0 0 0 0 0 0 0]
[237217936749607640412622969093862998554519569545805614677445503140936965726775018539 0 0 0 0 0 0 0 0 0 0 0 0 0 0 0 0 0 0 0 1 0 0 0 0 0 0 0]
[921661896912215603413423399070947826894238291329401264867076823254589513629320726926 0 0 0 0 0 0 0 0 0 0 0 0 0 0 0 0 0 0 0 0 1 0 0 0 0 0 0]
[1151296864100517085609376277583037147911715123159207017256254008183285683757224121616 0 0 0 0 0 0 0 0 0 0 0 0 0 0 0 0 0 0 0 0 0 1 0 0 0 0 0]
[962539931255582264435964255399093399036564364189091725102230821197698805414918180095 0 0 0 0 0 0 0 0 0 0 0 0 0 0 0 0 0 0 0 0 0 0 1 0 0 0 0]
[810373954099959162944839673494527447344316399977092318902536310733332123398046760982 0 0 0 0 0 0 0 0 0 0 0 0 0 0 0 0 0 0 0 0 0 0 0 1 0 0 0]
[952355826344546753372118076013607754508229143424945159593824903491261734101012720844 0 0 0 0 0 0 0 0 0 0 0 0 0 0 0 0 0 0 0 0 0 0 0 0 1 0 0]
[424502533859693823193242694584388993130516188339453919862253093597047511661499396298 0 0 0 0 0 0 0 0 0 0 0 0 0 0 0 0 0 0 0 0 0 0 0 0 0 1 0]
[1024840121737629373706976937098703131890334989940482274777447375436475808005341203344 0 0 0 0 0 0 0 0 0 0 0 0 0 0 0 0 0 0 0 0 0 0 0 0 0 0 1]
]
