[[1562378585085008010735543934539241287270666271072145482467180764464833339685493047217 0 0 0 0 0 0 0 0 0 0 0 0 0 0 0 0 0 0 0 0 0 0 0 0 0 0 0]
[1426059964775121596709198697970642857235285949425752291904631493893367872719953523081 1 0 0 0 0 0 0 0 0 0 0 0 0 0 0 0 0 0 0 0 0 0 0 0 0 0 0]
[352718311172671648013138150347465102001743157057050161348796097620261292123466410293 0 1 0 0 0 0 0 0 0 0 0 0 0 0 0 0 0 0 0 0 0 0 0 0 0 0 0]
[1529906134624997642276954651739678607437032680840088219289367743636162299617125188814 0 0 1 0 0 0 0 0 0 0 0 0 0 0 0 0 0 0 0 0 0 0 0 0 0 0 0]
[1068968858413310718631736296813958144346713731252452270250418630383748460909393756781 0 0 0 1 0 0 0 0 0 0 0 0 0 0 0 0 0 0 0 0 0 0 0 0 0 0 0]
[1168468047078961854632813825884474413948438639473576867828038087611797630015669164236 0 0 0 0 1 0 0 0 0 0 0 0 0 0 0 0 0 0 0 0 0 0 0 0 0 0 0]
[67796982818230350344250401062959503584244003660706821727428531676442216912666114887 0 0 0 0 0 1 0 0 0 0 0 0 0 0 0 0 0 0 0 0 0 0 0 0 0 0 0]
[1387061284361410912852048435473013532475006492080331714614646700011124989536767967984 0 0 0 0 0 0 1 0 0 0 0 0 0 0 0 0 0 0 0 0 0 0 0 0 0 0 0]
[1255561195095697545131910865996855581917367471583630742071250975680785150149190025632 0 0 0 0 0 0 0 1 0 0 0 0 0 0 0 0 0 0 0 0 0 0 0 0 0 0 0]
[22604103703451359073815026089672536579612917284200189930581910047726091613269204144 0 0 0 0 0 0 0 0 1 0 0 0 0 0 0 0 0 0 0 0 0 0 0 0 0 0 0]
[1107528846109298521401839497598764288935928833642403659009177203868511933950136275263 0 0 0 0 0 0 0 0 0 1 0 0 0 0 0 0 0 0 0 0 0 0 0 0 0 0 0]
[712144619258497113464284336253158097132337033188766623996527137222082772405715773560 0 0 0 0 0 0 0 0 0 0 1 0 0 0 0 0 0 0 0 0 0 0 0 0 0 0 0]
[1095256617382592031599825234162449176114071129564883546645494246104740426390862420459 0 0 0 0 0 0 0 0 0 0 0 1 0 0 0 0 0 0 0 0 0 0 0 0 0 0 0]
[1445679619440166145837515068924131882729921453619859940402099585643964621686015287947 0 0 0 0 0 0 0 0 0 0 0 0 1 0 0 0 0 0 0 0 0 0 0 0 0 0 0]
[674085835313012005654058545730981746565187585339153804517283683102258459024978473492 0 0 0 0 0 0 0 0 0 0 0 0 0 1 0 0 0 0 0 0 0 0 0 0 0 0 0]
[959506299399811446684260610651405052771898718328267777442673114497625933657049067585 0 0 0 0 0 0 0 0 0 0 0 0 0 0 1 0 0 0 0 0 0 0 0 0 0 0 0]
[1353508180209752860212490962310986386877714770349971504110439764611167006700004040440 0 0 0 0 0 0 0 0 0 0 0 0 0 0 0 1 0 0 0 0 0 0 0 0 0 0 0]
[553398250348449001408983633396833577470271513884535307299709949981281382700448530090 0 0 0 0 0 0 0 0 0 0 0 0 0 0 0 0 1 0 0 0 0 0 0 0 0 0 0]
[1141075937142200527986673877355093852984017930376087904886548129046685760654271254438 0 0 0 0 0 0 0 0 0 0 0 0 0 0 0 0 0 1 0 0 0 0 0 0 0 0 0]
[1517818287862701704098247588044038363548674610764008931763296702899761175579706287579 0 0 0 0 0 0 0 0 0 0 0 0 0 0 0 0 0 0 1 0 0 0 0 0 0 0 0]
[1262395112489213396157892099657681701002151361452223798132604661045421283109373740082 0 0 0 0 0 0 0 0 0 0 0 0 0 0 0 0 0 0 0 1 0 0 0 0 0 0 0]
[746334653028888154643887642186969690309873288975705342371140314161268785419452625144 0 0 0 0 0 0 0 0 0 0 0 0 0 0 0 0 0 0 0 0 1 0 0 0 0 0 0]
[1311136536222214006530647923072368419088072482616964812263646836285340501431284005674 0 0 0 0 0 0 0 0 0 0 0 0 0 0 0 0 0 0 0 0 0 1 0 0 0 0 0]
[422597574654206200217710792034833234146067247258510085965493093510039918293980776451 0 0 0 0 0 0 0 0 0 0 0 0 0 0 0 0 0 0 0 0 0 0 1 0 0 0 0]
[1439256939714496691825348442188519747781152246051137953526266445070827158629762389880 0 0 0 0 0 0 0 0 0 0 0 0 0 0 0 0 0 0 0 0 0 0 0 1 0 0 0]
[1164127818305303408732913380924430337740844398748780938340263529040737639101038279115 0 0 0 0 0 0 0 0 0 0 0 0 0 0 0 0 0 0 0 0 0 0 0 0 1 0 0]
[1340634254337181532734224059649851551195326457873389028554823781789425990753589199186 0 0 0 0 0 0 0 0 0 0 0 0 0 0 0 0 0 0 0 0 0 0 0 0 0 1 0]
[496681016100376316591109909758531804137604435859103394675049138343025323860680521838 0 0 0 0 0 0 0 0 0 0 0 0 0 0 0 0 0 0 0 0 0 0 0 0 0 0 1]
]
