[[1573278707189921942321013456684850980067550031510924432235667526921319321922804009863 0 0 0 0 0 0 0 0 0 0 0 0 0 0 0 0 0 0 0 0 0 0 0 0 0 0 0]
[455154587427677622744535401992597417049158151987661212807202941617349974405194969405 1 0 0 0 0 0 0 0 0 0 0 0 0 0 0 0 0 0 0 0 0 0 0 0 0 0 0]
[1022516401543328958034658864093272861660966231873941475523040682032850645968143196975 0 1 0 0 0 0 0 0 0 0 0 0 0 0 0 0 0 0 0 0 0 0 0 0 0 0 0]
[1536133218564282056622422455107643725987281480213605065196829979271478539727754781372 0 0 1 0 0 0 0 0 0 0 0 0 0 0 0 0 0 0 0 0 0 0 0 0 0 0 0]
[607728104948466598935262674419882413199013217641487599882505751986027660756413276782 0 0 0 1 0 0 0 0 0 0 0 0 0 0 0 0 0 0 0 0 0 0 0 0 0 0 0]
[859533052894026019811716173451413809820445012069669169669357226936197394540596103957 0 0 0 0 1 0 0 0 0 0 0 0 0 0 0 0 0 0 0 0 0 0 0 0 0 0 0]
[940323767810039481628901162445100611268805884525537183214041627380901069596774763048 0 0 0 0 0 1 0 0 0 0 0 0 0 0 0 0 0 0 0 0 0 0 0 0 0 0 0]
[570921728090148475669764971310256339310323158898737732817192692623539272770251774634 0 0 0 0 0 0 1 0 0 0 0 0 0 0 0 0 0 0 0 0 0 0 0 0 0 0 0]
[1175892322794073472504534399792774699280016190933763945925351610075201382245675579825 0 0 0 0 0 0 0 1 0 0 0 0 0 0 0 0 0 0 0 0 0 0 0 0 0 0 0]
[725118131321669559169935069006011249850801949755306537890208423458701704969736279141 0 0 0 0 0 0 0 0 1 0 0 0 0 0 0 0 0 0 0 0 0 0 0 0 0 0 0]
[1119250815501134830985462743029115489286602988072459914867555221124640273847976085363 0 0 0 0 0 0 0 0 0 1 0 0 0 0 0 0 0 0 0 0 0 0 0 0 0 0 0]
[854661468996135609769105365291813815879927891337594942100677227509096706467280589798 0 0 0 0 0 0 0 0 0 0 1 0 0 0 0 0 0 0 0 0 0 0 0 0 0 0 0]
[855305205242048779912206414275886757998193030091238688107354253022140320827984750223 0 0 0 0 0 0 0 0 0 0 0 1 0 0 0 0 0 0 0 0 0 0 0 0 0 0 0]
[1354525041735079671754042384276506184160296490025338030149680677545607414576396051776 0 0 0 0 0 0 0 0 0 0 0 0 1 0 0 0 0 0 0 0 0 0 0 0 0 0 0]
[1490473436443809965142995619454013960668355734094744641845479561822233091403740154265 0 0 0 0 0 0 0 0 0 0 0 0 0 1 0 0 0 0 0 0 0 0 0 0 0 0 0]
[1399606395178063067920489551907239958455901586442164999096482597289411090953835272806 0 0 0 0 0 0 0 0 0 0 0 0 0 0 1 0 0 0 0 0 0 0 0 0 0 0 0]
[1497319202558927263676578821057874173506160555133465168552561606119758345794552234585 0 0 0 0 0 0 0 0 0 0 0 0 0 0 0 1 0 0 0 0 0 0 0 0 0 0 0]
[1176402836334006685773735506066766672581948301209126258904153693719011147927619392424 0 0 0 0 0 0 0 0 0 0 0 0 0 0 0 0 1 0 0 0 0 0 0 0 0 0 0]
[579518108214487879870483535186387489717501579922757203278408195252700823922815848478 0 0 0 0 0 0 0 0 0 0 0 0 0 0 0 0 0 1 0 0 0 0 0 0 0 0 0]
[540786951437853184637033419023850528150157137990291496197547426998412818649985262750 0 0 0 0 0 0 0 0 0 0 0 0 0 0 0 0 0 0 1 0 0 0 0 0 0 0 0]
[1230866938876742643003416663768814040611813651299243958519919607526832224925501620621 0 0 0 0 0 0 0 0 0 0 0 0 0 0 0 0 0 0 0 1 0 0 0 0 0 0 0]
[677605553559699641947238731128436882872001487887461398638102411371447359590522623211 0 0 0 0 0 0 0 0 0 0 0 0 0 0 0 0 0 0 0 0 1 0 0 0 0 0 0]
[132805476527247803296516290977028317700385166575204088634218201789924982097743493041 0 0 0 0 0 0 0 0 0 0 0 0 0 0 0 0 0 0 0 0 0 1 0 0 0 0 0]
[919329010408037140773447214139861043347243766009930824890383184913427941640618621218 0 0 0 0 0 0 0 0 0 0 0 0 0 0 0 0 0 0 0 0 0 0 1 0 0 0 0]
[590565684707186364757924652169135823912535454796998515909455968761699757493586084922 0 0 0 0 0 0 0 0 0 0 0 0 0 0 0 0 0 0 0 0 0 0 0 1 0 0 0]
[265807121534335684885106778065243007972953429700686288956131273220303054679492879483 0 0 0 0 0 0 0 0 0 0 0 0 0 0 0 0 0 0 0 0 0 0 0 0 1 0 0]
[782736758909709166615554976924952988824196330097846606915153301817739153285127126841 0 0 0 0 0 0 0 0 0 0 0 0 0 0 0 0 0 0 0 0 0 0 0 0 0 1 0]
[90683526694908293155267235463442724206284196456416383074794924113492729661940002321 0 0 0 0 0 0 0 0 0 0 0 0 0 0 0 0 0 0 0 0 0 0 0 0 0 0 1]
]
