[[1032785500039949014845960327605527745450182066894748048664247878309372406259527823099 0 0 0 0 0 0 0 0 0 0 0 0 0 0 0 0 0 0 0 0 0 0 0 0 0 0 0]
[819368694656367879511186046626859853529698554076621862275938360645460189304754925262 1 0 0 0 0 0 0 0 0 0 0 0 0 0 0 0 0 0 0 0 0 0 0 0 0 0 0]
[852589631638500248530574013199175971020437461217527985555829497361177018900122492711 0 1 0 0 0 0 0 0 0 0 0 0 0 0 0 0 0 0 0 0 0 0 0 0 0 0 0]
[892284359477826335460857988958284003379000014401883068604169563337923120374257621322 0 0 1 0 0 0 0 0 0 0 0 0 0 0 0 0 0 0 0 0 0 0 0 0 0 0 0]
[865768143830191479407841294285551517011123146375907136177078917233692716392453629278 0 0 0 1 0 0 0 0 0 0 0 0 0 0 0 0 0 0 0 0 0 0 0 0 0 0 0]
[205643445724997282415391662122560616565787610561168919828276337119498167799684140477 0 0 0 0 1 0 0 0 0 0 0 0 0 0 0 0 0 0 0 0 0 0 0 0 0 0 0]
[169863453715527888144122621264093005827761346647106718945686956033923239926967891101 0 0 0 0 0 1 0 0 0 0 0 0 0 0 0 0 0 0 0 0 0 0 0 0 0 0 0]
[997509862604410834351294799094419878142399667221276054197749333111977914864865123491 0 0 0 0 0 0 1 0 0 0 0 0 0 0 0 0 0 0 0 0 0 0 0 0 0 0 0]
[415318121601685293107051679793592852617991857206414313693772734431179455384088860120 0 0 0 0 0 0 0 1 0 0 0 0 0 0 0 0 0 0 0 0 0 0 0 0 0 0 0]
[696125933775185013054792340029776538290156085227358373224661921541710676504909290299 0 0 0 0 0 0 0 0 1 0 0 0 0 0 0 0 0 0 0 0 0 0 0 0 0 0 0]
[536481695021400191597806162808764476220519702297282263504333156098332432952369316627 0 0 0 0 0 0 0 0 0 1 0 0 0 0 0 0 0 0 0 0 0 0 0 0 0 0 0]
[633162887770354935407676290049385810001823790621569414081881320731564032429099960917 0 0 0 0 0 0 0 0 0 0 1 0 0 0 0 0 0 0 0 0 0 0 0 0 0 0 0]
[1011440461535370074770963652508683876039406705379937332584165747324373025445497769302 0 0 0 0 0 0 0 0 0 0 0 1 0 0 0 0 0 0 0 0 0 0 0 0 0 0 0]
[279094927015969891238959620135136035199844642550022098253117805025014739157761141826 0 0 0 0 0 0 0 0 0 0 0 0 1 0 0 0 0 0 0 0 0 0 0 0 0 0 0]
[896253505748810505919131831185528790671535516137305965102432090073896485030442966596 0 0 0 0 0 0 0 0 0 0 0 0 0 1 0 0 0 0 0 0 0 0 0 0 0 0 0]
[37381605401914958587003757610087484721403965069305746895905222549352727397236318469 0 0 0 0 0 0 0 0 0 0 0 0 0 0 1 0 0 0 0 0 0 0 0 0 0 0 0]
[540881057179088364874745118276778993451625306782518846625840416824538388871953550581 0 0 0 0 0 0 0 0 0 0 0 0 0 0 0 1 0 0 0 0 0 0 0 0 0 0 0]
[444814910698908427180556462719592419183589295648365346658365673436809579967061387652 0 0 0 0 0 0 0 0 0 0 0 0 0 0 0 0 1 0 0 0 0 0 0 0 0 0 0]
[53142236507267069279773827263013490984289047029781321539303698305071590129838147921 0 0 0 0 0 0 0 0 0 0 0 0 0 0 0 0 0 1 0 0 0 0 0 0 0 0 0]
[911724386360430342049565126944491036896131409879688760677678649136497471852809068423 0 0 0 0 0 0 0 0 0 0 0 0 0 0 0 0 0 0 1 0 0 0 0 0 0 0 0]
[536795800887716444588260555390810104195822254258418325932701946730213592567962091615 0 0 0 0 0 0 0 0 0 0 0 0 0 0 0 0 0 0 0 1 0 0 0 0 0 0 0]
[498693502399889081891938357353372001394105642854173280406751079794208389099786912560 0 0 0 0 0 0 0 0 0 0 0 0 0 0 0 0 0 0 0 0 1 0 0 0 0 0 0]
[1012973670163643996517020261334164045856281774185752790466058240610660872183425341235 0 0 0 0 0 0 0 0 0 0 0 0 0 0 0 0 0 0 0 0 0 1 0 0 0 0 0]
[100404080686295377866343331711567125810782415853555675673502645029210393841825969132 0 0 0 0 0 0 0 0 0 0 0 0 0 0 0 0 0 0 0 0 0 0 1 0 0 0 0]
[372324710866879671825751117264219386685697153655387426628294139333327745795954102111 0 0 0 0 0 0 0 0 0 0 0 0 0 0 0 0 0 0 0 0 0 0 0 1 0 0 0]
[946843483916626515453516352697656657363421836129678752549852404835418963466567758221 0 0 0 0 0 0 0 0 0 0 0 0 0 0 0 0 0 0 0 0 0 0 0 0 1 0 0]
[715164581022816721850333185297297806132722820765223657342760468672602374862366417930 0 0 0 0 0 0 0 0 0 0 0 0 0 0 0 0 0 0 0 0 0 0 0 0 0 1 0]
[894990180616509187521711271323189654557461278296847981465540121678298783775195380759 0 0 0 0 0 0 0 0 0 0 0 0 0 0 0 0 0 0 0 0 0 0 0 0 0 0 1]
]
