[[1678663909462526486812476952767826510077184490354903572917935535874815912347045266211 0 0 0 0 0 0 0 0 0 0 0 0 0 0 0 0 0 0 0 0 0 0 0 0 0 0 0]
[206923765076619825983113010557224019455392644297757751305239831567844695127865414265 1 0 0 0 0 0 0 0 0 0 0 0 0 0 0 0 0 0 0 0 0 0 0 0 0 0 0]
[212128870534866091329824600680835548249457724936734358492775743409821947343531439908 0 1 0 0 0 0 0 0 0 0 0 0 0 0 0 0 0 0 0 0 0 0 0 0 0 0 0]
[116401272513576993392640460028956800009458072843839821833381765937015490244704870089 0 0 1 0 0 0 0 0 0 0 0 0 0 0 0 0 0 0 0 0 0 0 0 0 0 0 0]
[907364050458166817349674617100684660512561047554166321103774266767629054404632615289 0 0 0 1 0 0 0 0 0 0 0 0 0 0 0 0 0 0 0 0 0 0 0 0 0 0 0]
[1384890258632798009676617008110839292359397652104668909139645910189593310128239014778 0 0 0 0 1 0 0 0 0 0 0 0 0 0 0 0 0 0 0 0 0 0 0 0 0 0 0]
[1456479103825955341870168252122838595519892521972638891612805290582639960217381185175 0 0 0 0 0 1 0 0 0 0 0 0 0 0 0 0 0 0 0 0 0 0 0 0 0 0 0]
[465027464376443709538944599862120998025648361671799508647300861271583648159847718983 0 0 0 0 0 0 1 0 0 0 0 0 0 0 0 0 0 0 0 0 0 0 0 0 0 0 0]
[1444709667650284578122816803688997497841684370389639628868846818116017066995279965608 0 0 0 0 0 0 0 1 0 0 0 0 0 0 0 0 0 0 0 0 0 0 0 0 0 0 0]
[732746652245834767301244275971261810001937947195139740167660097250825586780414640194 0 0 0 0 0 0 0 0 1 0 0 0 0 0 0 0 0 0 0 0 0 0 0 0 0 0 0]
[399124523142210972275092303422182457344766580778273824261661522374449709708884188803 0 0 0 0 0 0 0 0 0 1 0 0 0 0 0 0 0 0 0 0 0 0 0 0 0 0 0]
[1187402620053481977522354447994304560225433119322847237536441032845947475051675479585 0 0 0 0 0 0 0 0 0 0 1 0 0 0 0 0 0 0 0 0 0 0 0 0 0 0 0]
[177454320639644407199953260701774644641039994398025719431035560089307084598547491642 0 0 0 0 0 0 0 0 0 0 0 1 0 0 0 0 0 0 0 0 0 0 0 0 0 0 0]
[1309662611692762896312606692974587438435761931401313618971234881965303628548859470399 0 0 0 0 0 0 0 0 0 0 0 0 1 0 0 0 0 0 0 0 0 0 0 0 0 0 0]
[794105376675021615099210504147123223935028057060188598135564216610612480317537046175 0 0 0 0 0 0 0 0 0 0 0 0 0 1 0 0 0 0 0 0 0 0 0 0 0 0 0]
[1353133234516286684246096393748527517499923402903407805208292060222533315481467786863 0 0 0 0 0 0 0 0 0 0 0 0 0 0 1 0 0 0 0 0 0 0 0 0 0 0 0]
[749242979124401485967151971449611350394228105360375965559548974174353134054564086384 0 0 0 0 0 0 0 0 0 0 0 0 0 0 0 1 0 0 0 0 0 0 0 0 0 0 0]
[1224003130942820650980718787192148340791318844033106794961506988215952358530125497592 0 0 0 0 0 0 0 0 0 0 0 0 0 0 0 0 1 0 0 0 0 0 0 0 0 0 0]
[136553566882633381574279415308757749744900881346850574256746632662303536426078664911 0 0 0 0 0 0 0 0 0 0 0 0 0 0 0 0 0 1 0 0 0 0 0 0 0 0 0]
[690868161697288151020293795912377010641865374976324637128368402166842359526391411482 0 0 0 0 0 0 0 0 0 0 0 0 0 0 0 0 0 0 1 0 0 0 0 0 0 0 0]
[26650602162863285125200776426325511217963447592571525284602181699252264808880825906 0 0 0 0 0 0 0 0 0 0 0 0 0 0 0 0 0 0 0 1 0 0 0 0 0 0 0]
[145932266435459240094434768923523950430890440089574953679645439454237654534709289210 0 0 0 0 0 0 0 0 0 0 0 0 0 0 0 0 0 0 0 0 1 0 0 0 0 0 0]
[627113143922424996147409528081104995978773220826959720845122828111346286752936962395 0 0 0 0 0 0 0 0 0 0 0 0 0 0 0 0 0 0 0 0 0 1 0 0 0 0 0]
[1205418278448779246545692883160071881778713086983346083706933532273437483595295775334 0 0 0 0 0 0 0 0 0 0 0 0 0 0 0 0 0 0 0 0 0 0 1 0 0 0 0]
[19834239367466386334693757235028211434088538299194370471369002720645990697224760317 0 0 0 0 0 0 0 0 0 0 0 0 0 0 0 0 0 0 0 0 0 0 0 1 0 0 0]
[1338591053297596991425135876826673660850402038018580318372911403619548867157720857107 0 0 0 0 0 0 0 0 0 0 0 0 0 0 0 0 0 0 0 0 0 0 0 0 1 0 0]
[193221068282083147580162772863406906627468623330099095199251832942617333810896330777 0 0 0 0 0 0 0 0 0 0 0 0 0 0 0 0 0 0 0 0 0 0 0 0 0 1 0]
[863910753168156487355346690507726671113786689704344782684364150697936376292663769238 0 0 0 0 0 0 0 0 0 0 0 0 0 0 0 0 0 0 0 0 0 0 0 0 0 0 1]
]
