[[1463862242647682622824578982549169071883550438738111175054637605472712530669255587623 0 0 0 0 0 0 0 0 0 0 0 0 0 0 0 0 0 0 0 0 0 0 0 0 0 0 0]
[1290615048159530182014242549848769985187781137947868854885009969756556603471404939641 1 0 0 0 0 0 0 0 0 0 0 0 0 0 0 0 0 0 0 0 0 0 0 0 0 0 0]
[174613377962107803315901918102181295708645534351980478975143237262576906335640852275 0 1 0 0 0 0 0 0 0 0 0 0 0 0 0 0 0 0 0 0 0 0 0 0 0 0 0]
[1338339603122725262177146192552557053434168271426106235754087227578335941616407122263 0 0 1 0 0 0 0 0 0 0 0 0 0 0 0 0 0 0 0 0 0 0 0 0 0 0 0]
[991870663797333289633306273808510703744398566101720415318414642605434003835063433637 0 0 0 1 0 0 0 0 0 0 0 0 0 0 0 0 0 0 0 0 0 0 0 0 0 0 0]
[509472695447801980496898083411892991405487350682632730341804613459354953723602924948 0 0 0 0 1 0 0 0 0 0 0 0 0 0 0 0 0 0 0 0 0 0 0 0 0 0 0]
[261167290077267194559735085260617555298697525206030826197409645009129829500857685991 0 0 0 0 0 1 0 0 0 0 0 0 0 0 0 0 0 0 0 0 0 0 0 0 0 0 0]
[1365451994995275889740516295268732493208276436453141706866791729626881526645467793150 0 0 0 0 0 0 1 0 0 0 0 0 0 0 0 0 0 0 0 0 0 0 0 0 0 0 0]
[596797686247334046464820199812416914516100117480161578147955239772485078288555216590 0 0 0 0 0 0 0 1 0 0 0 0 0 0 0 0 0 0 0 0 0 0 0 0 0 0 0]
[279217994473658941770784098645641733205073717797141384400066383687904416169869823410 0 0 0 0 0 0 0 0 1 0 0 0 0 0 0 0 0 0 0 0 0 0 0 0 0 0 0]
[1401376292245910207541623560385323669681827446128580947334222487782520392275707113206 0 0 0 0 0 0 0 0 0 1 0 0 0 0 0 0 0 0 0 0 0 0 0 0 0 0 0]
[324193234354932227388386610525583721444658848804392394065520655463097042017417135406 0 0 0 0 0 0 0 0 0 0 1 0 0 0 0 0 0 0 0 0 0 0 0 0 0 0 0]
[1085366133868500359767963215881549110695099408506076682625156264737867538291034604998 0 0 0 0 0 0 0 0 0 0 0 1 0 0 0 0 0 0 0 0 0 0 0 0 0 0 0]
[315711381820796790965723191510377024455453336320113554025893187648569478052910439640 0 0 0 0 0 0 0 0 0 0 0 0 1 0 0 0 0 0 0 0 0 0 0 0 0 0 0]
[425889529845166156684591644607787638260724771760236098627569237275495354227505575403 0 0 0 0 0 0 0 0 0 0 0 0 0 1 0 0 0 0 0 0 0 0 0 0 0 0 0]
[643230928958601275802977196390398690347390701893047459890013296298559035771020148685 0 0 0 0 0 0 0 0 0 0 0 0 0 0 1 0 0 0 0 0 0 0 0 0 0 0 0]
[1442313745530955375948280207802923012910474568050940312520259122424275172584850159217 0 0 0 0 0 0 0 0 0 0 0 0 0 0 0 1 0 0 0 0 0 0 0 0 0 0 0]
[513943249219541836897404793349397841887503782421859970545276043822149711212142227650 0 0 0 0 0 0 0 0 0 0 0 0 0 0 0 0 1 0 0 0 0 0 0 0 0 0 0]
[1095275939410163511391317510708331584005280324830220998154102385737288062418567219201 0 0 0 0 0 0 0 0 0 0 0 0 0 0 0 0 0 1 0 0 0 0 0 0 0 0 0]
[375706729511168470890972169514528685473967064770500837729046925891150744113225260643 0 0 0 0 0 0 0 0 0 0 0 0 0 0 0 0 0 0 1 0 0 0 0 0 0 0 0]
[1387321747554696265823538391789196837519251179347384401565006122626902243429337883279 0 0 0 0 0 0 0 0 0 0 0 0 0 0 0 0 0 0 0 1 0 0 0 0 0 0 0]
[547372871619545757306004974947461339260962853100481612753170729896829418088956089717 0 0 0 0 0 0 0 0 0 0 0 0 0 0 0 0 0 0 0 0 1 0 0 0 0 0 0]
[725729228847272171172788768124506414009060848548587224905707957172553157164063696492 0 0 0 0 0 0 0 0 0 0 0 0 0 0 0 0 0 0 0 0 0 1 0 0 0 0 0]
[600310898440073019309634840287737535506661195132697578983053329848689511874191508881 0 0 0 0 0 0 0 0 0 0 0 0 0 0 0 0 0 0 0 0 0 0 1 0 0 0 0]
[1245780938975799157844215448558586331744482311632798620555793389563757981706190032157 0 0 0 0 0 0 0 0 0 0 0 0 0 0 0 0 0 0 0 0 0 0 0 1 0 0 0]
[937793066177877010963544341635541854001624070933687763938509468496012064072993119658 0 0 0 0 0 0 0 0 0 0 0 0 0 0 0 0 0 0 0 0 0 0 0 0 1 0 0]
[1410502763501814442868282853363957424001796030410348611605937840382797968435413712296 0 0 0 0 0 0 0 0 0 0 0 0 0 0 0 0 0 0 0 0 0 0 0 0 0 1 0]
[394991021201422693693266979633414938348177788350457520370878926463994652733913865659 0 0 0 0 0 0 0 0 0 0 0 0 0 0 0 0 0 0 0 0 0 0 0 0 0 0 1]
]
