[[1774077043338996398500934934619442871536292763033136325084559916736199298555898772219 0 0 0 0 0 0 0 0 0 0 0 0 0 0 0 0 0 0 0 0 0 0 0 0 0 0 0]
[1689796996810405062633590608857597760585542288873233154408360294538261486371850056932 1 0 0 0 0 0 0 0 0 0 0 0 0 0 0 0 0 0 0 0 0 0 0 0 0 0 0]
[316604280675287442595190426026259867342661434026536237115166064473962303243654677982 0 1 0 0 0 0 0 0 0 0 0 0 0 0 0 0 0 0 0 0 0 0 0 0 0 0 0]
[1738780740102729013843678071924608150130868959628349253847401079128565578940257242925 0 0 1 0 0 0 0 0 0 0 0 0 0 0 0 0 0 0 0 0 0 0 0 0 0 0 0]
[99264284148863204992328376500579488276818101012045368514712205532495277913920205460 0 0 0 1 0 0 0 0 0 0 0 0 0 0 0 0 0 0 0 0 0 0 0 0 0 0 0]
[1414170469446051017522568444482457435621701317486435437205853592255193021484870780368 0 0 0 0 1 0 0 0 0 0 0 0 0 0 0 0 0 0 0 0 0 0 0 0 0 0 0]
[588654517455432192099915482712987653124864623093909512355254541772126876194036825217 0 0 0 0 0 1 0 0 0 0 0 0 0 0 0 0 0 0 0 0 0 0 0 0 0 0 0]
[1130340850412542996075568070041561384876334951433040099545494389200623520608629536790 0 0 0 0 0 0 1 0 0 0 0 0 0 0 0 0 0 0 0 0 0 0 0 0 0 0 0]
[980191052104910839126043347112075745778880138156251123096418408538085843473426314988 0 0 0 0 0 0 0 1 0 0 0 0 0 0 0 0 0 0 0 0 0 0 0 0 0 0 0]
[427886696769964510967384087788408834606653744272485225131503842970724106591558404324 0 0 0 0 0 0 0 0 1 0 0 0 0 0 0 0 0 0 0 0 0 0 0 0 0 0 0]
[1271794019213690433554396770110734963932371707051704439805888511435539560667862289752 0 0 0 0 0 0 0 0 0 1 0 0 0 0 0 0 0 0 0 0 0 0 0 0 0 0 0]
[1217238333522543120745071750735538369424214302980981240058734037804712628127962754251 0 0 0 0 0 0 0 0 0 0 1 0 0 0 0 0 0 0 0 0 0 0 0 0 0 0 0]
[641646891030858936474210713805706994557736906131313899799606192129157676864230477406 0 0 0 0 0 0 0 0 0 0 0 1 0 0 0 0 0 0 0 0 0 0 0 0 0 0 0]
[573570028037694348626555320017564785910485778318696719586743991737973019224854511321 0 0 0 0 0 0 0 0 0 0 0 0 1 0 0 0 0 0 0 0 0 0 0 0 0 0 0]
[253789062781227971705435818178113470272436517706164449284573867303351525665487069146 0 0 0 0 0 0 0 0 0 0 0 0 0 1 0 0 0 0 0 0 0 0 0 0 0 0 0]
[1051813975679337496546174461760033458693153662711407196656437367640771759382211804769 0 0 0 0 0 0 0 0 0 0 0 0 0 0 1 0 0 0 0 0 0 0 0 0 0 0 0]
[1633128420796325165448527757091893643712815496622892593869033223201631908966492726883 0 0 0 0 0 0 0 0 0 0 0 0 0 0 0 1 0 0 0 0 0 0 0 0 0 0 0]
[1455364821308376723658304449333171875759041734608792958638213505704816991319294298908 0 0 0 0 0 0 0 0 0 0 0 0 0 0 0 0 1 0 0 0 0 0 0 0 0 0 0]
[619199997015385423858879190572986818149480261217782511646118956752534580967296093943 0 0 0 0 0 0 0 0 0 0 0 0 0 0 0 0 0 1 0 0 0 0 0 0 0 0 0]
[1340606625939331202758614853837127344272575418450686909352395340079146174970186412758 0 0 0 0 0 0 0 0 0 0 0 0 0 0 0 0 0 0 1 0 0 0 0 0 0 0 0]
[1040675953247914531847634799875922670621761786974346891378176555107921452516885763700 0 0 0 0 0 0 0 0 0 0 0 0 0 0 0 0 0 0 0 1 0 0 0 0 0 0 0]
[701515849521911992007544647020007989799155476687306838378519807207637107573369290049 0 0 0 0 0 0 0 0 0 0 0 0 0 0 0 0 0 0 0 0 1 0 0 0 0 0 0]
[366200342252830362361146602202392794812170550017176392615476785021074866630089396266 0 0 0 0 0 0 0 0 0 0 0 0 0 0 0 0 0 0 0 0 0 1 0 0 0 0 0]
[1669405115516824908425220303054301655179659539889941722476801414603077677827610318301 0 0 0 0 0 0 0 0 0 0 0 0 0 0 0 0 0 0 0 0 0 0 1 0 0 0 0]
[1216023539208245801122882909209318073000583495153863812902303910996841445911064609325 0 0 0 0 0 0 0 0 0 0 0 0 0 0 0 0 0 0 0 0 0 0 0 1 0 0 0]
[1374226388367280888899116749360744206044863505320443801808661162725115336947796630959 0 0 0 0 0 0 0 0 0 0 0 0 0 0 0 0 0 0 0 0 0 0 0 0 1 0 0]
[831357068322503798446340254154078340919941485287174675758345184999308603776837269098 0 0 0 0 0 0 0 0 0 0 0 0 0 0 0 0 0 0 0 0 0 0 0 0 0 1 0]
[328561101642245957311666739907014217927329348847848420708592418593040228924308974463 0 0 0 0 0 0 0 0 0 0 0 0 0 0 0 0 0 0 0 0 0 0 0 0 0 0 1]
]
