[[1004057368229897390248330170300846542656504947571621734339307708595059819807693340527 0 0 0 0 0 0 0 0 0 0 0 0 0 0 0 0 0 0 0 0 0 0 0 0 0 0 0]
[468434815752538661950778620370842802420191539406980445260181617836529424029962265711 1 0 0 0 0 0 0 0 0 0 0 0 0 0 0 0 0 0 0 0 0 0 0 0 0 0 0]
[351065569883357884817612611540265807444768422701547269246299497203805110839904838788 0 1 0 0 0 0 0 0 0 0 0 0 0 0 0 0 0 0 0 0 0 0 0 0 0 0 0]
[56717576441429324768058313153525761510498970121955570073594181671971000515544320198 0 0 1 0 0 0 0 0 0 0 0 0 0 0 0 0 0 0 0 0 0 0 0 0 0 0 0]
[888060041423530458085262046736128986612202023202158462951523568348227225112875106033 0 0 0 1 0 0 0 0 0 0 0 0 0 0 0 0 0 0 0 0 0 0 0 0 0 0 0]
[88420647530441601619089285037052075808348984883654975772123532782838900350526350511 0 0 0 0 1 0 0 0 0 0 0 0 0 0 0 0 0 0 0 0 0 0 0 0 0 0 0]
[767458901745008591319615588031904824471140069016378767758007927325182019760005642678 0 0 0 0 0 1 0 0 0 0 0 0 0 0 0 0 0 0 0 0 0 0 0 0 0 0 0]
[113591147327245211974382251844817114803375206116150214809573939699399545783249280699 0 0 0 0 0 0 1 0 0 0 0 0 0 0 0 0 0 0 0 0 0 0 0 0 0 0 0]
[878323740957989068554339393729326875779288685191367258258142612233069739516273469833 0 0 0 0 0 0 0 1 0 0 0 0 0 0 0 0 0 0 0 0 0 0 0 0 0 0 0]
[488499468845716188412929470504955127078153914980170956976123547828874244274065647685 0 0 0 0 0 0 0 0 1 0 0 0 0 0 0 0 0 0 0 0 0 0 0 0 0 0 0]
[410306939819153123292249133175178795876760117570993359657056151696453676471838817542 0 0 0 0 0 0 0 0 0 1 0 0 0 0 0 0 0 0 0 0 0 0 0 0 0 0 0]
[136120285405497849428717596268652001818841796473271928481016579884127561444396782484 0 0 0 0 0 0 0 0 0 0 1 0 0 0 0 0 0 0 0 0 0 0 0 0 0 0 0]
[445777611252753458465801320551944819712594972819535530821264808432874180031515817843 0 0 0 0 0 0 0 0 0 0 0 1 0 0 0 0 0 0 0 0 0 0 0 0 0 0 0]
[81313013913595513160700434780639225404897202765024049779598274041337585863199941 0 0 0 0 0 0 0 0 0 0 0 0 1 0 0 0 0 0 0 0 0 0 0 0 0 0 0]
[137556458868055119166812033202714751590529440556151094276518737845411867339975180089 0 0 0 0 0 0 0 0 0 0 0 0 0 1 0 0 0 0 0 0 0 0 0 0 0 0 0]
[454254796960021694265760535607676271609071742855949309033024010943820085265087162532 0 0 0 0 0 0 0 0 0 0 0 0 0 0 1 0 0 0 0 0 0 0 0 0 0 0 0]
[133663620745672633100135475772538462048555091123059753618523165053508109493972366126 0 0 0 0 0 0 0 0 0 0 0 0 0 0 0 1 0 0 0 0 0 0 0 0 0 0 0]
[754309868835653788347844801558708294839046134501134862968173505709478934982394664497 0 0 0 0 0 0 0 0 0 0 0 0 0 0 0 0 1 0 0 0 0 0 0 0 0 0 0]
[844148981724147506397801345581885008332222062728197653786291267352944000791289982330 0 0 0 0 0 0 0 0 0 0 0 0 0 0 0 0 0 1 0 0 0 0 0 0 0 0 0]
[210810236114978650994843188068517605846383475698401266023993964259910672485986637233 0 0 0 0 0 0 0 0 0 0 0 0 0 0 0 0 0 0 1 0 0 0 0 0 0 0 0]
[755892511390996165799227259798999162151744392565144477059409320911785719364025791000 0 0 0 0 0 0 0 0 0 0 0 0 0 0 0 0 0 0 0 1 0 0 0 0 0 0 0]
[108812793287080822665060689552961810523700673399142677575518551911729428888382971867 0 0 0 0 0 0 0 0 0 0 0 0 0 0 0 0 0 0 0 0 1 0 0 0 0 0 0]
[965110021335732748872121996946669525317246087058609531600251961608179126829297783715 0 0 0 0 0 0 0 0 0 0 0 0 0 0 0 0 0 0 0 0 0 1 0 0 0 0 0]
[893957857397237672545923405728967082818121943455371051582128277321705021983903984354 0 0 0 0 0 0 0 0 0 0 0 0 0 0 0 0 0 0 0 0 0 0 1 0 0 0 0]
[768734587444639163153487213937172095823808080890515092704666461641097253009941425298 0 0 0 0 0 0 0 0 0 0 0 0 0 0 0 0 0 0 0 0 0 0 0 1 0 0 0]
[745652274862550482192986540199723686931798860025761454459750413078848876695267948698 0 0 0 0 0 0 0 0 0 0 0 0 0 0 0 0 0 0 0 0 0 0 0 0 1 0 0]
[493663447244934488464855565629224523459085130847490166197162065759943473328892752771 0 0 0 0 0 0 0 0 0 0 0 0 0 0 0 0 0 0 0 0 0 0 0 0 0 1 0]
[910230390636145453701816217593786084712313451447515193820957595643153208834570371068 0 0 0 0 0 0 0 0 0 0 0 0 0 0 0 0 0 0 0 0 0 0 0 0 0 0 1]
]
