[[1719619097906946928965764187395397532668932705593663158749825323463756163282267732371 0 0 0 0 0 0 0 0 0 0 0 0 0 0 0 0 0 0 0 0 0 0 0 0 0 0 0]
[1623990092445088635590924810746700222642790240740108031396084831836679218089648607755 1 0 0 0 0 0 0 0 0 0 0 0 0 0 0 0 0 0 0 0 0 0 0 0 0 0 0]
[317088509238459974589720393435418243627962986429408421775096554290262072745249510171 0 1 0 0 0 0 0 0 0 0 0 0 0 0 0 0 0 0 0 0 0 0 0 0 0 0 0]
[663141508431532318440770355853714844465942401379474613262333876395130518427881099695 0 0 1 0 0 0 0 0 0 0 0 0 0 0 0 0 0 0 0 0 0 0 0 0 0 0 0]
[1173050425001324592884923335675492967661754040431714052118340997124278230072205037573 0 0 0 1 0 0 0 0 0 0 0 0 0 0 0 0 0 0 0 0 0 0 0 0 0 0 0]
[823110673637801596285286732026334267534533385466974891187990154711037206118234693703 0 0 0 0 1 0 0 0 0 0 0 0 0 0 0 0 0 0 0 0 0 0 0 0 0 0 0]
[265863869592375477553251750573217858539154165491273045327026093587567576131205144640 0 0 0 0 0 1 0 0 0 0 0 0 0 0 0 0 0 0 0 0 0 0 0 0 0 0 0]
[824534850926491769023057528421632199678264096595086296324580582942214006786330340599 0 0 0 0 0 0 1 0 0 0 0 0 0 0 0 0 0 0 0 0 0 0 0 0 0 0 0]
[485417259386028420554295531981743827333079374534334920500772634161149809456983287718 0 0 0 0 0 0 0 1 0 0 0 0 0 0 0 0 0 0 0 0 0 0 0 0 0 0 0]
[1252680323082121775305941763945575212413128499176099759814368940251161533741880858145 0 0 0 0 0 0 0 0 1 0 0 0 0 0 0 0 0 0 0 0 0 0 0 0 0 0 0]
[1330344558675876128083640550431532334255363472956202040784680955137815446287688857908 0 0 0 0 0 0 0 0 0 1 0 0 0 0 0 0 0 0 0 0 0 0 0 0 0 0 0]
[535733693756915803676924401622754144032392270617550042602528717403271958222359817126 0 0 0 0 0 0 0 0 0 0 1 0 0 0 0 0 0 0 0 0 0 0 0 0 0 0 0]
[203864811266973567633486172407704382174550872867674454519571405576556428669852212058 0 0 0 0 0 0 0 0 0 0 0 1 0 0 0 0 0 0 0 0 0 0 0 0 0 0 0]
[719549401846161714112956291497294087100689196184135651579737720801132820551995680285 0 0 0 0 0 0 0 0 0 0 0 0 1 0 0 0 0 0 0 0 0 0 0 0 0 0 0]
[589951307704185610002957747070855406452276802141394284259003282604304204007389787487 0 0 0 0 0 0 0 0 0 0 0 0 0 1 0 0 0 0 0 0 0 0 0 0 0 0 0]
[1300649439663305367216749609310189564013604653085464373912400762111965033147580205753 0 0 0 0 0 0 0 0 0 0 0 0 0 0 1 0 0 0 0 0 0 0 0 0 0 0 0]
[206289230839373293264765660585833477704901878182551262564583007213324337428440333142 0 0 0 0 0 0 0 0 0 0 0 0 0 0 0 1 0 0 0 0 0 0 0 0 0 0 0]
[1290973204763877115621703163039226320084364120588864973523561999172709251158302526159 0 0 0 0 0 0 0 0 0 0 0 0 0 0 0 0 1 0 0 0 0 0 0 0 0 0 0]
[814420758682588481116351232360600727274397918942752009822833041922823750003665452209 0 0 0 0 0 0 0 0 0 0 0 0 0 0 0 0 0 1 0 0 0 0 0 0 0 0 0]
[1460628143832736044309448390117433251938253190850641390423580369642856031613242080908 0 0 0 0 0 0 0 0 0 0 0 0 0 0 0 0 0 0 1 0 0 0 0 0 0 0 0]
[900935697941015301088397707228764493784334687357907482042113750893451818853983956929 0 0 0 0 0 0 0 0 0 0 0 0 0 0 0 0 0 0 0 1 0 0 0 0 0 0 0]
[987345088231116569694545847745065551951383833158080488263758081254013211230125385668 0 0 0 0 0 0 0 0 0 0 0 0 0 0 0 0 0 0 0 0 1 0 0 0 0 0 0]
[719339916643580715560932073703756118693896429583846378532886894390577018036783099491 0 0 0 0 0 0 0 0 0 0 0 0 0 0 0 0 0 0 0 0 0 1 0 0 0 0 0]
[983957160592798292584987731457000413049660211217429736279154376805606804784020591665 0 0 0 0 0 0 0 0 0 0 0 0 0 0 0 0 0 0 0 0 0 0 1 0 0 0 0]
[791845596888180146256541513947833390423911548881962196169691305120579150600975031977 0 0 0 0 0 0 0 0 0 0 0 0 0 0 0 0 0 0 0 0 0 0 0 1 0 0 0]
[108770295454403656573393362181249409604094463572490930345262005597304321395105538680 0 0 0 0 0 0 0 0 0 0 0 0 0 0 0 0 0 0 0 0 0 0 0 0 1 0 0]
[294773180870538849881808628658827887350430410396601104405761572701379391080681637185 0 0 0 0 0 0 0 0 0 0 0 0 0 0 0 0 0 0 0 0 0 0 0 0 0 1 0]
[507081956459262417980589071741976886822383409271800987944784400579267440263122436061 0 0 0 0 0 0 0 0 0 0 0 0 0 0 0 0 0 0 0 0 0 0 0 0 0 0 1]
]
