[[1073727045196151387981924525676472847914499160090684226751202909691625755142145047749 0 0 0 0 0 0 0 0 0 0 0 0 0 0 0 0 0 0 0 0 0 0 0 0 0 0 0]
[51412503452287068792971066530732905946570851088640328397206903053008752818534039888 1 0 0 0 0 0 0 0 0 0 0 0 0 0 0 0 0 0 0 0 0 0 0 0 0 0 0]
[914409027136397988741335476765252375039318150158736062472071955463951005945171936166 0 1 0 0 0 0 0 0 0 0 0 0 0 0 0 0 0 0 0 0 0 0 0 0 0 0 0]
[824966850949874743340571494749070306364317317804443503838266178596561867992164444647 0 0 1 0 0 0 0 0 0 0 0 0 0 0 0 0 0 0 0 0 0 0 0 0 0 0 0]
[749374505589856951999019964129323225341059595998585513804967924557182766940340450357 0 0 0 1 0 0 0 0 0 0 0 0 0 0 0 0 0 0 0 0 0 0 0 0 0 0 0]
[974303604510616865818318112450132383231460438554538451450534981978557980996786122512 0 0 0 0 1 0 0 0 0 0 0 0 0 0 0 0 0 0 0 0 0 0 0 0 0 0 0]
[331299480282882339747179503220922171150466276041351099195678142429043595029029065254 0 0 0 0 0 1 0 0 0 0 0 0 0 0 0 0 0 0 0 0 0 0 0 0 0 0 0]
[294984341463351764565636543113263324415594654937106524594060036051962743346508047266 0 0 0 0 0 0 1 0 0 0 0 0 0 0 0 0 0 0 0 0 0 0 0 0 0 0 0]
[225992553828138468864594198442693652702881488039086559091491062448335839149915435378 0 0 0 0 0 0 0 1 0 0 0 0 0 0 0 0 0 0 0 0 0 0 0 0 0 0 0]
[869494235135358350687727240227350051428633771660609321918951205383376221891957115925 0 0 0 0 0 0 0 0 1 0 0 0 0 0 0 0 0 0 0 0 0 0 0 0 0 0 0]
[271925643261733539959273719308613795489560989983177244694816781079483985972769520487 0 0 0 0 0 0 0 0 0 1 0 0 0 0 0 0 0 0 0 0 0 0 0 0 0 0 0]
[518211069148663198851489434250168470500880314359681840737815850523877623252928385449 0 0 0 0 0 0 0 0 0 0 1 0 0 0 0 0 0 0 0 0 0 0 0 0 0 0 0]
[620353286316531178328753387570032534769829153298914726194800256708195570254181522050 0 0 0 0 0 0 0 0 0 0 0 1 0 0 0 0 0 0 0 0 0 0 0 0 0 0 0]
[95913435543770932237511977432620608705069689186079929033516122133328787967343988870 0 0 0 0 0 0 0 0 0 0 0 0 1 0 0 0 0 0 0 0 0 0 0 0 0 0 0]
[792738190874987838132831644807185608545978191426113901199649091765195518128463757760 0 0 0 0 0 0 0 0 0 0 0 0 0 1 0 0 0 0 0 0 0 0 0 0 0 0 0]
[566637551879475528418747631055416963470575465159083984063340187552946798352761417715 0 0 0 0 0 0 0 0 0 0 0 0 0 0 1 0 0 0 0 0 0 0 0 0 0 0 0]
[101355398440270200037584440637314345850593142465097297719555393205984099896792821293 0 0 0 0 0 0 0 0 0 0 0 0 0 0 0 1 0 0 0 0 0 0 0 0 0 0 0]
[641421875213805579193729922891568005915370160597360568683772037767456724050323472442 0 0 0 0 0 0 0 0 0 0 0 0 0 0 0 0 1 0 0 0 0 0 0 0 0 0 0]
[544827869346202910645204533912023300649522252959191632841105882960401195830582662124 0 0 0 0 0 0 0 0 0 0 0 0 0 0 0 0 0 1 0 0 0 0 0 0 0 0 0]
[182073679244100862623773563221103602922109108702870607417433215381418868862235120057 0 0 0 0 0 0 0 0 0 0 0 0 0 0 0 0 0 0 1 0 0 0 0 0 0 0 0]
[103887658451711544569680149741351453518722782649912157675448465672159615153459974088 0 0 0 0 0 0 0 0 0 0 0 0 0 0 0 0 0 0 0 1 0 0 0 0 0 0 0]
[262598067713158873614422334830618358160907789855207735764671053587456500703844190080 0 0 0 0 0 0 0 0 0 0 0 0 0 0 0 0 0 0 0 0 1 0 0 0 0 0 0]
[1030970877458108051926729229004626813575432681980312281919518130859222195936714250321 0 0 0 0 0 0 0 0 0 0 0 0 0 0 0 0 0 0 0 0 0 1 0 0 0 0 0]
[1068937980604901987105208807996338859683774284332414637066141821471023289995455250668 0 0 0 0 0 0 0 0 0 0 0 0 0 0 0 0 0 0 0 0 0 0 1 0 0 0 0]
[177037940040366736518469116025420474923927736162295884309620088934987359602375662429 0 0 0 0 0 0 0 0 0 0 0 0 0 0 0 0 0 0 0 0 0 0 0 1 0 0 0]
[205967172920532251997326890969795646605774746723194637869857423143171570565245862482 0 0 0 0 0 0 0 0 0 0 0 0 0 0 0 0 0 0 0 0 0 0 0 0 1 0 0]
[1055965597305447795576568477419540672698944788400718277463595022463518002590227198911 0 0 0 0 0 0 0 0 0 0 0 0 0 0 0 0 0 0 0 0 0 0 0 0 0 1 0]
[622247129495516125056110464401461717025922600406951287239985793362287334734664295235 0 0 0 0 0 0 0 0 0 0 0 0 0 0 0 0 0 0 0 0 0 0 0 0 0 0 1]
]
