[[1621897575422439688813201338105131249613582438196114600216043555125319561617663724077 0 0 0 0 0 0 0 0 0 0 0 0 0 0 0 0 0 0 0 0 0 0 0 0 0 0 0]
[1596177949733448662057504572525473075441261750565521656259931847430525454918983293854 1 0 0 0 0 0 0 0 0 0 0 0 0 0 0 0 0 0 0 0 0 0 0 0 0 0 0]
[1545116798348351882852969167891581122668511197224558361263339778365780883024393422631 0 1 0 0 0 0 0 0 0 0 0 0 0 0 0 0 0 0 0 0 0 0 0 0 0 0 0]
[306814632443963629502753419700789323525907487246550812627538327422275834681705379400 0 0 1 0 0 0 0 0 0 0 0 0 0 0 0 0 0 0 0 0 0 0 0 0 0 0 0]
[679031371251367874022722856827616200220416372949827867527269069364131156524435998819 0 0 0 1 0 0 0 0 0 0 0 0 0 0 0 0 0 0 0 0 0 0 0 0 0 0 0]
[681773702319335668801712852023321408622420591318417488915992640841986883576433550762 0 0 0 0 1 0 0 0 0 0 0 0 0 0 0 0 0 0 0 0 0 0 0 0 0 0 0]
[1145969557075862640150417860565231172046864126885497176799114701165257710991435584701 0 0 0 0 0 1 0 0 0 0 0 0 0 0 0 0 0 0 0 0 0 0 0 0 0 0 0]
[1136203571056842577261919565937055197120730114686544134486164269626009837578679054572 0 0 0 0 0 0 1 0 0 0 0 0 0 0 0 0 0 0 0 0 0 0 0 0 0 0 0]
[200531271119508040695668076844898982313331725310508739603040905274226850416909549787 0 0 0 0 0 0 0 1 0 0 0 0 0 0 0 0 0 0 0 0 0 0 0 0 0 0 0]
[1615190956812432051888771388780978378279307173525677940643146315340990829283549739320 0 0 0 0 0 0 0 0 1 0 0 0 0 0 0 0 0 0 0 0 0 0 0 0 0 0 0]
[15880877359715953883197636077777249277597919038311354476935223507812464223537780119 0 0 0 0 0 0 0 0 0 1 0 0 0 0 0 0 0 0 0 0 0 0 0 0 0 0 0]
[307696493705152039867188772156952437646911206147146903973688873385484078654138469684 0 0 0 0 0 0 0 0 0 0 1 0 0 0 0 0 0 0 0 0 0 0 0 0 0 0 0]
[743652631638815297488255830484117672676538700199581216948221037038840836195120844955 0 0 0 0 0 0 0 0 0 0 0 1 0 0 0 0 0 0 0 0 0 0 0 0 0 0 0]
[375171498601674356496028102071861614317076118476435628223970393152897678086685192006 0 0 0 0 0 0 0 0 0 0 0 0 1 0 0 0 0 0 0 0 0 0 0 0 0 0 0]
[576785856824215005571310845846584563174662865590278045162442312896254282465180658543 0 0 0 0 0 0 0 0 0 0 0 0 0 1 0 0 0 0 0 0 0 0 0 0 0 0 0]
[1267990999924778092999342715941458679631117437154846830463965224883905184562937400394 0 0 0 0 0 0 0 0 0 0 0 0 0 0 1 0 0 0 0 0 0 0 0 0 0 0 0]
[1104681866086389826132713128180931704629127629109335817229885368462674659634605122821 0 0 0 0 0 0 0 0 0 0 0 0 0 0 0 1 0 0 0 0 0 0 0 0 0 0 0]
[1502828384909301373411158259641051319049722222157112157437908879361613610828416948298 0 0 0 0 0 0 0 0 0 0 0 0 0 0 0 0 1 0 0 0 0 0 0 0 0 0 0]
[341701465881650386712318568368372003874726306311795812285843698150804049738789199999 0 0 0 0 0 0 0 0 0 0 0 0 0 0 0 0 0 1 0 0 0 0 0 0 0 0 0]
[1254101036584723621233304972538717015931625818933389659652599651053608268542040289813 0 0 0 0 0 0 0 0 0 0 0 0 0 0 0 0 0 0 1 0 0 0 0 0 0 0 0]
[849382387326168158426796120966474788347346939534519876124243944279180877935050445981 0 0 0 0 0 0 0 0 0 0 0 0 0 0 0 0 0 0 0 1 0 0 0 0 0 0 0]
[1175288300840569321819294314532287624884700771879292198179672780447380509484201526273 0 0 0 0 0 0 0 0 0 0 0 0 0 0 0 0 0 0 0 0 1 0 0 0 0 0 0]
[702601930016297403589056806331117551223997814479424477592117460281986203347346865099 0 0 0 0 0 0 0 0 0 0 0 0 0 0 0 0 0 0 0 0 0 1 0 0 0 0 0]
[470200326015755997849626367569313747248040691201485028570688070410240129313215877686 0 0 0 0 0 0 0 0 0 0 0 0 0 0 0 0 0 0 0 0 0 0 1 0 0 0 0]
[869302057097130107651674434407294141431504362371997316824060616912086443952226971014 0 0 0 0 0 0 0 0 0 0 0 0 0 0 0 0 0 0 0 0 0 0 0 1 0 0 0]
[1068957233853938091791282603987748064361874834988183068561542560898388980763974645358 0 0 0 0 0 0 0 0 0 0 0 0 0 0 0 0 0 0 0 0 0 0 0 0 1 0 0]
[1199247797866316813509891615156931896277178479176819702732581595200426933888738924782 0 0 0 0 0 0 0 0 0 0 0 0 0 0 0 0 0 0 0 0 0 0 0 0 0 1 0]
[1476686535426149074808224172305487424947831771723704293145187967115009726122785842338 0 0 0 0 0 0 0 0 0 0 0 0 0 0 0 0 0 0 0 0 0 0 0 0 0 0 1]
]
