[[1659777454389220150113994396578114448307163757756954475616738630541210327017755516291 0 0 0 0 0 0 0 0 0 0 0 0 0 0 0 0 0 0 0 0 0 0 0 0 0 0 0]
[364003266825508492030570946606882795985415628817537398820451646951655757839267718782 1 0 0 0 0 0 0 0 0 0 0 0 0 0 0 0 0 0 0 0 0 0 0 0 0 0 0]
[1389498858638908305061002340089179301302210187595780091947671537214246275725489143062 0 1 0 0 0 0 0 0 0 0 0 0 0 0 0 0 0 0 0 0 0 0 0 0 0 0 0]
[557564696941020069622021021431600559849686194290265231687667933286782659629559011285 0 0 1 0 0 0 0 0 0 0 0 0 0 0 0 0 0 0 0 0 0 0 0 0 0 0 0]
[885655471921889913142495789145925347427574861248057460908766892882728992025343708691 0 0 0 1 0 0 0 0 0 0 0 0 0 0 0 0 0 0 0 0 0 0 0 0 0 0 0]
[951027140344379912580495283815668501721767888377371862538283082455708528182292479463 0 0 0 0 1 0 0 0 0 0 0 0 0 0 0 0 0 0 0 0 0 0 0 0 0 0 0]
[1131412284914501402006182861592415553195655740677022594691539223803189801509867910340 0 0 0 0 0 1 0 0 0 0 0 0 0 0 0 0 0 0 0 0 0 0 0 0 0 0 0]
[624869736783796113425507012219861594347230231275909403336046566628301727743821984418 0 0 0 0 0 0 1 0 0 0 0 0 0 0 0 0 0 0 0 0 0 0 0 0 0 0 0]
[1134347638478796619121101384958350935085972047202144443116357543600693843083372550423 0 0 0 0 0 0 0 1 0 0 0 0 0 0 0 0 0 0 0 0 0 0 0 0 0 0 0]
[609335857703316906336754269051044322448168362305123162579082849464638471937778118213 0 0 0 0 0 0 0 0 1 0 0 0 0 0 0 0 0 0 0 0 0 0 0 0 0 0 0]
[731036792670387146355538509989948792409966477105205885882316449058554314705984368590 0 0 0 0 0 0 0 0 0 1 0 0 0 0 0 0 0 0 0 0 0 0 0 0 0 0 0]
[1385667024560163429643486874448898807095153877911819050328769178874599361754772458332 0 0 0 0 0 0 0 0 0 0 1 0 0 0 0 0 0 0 0 0 0 0 0 0 0 0 0]
[1282912023362772419627319702046879347007058216220234662628390739536912289168128972128 0 0 0 0 0 0 0 0 0 0 0 1 0 0 0 0 0 0 0 0 0 0 0 0 0 0 0]
[955679356743322913424124991398809780867628744452856209913293381413352811742429193108 0 0 0 0 0 0 0 0 0 0 0 0 1 0 0 0 0 0 0 0 0 0 0 0 0 0 0]
[600386854671167625428856690810516662310311934252692525558550930349376583789038492849 0 0 0 0 0 0 0 0 0 0 0 0 0 1 0 0 0 0 0 0 0 0 0 0 0 0 0]
[388517997398309274939829280591006121032597276533093045009561178961492442089845997938 0 0 0 0 0 0 0 0 0 0 0 0 0 0 1 0 0 0 0 0 0 0 0 0 0 0 0]
[1426115898192998001655738134433236664532356952595901669128412954617337285851651278984 0 0 0 0 0 0 0 0 0 0 0 0 0 0 0 1 0 0 0 0 0 0 0 0 0 0 0]
[1630964361302914196512292090004504364459001795748107594290332748705990361026923901836 0 0 0 0 0 0 0 0 0 0 0 0 0 0 0 0 1 0 0 0 0 0 0 0 0 0 0]
[1455118870948073359635130029013745767068166473804092703708885711541961842942401148362 0 0 0 0 0 0 0 0 0 0 0 0 0 0 0 0 0 1 0 0 0 0 0 0 0 0 0]
[1013818719129023482810022944283070366982611684785632309771425397592609044589860572008 0 0 0 0 0 0 0 0 0 0 0 0 0 0 0 0 0 0 1 0 0 0 0 0 0 0 0]
[698982594659756076412390311744087457460187548239718820280178353824440707195854537933 0 0 0 0 0 0 0 0 0 0 0 0 0 0 0 0 0 0 0 1 0 0 0 0 0 0 0]
[676899889755633129339223173417886301280226283191124128381588390305228068254921676164 0 0 0 0 0 0 0 0 0 0 0 0 0 0 0 0 0 0 0 0 1 0 0 0 0 0 0]
[1476445471493715761962983775898513756712019423823735221476888153546518649502629912658 0 0 0 0 0 0 0 0 0 0 0 0 0 0 0 0 0 0 0 0 0 1 0 0 0 0 0]
[536943880918828407842141544658008577728918632419938799540382131604080118477842691191 0 0 0 0 0 0 0 0 0 0 0 0 0 0 0 0 0 0 0 0 0 0 1 0 0 0 0]
[1236568967527197912157126351394765914263804321966021528908864659702485934445082497151 0 0 0 0 0 0 0 0 0 0 0 0 0 0 0 0 0 0 0 0 0 0 0 1 0 0 0]
[1016446920334441592460210721980657861350791452576303441343255077069818026594508133044 0 0 0 0 0 0 0 0 0 0 0 0 0 0 0 0 0 0 0 0 0 0 0 0 1 0 0]
[1163156053153503769286707184610085796706110256844960266683915044125239045759090318936 0 0 0 0 0 0 0 0 0 0 0 0 0 0 0 0 0 0 0 0 0 0 0 0 0 1 0]
[803666728593787795144672239112902044325635657446857571164586564849224026501527729519 0 0 0 0 0 0 0 0 0 0 0 0 0 0 0 0 0 0 0 0 0 0 0 0 0 0 1]
]
