[[1370411754308634069834298885095842507971460210491619567626456087110434610267685612703 0 0 0 0 0 0 0 0 0 0 0 0 0 0 0 0 0 0 0 0 0 0 0 0 0 0 0]
[1045137998940783017002989553193752386782906785710908810862044891121113189522425542186 1 0 0 0 0 0 0 0 0 0 0 0 0 0 0 0 0 0 0 0 0 0 0 0 0 0 0]
[1226106245321378648793531727247303682425162477758640539054404012787022590793189810331 0 1 0 0 0 0 0 0 0 0 0 0 0 0 0 0 0 0 0 0 0 0 0 0 0 0 0]
[153069744452307274598890788286466567117477427078682180024827094911657811162710486031 0 0 1 0 0 0 0 0 0 0 0 0 0 0 0 0 0 0 0 0 0 0 0 0 0 0 0]
[372143589715625420080144757865172874268477475973627376652342525631622486120614403488 0 0 0 1 0 0 0 0 0 0 0 0 0 0 0 0 0 0 0 0 0 0 0 0 0 0 0]
[1206709070478266843968958495954319389078263195119625746953421321969043941365039695021 0 0 0 0 1 0 0 0 0 0 0 0 0 0 0 0 0 0 0 0 0 0 0 0 0 0 0]
[638689138416453048348710730863366744191102872011979295298275670888198658366865111107 0 0 0 0 0 1 0 0 0 0 0 0 0 0 0 0 0 0 0 0 0 0 0 0 0 0 0]
[1066970340483023973190544440053800086682775582018505955707781321557514100328907753981 0 0 0 0 0 0 1 0 0 0 0 0 0 0 0 0 0 0 0 0 0 0 0 0 0 0 0]
[409907944605829013130751637843697862311926707747824219264728033294575860565195173506 0 0 0 0 0 0 0 1 0 0 0 0 0 0 0 0 0 0 0 0 0 0 0 0 0 0 0]
[23978116295619974064337111096371981905307653980330619182601200977302746606227610789 0 0 0 0 0 0 0 0 1 0 0 0 0 0 0 0 0 0 0 0 0 0 0 0 0 0 0]
[192246262089862057225282529767104519106836230462438924223417320522740820841697122364 0 0 0 0 0 0 0 0 0 1 0 0 0 0 0 0 0 0 0 0 0 0 0 0 0 0 0]
[1036429936330932109431477938221897864459539648516367868017936376186674005142662672104 0 0 0 0 0 0 0 0 0 0 1 0 0 0 0 0 0 0 0 0 0 0 0 0 0 0 0]
[675598230319852504303669494037488625603468045007999613381174326832871952562667801528 0 0 0 0 0 0 0 0 0 0 0 1 0 0 0 0 0 0 0 0 0 0 0 0 0 0 0]
[279290459588139872414190665258794808757562316894281383798296054464604609757476229511 0 0 0 0 0 0 0 0 0 0 0 0 1 0 0 0 0 0 0 0 0 0 0 0 0 0 0]
[1079186424363458560738364787089402044126192326139094988012863767864828713266108992473 0 0 0 0 0 0 0 0 0 0 0 0 0 1 0 0 0 0 0 0 0 0 0 0 0 0 0]
[313456963238592782201835261895886564612134176986141195360999555653989608048278140166 0 0 0 0 0 0 0 0 0 0 0 0 0 0 1 0 0 0 0 0 0 0 0 0 0 0 0]
[252046078158394461676709676832438745565691050781200212474336466305128656921057834465 0 0 0 0 0 0 0 0 0 0 0 0 0 0 0 1 0 0 0 0 0 0 0 0 0 0 0]
[1344308017161207899395522670635778017886408425346535509069002122565482221675759910018 0 0 0 0 0 0 0 0 0 0 0 0 0 0 0 0 1 0 0 0 0 0 0 0 0 0 0]
[996772939438062732777656558371941501713166506065271695093404064861631086024690651372 0 0 0 0 0 0 0 0 0 0 0 0 0 0 0 0 0 1 0 0 0 0 0 0 0 0 0]
[381581338777500223654263412558075895170896972299923159502455516645773995258156781953 0 0 0 0 0 0 0 0 0 0 0 0 0 0 0 0 0 0 1 0 0 0 0 0 0 0 0]
[721576993891706616016900832007263481524682400228589715710979125716132522473424543937 0 0 0 0 0 0 0 0 0 0 0 0 0 0 0 0 0 0 0 1 0 0 0 0 0 0 0]
[1321985077644037800550723142161364209102095881015966150945464196611791389334065322343 0 0 0 0 0 0 0 0 0 0 0 0 0 0 0 0 0 0 0 0 1 0 0 0 0 0 0]
[589737675892192930188642450915092585264399760937580793599188707316829262378265145226 0 0 0 0 0 0 0 0 0 0 0 0 0 0 0 0 0 0 0 0 0 1 0 0 0 0 0]
[874267205003318289450076867488393448277704168603376419842356227186323253338155243486 0 0 0 0 0 0 0 0 0 0 0 0 0 0 0 0 0 0 0 0 0 0 1 0 0 0 0]
[106270637144405559649558662260786310031756255523728244254928494717921864695987731428 0 0 0 0 0 0 0 0 0 0 0 0 0 0 0 0 0 0 0 0 0 0 0 1 0 0 0]
[1362815984051228701698837624842625650850704390676555235769642803325627734501926227513 0 0 0 0 0 0 0 0 0 0 0 0 0 0 0 0 0 0 0 0 0 0 0 0 1 0 0]
[691122199361450920086225374853560095814352216956843878102065548572988295134237419178 0 0 0 0 0 0 0 0 0 0 0 0 0 0 0 0 0 0 0 0 0 0 0 0 0 1 0]
[648008687853707679460511937002726593736456059867053033988063903127843247101174336901 0 0 0 0 0 0 0 0 0 0 0 0 0 0 0 0 0 0 0 0 0 0 0 0 0 0 1]
]
