[[1845027422630291543644988710770874692118271338458372754966534268142980333125383757849 0 0 0 0 0 0 0 0 0 0 0 0 0 0 0 0 0 0 0 0 0 0 0 0 0 0 0]
[1168435306123759755296375218531528040393230122343934497522342811912847077666246332700 1 0 0 0 0 0 0 0 0 0 0 0 0 0 0 0 0 0 0 0 0 0 0 0 0 0 0]
[1446280370761800072281271543516911572230897204762795176786731476003993230772006068126 0 1 0 0 0 0 0 0 0 0 0 0 0 0 0 0 0 0 0 0 0 0 0 0 0 0 0]
[674666995476922054426633667151807760202568568720152713533977169523990834487907684570 0 0 1 0 0 0 0 0 0 0 0 0 0 0 0 0 0 0 0 0 0 0 0 0 0 0 0]
[1013054792277968619662888998925809272997441398923339080890660999227454628704955888599 0 0 0 1 0 0 0 0 0 0 0 0 0 0 0 0 0 0 0 0 0 0 0 0 0 0 0]
[971922186106569477765849460012099401387934478270532935178083053978486459744488733471 0 0 0 0 1 0 0 0 0 0 0 0 0 0 0 0 0 0 0 0 0 0 0 0 0 0 0]
[1606442059004592162704181271117535457916655950392495706171356040949636444649586722092 0 0 0 0 0 1 0 0 0 0 0 0 0 0 0 0 0 0 0 0 0 0 0 0 0 0 0]
[311736650180992544157959153992976930835684047124544734621998877613908414283428739190 0 0 0 0 0 0 1 0 0 0 0 0 0 0 0 0 0 0 0 0 0 0 0 0 0 0 0]
[1207118986553102433434551246361115049422435542778112120330425155441866397332631524638 0 0 0 0 0 0 0 1 0 0 0 0 0 0 0 0 0 0 0 0 0 0 0 0 0 0 0]
[1749707735445546438093622138067355098983543299934709535877027608555828165510256704778 0 0 0 0 0 0 0 0 1 0 0 0 0 0 0 0 0 0 0 0 0 0 0 0 0 0 0]
[1145925852615372161076996234983058974145385444591984702417773738064865981837694176434 0 0 0 0 0 0 0 0 0 1 0 0 0 0 0 0 0 0 0 0 0 0 0 0 0 0 0]
[137695220154466149944612670263036200807393601291458694460101438990264192964856011622 0 0 0 0 0 0 0 0 0 0 1 0 0 0 0 0 0 0 0 0 0 0 0 0 0 0 0]
[741470727926767484374445559491346497398917102049748763027184263423429912711291245058 0 0 0 0 0 0 0 0 0 0 0 1 0 0 0 0 0 0 0 0 0 0 0 0 0 0 0]
[342553360818974224660639026736645193599997755384913188081159558514823544367887246787 0 0 0 0 0 0 0 0 0 0 0 0 1 0 0 0 0 0 0 0 0 0 0 0 0 0 0]
[298920452176379921997258472521866994089061276264409505506046503417976459292013795917 0 0 0 0 0 0 0 0 0 0 0 0 0 1 0 0 0 0 0 0 0 0 0 0 0 0 0]
[479733122557967867775086982327936575391504723860985845609047650211858602323593108394 0 0 0 0 0 0 0 0 0 0 0 0 0 0 1 0 0 0 0 0 0 0 0 0 0 0 0]
[1325294698184201929168519235824440447028653161384676802020397082745016220209247794981 0 0 0 0 0 0 0 0 0 0 0 0 0 0 0 1 0 0 0 0 0 0 0 0 0 0 0]
[941437552044302826019959984771492911439411141622909632656240926143188999881832889221 0 0 0 0 0 0 0 0 0 0 0 0 0 0 0 0 1 0 0 0 0 0 0 0 0 0 0]
[698942176237913611084585284377888648235077173239370417747494376554193862438767369318 0 0 0 0 0 0 0 0 0 0 0 0 0 0 0 0 0 1 0 0 0 0 0 0 0 0 0]
[1463874414231922148970307487125490521068988277071103997305137167635244722917949522381 0 0 0 0 0 0 0 0 0 0 0 0 0 0 0 0 0 0 1 0 0 0 0 0 0 0 0]
[498093826704113512144330419718748913627677745621382190857219726821668975965012816220 0 0 0 0 0 0 0 0 0 0 0 0 0 0 0 0 0 0 0 1 0 0 0 0 0 0 0]
[337600947988651869198154029153090215302446117531877348069138625635662463558211228983 0 0 0 0 0 0 0 0 0 0 0 0 0 0 0 0 0 0 0 0 1 0 0 0 0 0 0]
[35944823825651924085990615769333904547201079916939457334641279696127551204655208058 0 0 0 0 0 0 0 0 0 0 0 0 0 0 0 0 0 0 0 0 0 1 0 0 0 0 0]
[1367233996264522850268312759508169270845579766883420970489108133864729798185626250401 0 0 0 0 0 0 0 0 0 0 0 0 0 0 0 0 0 0 0 0 0 0 1 0 0 0 0]
[1304964683790459376670065003171448260218241955482511094063423759796840264164951173849 0 0 0 0 0 0 0 0 0 0 0 0 0 0 0 0 0 0 0 0 0 0 0 1 0 0 0]
[1050662295763235154543132547081243162133792290431997326442990532713059546798697002767 0 0 0 0 0 0 0 0 0 0 0 0 0 0 0 0 0 0 0 0 0 0 0 0 1 0 0]
[1541841280096639901303432038309679730505404333631619608232510635980584460972972606004 0 0 0 0 0 0 0 0 0 0 0 0 0 0 0 0 0 0 0 0 0 0 0 0 0 1 0]
[495243070370852434430024768088400654183683709733562321286836875626317036684530247190 0 0 0 0 0 0 0 0 0 0 0 0 0 0 0 0 0 0 0 0 0 0 0 0 0 0 1]
]
