[[1214530920549385896278806211879759767479188116528880287679274244364483503260350014207 0 0 0 0 0 0 0 0 0 0 0 0 0 0 0 0 0 0 0 0 0 0 0 0 0 0 0]
[590039944066888843197497199829660036331559802735350928978672125143402117657527119760 1 0 0 0 0 0 0 0 0 0 0 0 0 0 0 0 0 0 0 0 0 0 0 0 0 0 0]
[192214565141457700242174769921150522825783672007969495610124771295063479498968741998 0 1 0 0 0 0 0 0 0 0 0 0 0 0 0 0 0 0 0 0 0 0 0 0 0 0 0]
[703863419124286647097277153060777110515166111962385473838022655975016012294637133621 0 0 1 0 0 0 0 0 0 0 0 0 0 0 0 0 0 0 0 0 0 0 0 0 0 0 0]
[397718119624640931858316516146671658824636989417299770821619379728553796714790634473 0 0 0 1 0 0 0 0 0 0 0 0 0 0 0 0 0 0 0 0 0 0 0 0 0 0 0]
[523742675315562953153027872898261906541160281665553484752722316876957825210381656765 0 0 0 0 1 0 0 0 0 0 0 0 0 0 0 0 0 0 0 0 0 0 0 0 0 0 0]
[218275510488696350365862225859074145756757396709825365664039709882301199986419370991 0 0 0 0 0 1 0 0 0 0 0 0 0 0 0 0 0 0 0 0 0 0 0 0 0 0 0]
[134115085126631356235226798800717965928622375099982446623376525271655614276576825583 0 0 0 0 0 0 1 0 0 0 0 0 0 0 0 0 0 0 0 0 0 0 0 0 0 0 0]
[1117776362817384342279107541629580237850167368319025889315391729832523535187586281813 0 0 0 0 0 0 0 1 0 0 0 0 0 0 0 0 0 0 0 0 0 0 0 0 0 0 0]
[524997120640643949115378399347072935623436628355618080890368629273753948150167005857 0 0 0 0 0 0 0 0 1 0 0 0 0 0 0 0 0 0 0 0 0 0 0 0 0 0 0]
[658721722474778555415528431329608870952279914818660970056100368608332972465365112932 0 0 0 0 0 0 0 0 0 1 0 0 0 0 0 0 0 0 0 0 0 0 0 0 0 0 0]
[575565701445796106003573321136183477120961143122333014079541866303421803308462143572 0 0 0 0 0 0 0 0 0 0 1 0 0 0 0 0 0 0 0 0 0 0 0 0 0 0 0]
[1176348634384002908518137572380938400306841899721717149767454523249856541633348329179 0 0 0 0 0 0 0 0 0 0 0 1 0 0 0 0 0 0 0 0 0 0 0 0 0 0 0]
[532401458809868373905392679433630353463809292069969742501086069953673311236160455728 0 0 0 0 0 0 0 0 0 0 0 0 1 0 0 0 0 0 0 0 0 0 0 0 0 0 0]
[56441655326426429150663274326732459057008020932813761799295061918822695214900183080 0 0 0 0 0 0 0 0 0 0 0 0 0 1 0 0 0 0 0 0 0 0 0 0 0 0 0]
[654065580291541676511262469741868695149385030023530220477848426543749160575721212844 0 0 0 0 0 0 0 0 0 0 0 0 0 0 1 0 0 0 0 0 0 0 0 0 0 0 0]
[1157122890167782645341939205398905810931582377045630687400719204161744696803974115199 0 0 0 0 0 0 0 0 0 0 0 0 0 0 0 1 0 0 0 0 0 0 0 0 0 0 0]
[759429238060171254601995625791987176121229510689950653868516934536667774991353386681 0 0 0 0 0 0 0 0 0 0 0 0 0 0 0 0 1 0 0 0 0 0 0 0 0 0 0]
[288098347705424710308812950518505844160816155909852455593176366493826682346444565055 0 0 0 0 0 0 0 0 0 0 0 0 0 0 0 0 0 1 0 0 0 0 0 0 0 0 0]
[339706891508495285909608642108950245668724646536966674590771725521373196082027632478 0 0 0 0 0 0 0 0 0 0 0 0 0 0 0 0 0 0 1 0 0 0 0 0 0 0 0]
[185538918889784563122728677890377131409210129127419325358299256925797113481584961090 0 0 0 0 0 0 0 0 0 0 0 0 0 0 0 0 0 0 0 1 0 0 0 0 0 0 0]
[1042612002573001520902828420290333441988103636249317320118535623582932892915585265927 0 0 0 0 0 0 0 0 0 0 0 0 0 0 0 0 0 0 0 0 1 0 0 0 0 0 0]
[615894931240575947832754181161656866106544778925102614832771775623597743149315632589 0 0 0 0 0 0 0 0 0 0 0 0 0 0 0 0 0 0 0 0 0 1 0 0 0 0 0]
[1121006322947778363466978297045492399212354230837953946240471669340679814280458037869 0 0 0 0 0 0 0 0 0 0 0 0 0 0 0 0 0 0 0 0 0 0 1 0 0 0 0]
[90344119166765129576154746337657259101081199693579725927413036703609452960703591665 0 0 0 0 0 0 0 0 0 0 0 0 0 0 0 0 0 0 0 0 0 0 0 1 0 0 0]
[393464377098159670572980885366688330162095869181838155350063635299204257437765862319 0 0 0 0 0 0 0 0 0 0 0 0 0 0 0 0 0 0 0 0 0 0 0 0 1 0 0]
[131382012979851620323830315223719171474157877851611059461518019539295211408116790033 0 0 0 0 0 0 0 0 0 0 0 0 0 0 0 0 0 0 0 0 0 0 0 0 0 1 0]
[129483136418453948629841991965833992413665283699760206861259709707138457546970929890 0 0 0 0 0 0 0 0 0 0 0 0 0 0 0 0 0 0 0 0 0 0 0 0 0 0 1]
]
