[[1895524261443531127332120368104688474330475604118369656836408815868074340971220220061 0 0 0 0 0 0 0 0 0 0 0 0 0 0 0 0 0 0 0 0 0 0 0 0 0 0 0]
[1288877026989843020009317989201233963077772128565019642121426368731123433334854069430 1 0 0 0 0 0 0 0 0 0 0 0 0 0 0 0 0 0 0 0 0 0 0 0 0 0 0]
[580954167145769843090867403548073388607730240104685494714137658580116501835670069863 0 1 0 0 0 0 0 0 0 0 0 0 0 0 0 0 0 0 0 0 0 0 0 0 0 0 0]
[1759130968250217508328819174346603704011752873086681759619414949449583250204560405069 0 0 1 0 0 0 0 0 0 0 0 0 0 0 0 0 0 0 0 0 0 0 0 0 0 0 0]
[371497957450133492121088833990707624090710081564836864344449833851679398135627421011 0 0 0 1 0 0 0 0 0 0 0 0 0 0 0 0 0 0 0 0 0 0 0 0 0 0 0]
[1041341440106531813989011395796870661288444777605602095078827534969027217059636806755 0 0 0 0 1 0 0 0 0 0 0 0 0 0 0 0 0 0 0 0 0 0 0 0 0 0 0]
[1799757298567757752214280690895768447655177858968480588653251485975508717059320997941 0 0 0 0 0 1 0 0 0 0 0 0 0 0 0 0 0 0 0 0 0 0 0 0 0 0 0]
[1456841133686940983425647620084273729586924515581103435607845292150689846657929045449 0 0 0 0 0 0 1 0 0 0 0 0 0 0 0 0 0 0 0 0 0 0 0 0 0 0 0]
[969347038514851234186460468154361544710472929811495595266766602491291145479799140672 0 0 0 0 0 0 0 1 0 0 0 0 0 0 0 0 0 0 0 0 0 0 0 0 0 0 0]
[1513665172127367705191459576066217072537938358994969276172551946620710996956247807391 0 0 0 0 0 0 0 0 1 0 0 0 0 0 0 0 0 0 0 0 0 0 0 0 0 0 0]
[618922361518128885853932720564785717157376952052980812822028687442371521109239477486 0 0 0 0 0 0 0 0 0 1 0 0 0 0 0 0 0 0 0 0 0 0 0 0 0 0 0]
[1651792577472001738380956253546351756611608754954334187766799408247924392602851552866 0 0 0 0 0 0 0 0 0 0 1 0 0 0 0 0 0 0 0 0 0 0 0 0 0 0 0]
[941516789924741464893770617697813993932051273068745013274483681627424026197152579072 0 0 0 0 0 0 0 0 0 0 0 1 0 0 0 0 0 0 0 0 0 0 0 0 0 0 0]
[1821992390875714098674302121585036638589760012776916490149069331013532189683469097669 0 0 0 0 0 0 0 0 0 0 0 0 1 0 0 0 0 0 0 0 0 0 0 0 0 0 0]
[1648916442123634968299356560096978862155552446245439671594937312717729266872004052842 0 0 0 0 0 0 0 0 0 0 0 0 0 1 0 0 0 0 0 0 0 0 0 0 0 0 0]
[284743842753130011170819809198121609068846860425080529143261811611028227616648809640 0 0 0 0 0 0 0 0 0 0 0 0 0 0 1 0 0 0 0 0 0 0 0 0 0 0 0]
[1496047233541371258782100390285726303301357840207749564592647055235594333996833188792 0 0 0 0 0 0 0 0 0 0 0 0 0 0 0 1 0 0 0 0 0 0 0 0 0 0 0]
[874920347154320325910773738267897606956338448618735391990326370679234575519147708221 0 0 0 0 0 0 0 0 0 0 0 0 0 0 0 0 1 0 0 0 0 0 0 0 0 0 0]
[1078181376094247479900739542705084617862905802935001886976264129583481182822666628780 0 0 0 0 0 0 0 0 0 0 0 0 0 0 0 0 0 1 0 0 0 0 0 0 0 0 0]
[1006036879749631277233294890402104203527811914909156877298373114665520582194939449922 0 0 0 0 0 0 0 0 0 0 0 0 0 0 0 0 0 0 1 0 0 0 0 0 0 0 0]
[529511149971000292883834230591222538374042182833463332771153998103506640326769979546 0 0 0 0 0 0 0 0 0 0 0 0 0 0 0 0 0 0 0 1 0 0 0 0 0 0 0]
[1549994967586449718765206078358476104463797017489773928099398043977313508584842222630 0 0 0 0 0 0 0 0 0 0 0 0 0 0 0 0 0 0 0 0 1 0 0 0 0 0 0]
[1874285880323676127903656712415830236903632800205918305233301276560433490576044642885 0 0 0 0 0 0 0 0 0 0 0 0 0 0 0 0 0 0 0 0 0 1 0 0 0 0 0]
[205669313347581882272594314736920617933174966362344862011831607866403338521821866260 0 0 0 0 0 0 0 0 0 0 0 0 0 0 0 0 0 0 0 0 0 0 1 0 0 0 0]
[65074961537602495295554635786248370163431690139234701420096520486346701176566888413 0 0 0 0 0 0 0 0 0 0 0 0 0 0 0 0 0 0 0 0 0 0 0 1 0 0 0]
[1557163831529607854932737854307009151242772463763308546246872827811287253802156219065 0 0 0 0 0 0 0 0 0 0 0 0 0 0 0 0 0 0 0 0 0 0 0 0 1 0 0]
[1770914953213534169282412027921514344839480232910212216990966671964917765137676881033 0 0 0 0 0 0 0 0 0 0 0 0 0 0 0 0 0 0 0 0 0 0 0 0 0 1 0]
[1748598266457934272709298311329790265736671581802461370481683398038319074853205062123 0 0 0 0 0 0 0 0 0 0 0 0 0 0 0 0 0 0 0 0 0 0 0 0 0 0 1]
]
