[[1303806989632436640491811065043562257235828323722639510882564187526787165438043671221 0 0 0 0 0 0 0 0 0 0 0 0 0 0 0 0 0 0 0 0 0 0 0 0 0 0 0]
[219439670341793339540172889788552576914124686886150379541026966928451225471113995155 1 0 0 0 0 0 0 0 0 0 0 0 0 0 0 0 0 0 0 0 0 0 0 0 0 0 0]
[219388427978315767404558222625102215270382025405237628501668073591986427395427286606 0 1 0 0 0 0 0 0 0 0 0 0 0 0 0 0 0 0 0 0 0 0 0 0 0 0 0]
[327533460398049064537138295876572201550909813838419023821009828511095157514768388753 0 0 1 0 0 0 0 0 0 0 0 0 0 0 0 0 0 0 0 0 0 0 0 0 0 0 0]
[660507348977578247778543316006310943306552038773264916595380934677637621404640899491 0 0 0 1 0 0 0 0 0 0 0 0 0 0 0 0 0 0 0 0 0 0 0 0 0 0 0]
[138127250709733545933381826473045339004558590116370469059631067050895387209771343251 0 0 0 0 1 0 0 0 0 0 0 0 0 0 0 0 0 0 0 0 0 0 0 0 0 0 0]
[415678955929656723102054709703421415058522408801181631271913625567467443143265716402 0 0 0 0 0 1 0 0 0 0 0 0 0 0 0 0 0 0 0 0 0 0 0 0 0 0 0]
[270890493493527275146906088996134263348390292872861417009314559634841058572844291538 0 0 0 0 0 0 1 0 0 0 0 0 0 0 0 0 0 0 0 0 0 0 0 0 0 0 0]
[926135078355462171125268883583813432268855330082710354711799154098326894301425506549 0 0 0 0 0 0 0 1 0 0 0 0 0 0 0 0 0 0 0 0 0 0 0 0 0 0 0]
[48773809799576119085482216901979761838737721370593435866109832431254973716780739005 0 0 0 0 0 0 0 0 1 0 0 0 0 0 0 0 0 0 0 0 0 0 0 0 0 0 0]
[129827205210879257371348215066637028715193001363210881140305490469986148337217148230 0 0 0 0 0 0 0 0 0 1 0 0 0 0 0 0 0 0 0 0 0 0 0 0 0 0 0]
[354971529112934602867937494308816510145142422536364732521189398147729301152010352856 0 0 0 0 0 0 0 0 0 0 1 0 0 0 0 0 0 0 0 0 0 0 0 0 0 0 0]
[452271802395221841077607999012059527030791350722892016584991271111822354163427853975 0 0 0 0 0 0 0 0 0 0 0 1 0 0 0 0 0 0 0 0 0 0 0 0 0 0 0]
[471130465092830630345044078885293173945951101314749778065510031216588256996439336571 0 0 0 0 0 0 0 0 0 0 0 0 1 0 0 0 0 0 0 0 0 0 0 0 0 0 0]
[435939130046768202340598573694058221889700898471441357916116795712471910312598635443 0 0 0 0 0 0 0 0 0 0 0 0 0 1 0 0 0 0 0 0 0 0 0 0 0 0 0]
[757805800727750378552679095912417979141747119247670942105340512223572430683839405362 0 0 0 0 0 0 0 0 0 0 0 0 0 0 1 0 0 0 0 0 0 0 0 0 0 0 0]
[183920289644861209213715634862925419269647592661554237565890093244966080066846765059 0 0 0 0 0 0 0 0 0 0 0 0 0 0 0 1 0 0 0 0 0 0 0 0 0 0 0]
[1183250496031572835085639485991263248692057255148515863861743429811423618076837640052 0 0 0 0 0 0 0 0 0 0 0 0 0 0 0 0 1 0 0 0 0 0 0 0 0 0 0]
[1134190083427346363442549876228786682522327963203933091553107925986635216806282715209 0 0 0 0 0 0 0 0 0 0 0 0 0 0 0 0 0 1 0 0 0 0 0 0 0 0 0]
[144974350941288714111496007425008005541662952253690871371746373775828721880431130817 0 0 0 0 0 0 0 0 0 0 0 0 0 0 0 0 0 0 1 0 0 0 0 0 0 0 0]
[37876984411002799697694513353216619020804365342685747726814999743944944133463199312 0 0 0 0 0 0 0 0 0 0 0 0 0 0 0 0 0 0 0 1 0 0 0 0 0 0 0]
[1290586346373327518464474707274810310672806144131347162302855921798817505130168717835 0 0 0 0 0 0 0 0 0 0 0 0 0 0 0 0 0 0 0 0 1 0 0 0 0 0 0]
[15263482372772575053293314803052481311607663641987269031674022787315262606729411462 0 0 0 0 0 0 0 0 0 0 0 0 0 0 0 0 0 0 0 0 0 1 0 0 0 0 0]
[1215020859580803389095121749163378289377853279229491888262667033892117987151747532288 0 0 0 0 0 0 0 0 0 0 0 0 0 0 0 0 0 0 0 0 0 0 1 0 0 0 0]
[484206202397680790786559788911843675383373994282734118781818920138423766022461143249 0 0 0 0 0 0 0 0 0 0 0 0 0 0 0 0 0 0 0 0 0 0 0 1 0 0 0]
[313190984447424164537708730548377246991282630535047789683497938163078963567415535237 0 0 0 0 0 0 0 0 0 0 0 0 0 0 0 0 0 0 0 0 0 0 0 0 1 0 0]
[627785449533229911581866070094435744205132850551591355757479192941110131271316695708 0 0 0 0 0 0 0 0 0 0 0 0 0 0 0 0 0 0 0 0 0 0 0 0 0 1 0]
[908727718875442727617383740445305228235571360504670265776426634691825652721622951492 0 0 0 0 0 0 0 0 0 0 0 0 0 0 0 0 0 0 0 0 0 0 0 0 0 0 1]
]
