[[1895829602282570818183042050657952388966017740799605753881255422179769994209334056189 0 0 0 0 0 0 0 0 0 0 0 0 0 0 0 0 0 0 0 0 0 0 0 0 0 0 0]
[263487239973944614980153570063294254812507689942565629344947555373831447351548506417 1 0 0 0 0 0 0 0 0 0 0 0 0 0 0 0 0 0 0 0 0 0 0 0 0 0 0]
[613580608754712479753987770568993641057152218100137383774611717948972220849283825580 0 1 0 0 0 0 0 0 0 0 0 0 0 0 0 0 0 0 0 0 0 0 0 0 0 0 0]
[11563063039107949134982112199984711775370336556224736646644425051397158333896396559 0 0 1 0 0 0 0 0 0 0 0 0 0 0 0 0 0 0 0 0 0 0 0 0 0 0 0]
[202338185671473457027191343833642268192152499432431069572564264925684395495596096956 0 0 0 1 0 0 0 0 0 0 0 0 0 0 0 0 0 0 0 0 0 0 0 0 0 0 0]
[875269946463702716492004343655126893469475326123533202770825933773021986208919176905 0 0 0 0 1 0 0 0 0 0 0 0 0 0 0 0 0 0 0 0 0 0 0 0 0 0 0]
[1432903665295166888346878341634301547222683726472515326470997710906552213984740272036 0 0 0 0 0 1 0 0 0 0 0 0 0 0 0 0 0 0 0 0 0 0 0 0 0 0 0]
[228011966576373368797424915015635026374089562177845369982584171453230921367976261980 0 0 0 0 0 0 1 0 0 0 0 0 0 0 0 0 0 0 0 0 0 0 0 0 0 0 0]
[1784390159069216945801041128274086628269995615849947151293539090737450857509772653423 0 0 0 0 0 0 0 1 0 0 0 0 0 0 0 0 0 0 0 0 0 0 0 0 0 0 0]
[1031803626669835072992737924962043577085607149603573758542652315478914259728243630047 0 0 0 0 0 0 0 0 1 0 0 0 0 0 0 0 0 0 0 0 0 0 0 0 0 0 0]
[520036198623457954398213541653820930309269999675876255037821340419343124712651842232 0 0 0 0 0 0 0 0 0 1 0 0 0 0 0 0 0 0 0 0 0 0 0 0 0 0 0]
[1419504970819732148226971272428282742113999980852358690991444255714229405436896324213 0 0 0 0 0 0 0 0 0 0 1 0 0 0 0 0 0 0 0 0 0 0 0 0 0 0 0]
[1863135472520935345681397724343184723217890067043804933874607181138183563460410992236 0 0 0 0 0 0 0 0 0 0 0 1 0 0 0 0 0 0 0 0 0 0 0 0 0 0 0]
[1031787636147863691285857428489471762158471241753313972324565103402366165595818288094 0 0 0 0 0 0 0 0 0 0 0 0 1 0 0 0 0 0 0 0 0 0 0 0 0 0 0]
[1033917095391455673982246181536893331528998461682630699137722079642280031974304279438 0 0 0 0 0 0 0 0 0 0 0 0 0 1 0 0 0 0 0 0 0 0 0 0 0 0 0]
[1703734573662166027851979590358337797372169773712769073863607004707807634983029423495 0 0 0 0 0 0 0 0 0 0 0 0 0 0 1 0 0 0 0 0 0 0 0 0 0 0 0]
[777298341278192763159010407357121468541198743430583053397910195919913237449257676778 0 0 0 0 0 0 0 0 0 0 0 0 0 0 0 1 0 0 0 0 0 0 0 0 0 0 0]
[946701946645867766033208260408122315768166837460538226801358826998281128806616322661 0 0 0 0 0 0 0 0 0 0 0 0 0 0 0 0 1 0 0 0 0 0 0 0 0 0 0]
[1562790617206083497791013937834665981915235948371028212229531979284553303588592458757 0 0 0 0 0 0 0 0 0 0 0 0 0 0 0 0 0 1 0 0 0 0 0 0 0 0 0]
[1888182767464939299130089497352030874566178316111775518768528160544039956924081475255 0 0 0 0 0 0 0 0 0 0 0 0 0 0 0 0 0 0 1 0 0 0 0 0 0 0 0]
[1228292467564787004815087132235671448396744605869482335172908353118515861924569978562 0 0 0 0 0 0 0 0 0 0 0 0 0 0 0 0 0 0 0 1 0 0 0 0 0 0 0]
[95300124881248050602888146953293784840610199435521601652121988597285618323713422890 0 0 0 0 0 0 0 0 0 0 0 0 0 0 0 0 0 0 0 0 1 0 0 0 0 0 0]
[1452079271109008007140429571701255024934351040099324071815312122381932420851502198300 0 0 0 0 0 0 0 0 0 0 0 0 0 0 0 0 0 0 0 0 0 1 0 0 0 0 0]
[812727097414087476553561610894305693112799285300831109512440239059652650103847384385 0 0 0 0 0 0 0 0 0 0 0 0 0 0 0 0 0 0 0 0 0 0 1 0 0 0 0]
[629731803229507524396185059446552946422956631294554581386421057486095978311055498112 0 0 0 0 0 0 0 0 0 0 0 0 0 0 0 0 0 0 0 0 0 0 0 1 0 0 0]
[600104317540560082485840735865099454789023774428712869406304585766573916511285419420 0 0 0 0 0 0 0 0 0 0 0 0 0 0 0 0 0 0 0 0 0 0 0 0 1 0 0]
[1791341449127364269655671618338952195511373958374885420565763756205200308981399002687 0 0 0 0 0 0 0 0 0 0 0 0 0 0 0 0 0 0 0 0 0 0 0 0 0 1 0]
[1041118594816588836959157344446574030892072882363406759668489580941040050589337550043 0 0 0 0 0 0 0 0 0 0 0 0 0 0 0 0 0 0 0 0 0 0 0 0 0 0 1]
]
