[[1392332969970886350856500226523963127027630572548228047847022406024409981824147825857 0 0 0 0 0 0 0 0 0 0 0 0 0 0 0 0 0 0 0 0 0 0 0 0 0 0 0]
[1214808299681371086843080183029187695215337681617371173825093889028326775746873658274 1 0 0 0 0 0 0 0 0 0 0 0 0 0 0 0 0 0 0 0 0 0 0 0 0 0 0]
[805406081839053926918808356841303074819943045674681161943425108295006381855066285547 0 1 0 0 0 0 0 0 0 0 0 0 0 0 0 0 0 0 0 0 0 0 0 0 0 0 0]
[787097001600662142743233895389697659589165170466522506994101432064840305461810364782 0 0 1 0 0 0 0 0 0 0 0 0 0 0 0 0 0 0 0 0 0 0 0 0 0 0 0]
[517946769308063991815408910088829564004540415896620732397670850432650652353595426959 0 0 0 1 0 0 0 0 0 0 0 0 0 0 0 0 0 0 0 0 0 0 0 0 0 0 0]
[788200423020080718572636161486498031996740354131549564933440616730645654694396216296 0 0 0 0 1 0 0 0 0 0 0 0 0 0 0 0 0 0 0 0 0 0 0 0 0 0 0]
[1325387786865276409957153836380522003354396088999575684865199018957136585298049191231 0 0 0 0 0 1 0 0 0 0 0 0 0 0 0 0 0 0 0 0 0 0 0 0 0 0 0]
[1363565670327720830718857111396443137673688142785860952106897045648641168813813257302 0 0 0 0 0 0 1 0 0 0 0 0 0 0 0 0 0 0 0 0 0 0 0 0 0 0 0]
[674407834024318492037571954334762657473789358454063631982692573898319246049378095790 0 0 0 0 0 0 0 1 0 0 0 0 0 0 0 0 0 0 0 0 0 0 0 0 0 0 0]
[615580132957361461216372450040738055228459571542523065460951676214458172770217276239 0 0 0 0 0 0 0 0 1 0 0 0 0 0 0 0 0 0 0 0 0 0 0 0 0 0 0]
[532724760413098611470248536431758233505114782483439011874289885439265739333733303947 0 0 0 0 0 0 0 0 0 1 0 0 0 0 0 0 0 0 0 0 0 0 0 0 0 0 0]
[1338625584410096761233384317002199676280928268816762051767748948869234772212953185877 0 0 0 0 0 0 0 0 0 0 1 0 0 0 0 0 0 0 0 0 0 0 0 0 0 0 0]
[425777728381284279417990746630238699476479430877733751689890873288637881398574516385 0 0 0 0 0 0 0 0 0 0 0 1 0 0 0 0 0 0 0 0 0 0 0 0 0 0 0]
[975129483516039805270258648348109950974685767276705794362940565390616091903372731667 0 0 0 0 0 0 0 0 0 0 0 0 1 0 0 0 0 0 0 0 0 0 0 0 0 0 0]
[1206759980798675671551058018368717814255480752707035918107889893196308928455163488265 0 0 0 0 0 0 0 0 0 0 0 0 0 1 0 0 0 0 0 0 0 0 0 0 0 0 0]
[978553462690203217525474967199415567958178990566064559143920625226043627706063290338 0 0 0 0 0 0 0 0 0 0 0 0 0 0 1 0 0 0 0 0 0 0 0 0 0 0 0]
[254433400971435311805203124368066733830175255092291121887736370490828367611053798944 0 0 0 0 0 0 0 0 0 0 0 0 0 0 0 1 0 0 0 0 0 0 0 0 0 0 0]
[1189720767802436985157844740551097450715933383886501265406067936952781912436655382134 0 0 0 0 0 0 0 0 0 0 0 0 0 0 0 0 1 0 0 0 0 0 0 0 0 0 0]
[308072923776729568775419970881267084348493848218715214165326026301928393072552405302 0 0 0 0 0 0 0 0 0 0 0 0 0 0 0 0 0 1 0 0 0 0 0 0 0 0 0]
[380602264976046632872083886427375963477675663793946639107622703483340462640983828976 0 0 0 0 0 0 0 0 0 0 0 0 0 0 0 0 0 0 1 0 0 0 0 0 0 0 0]
[404309600195018785903022146065655226681972773998690666486701584727096848022162584827 0 0 0 0 0 0 0 0 0 0 0 0 0 0 0 0 0 0 0 1 0 0 0 0 0 0 0]
[803926119861933451073802145229559285617382614662847917248688037310132198171957281391 0 0 0 0 0 0 0 0 0 0 0 0 0 0 0 0 0 0 0 0 1 0 0 0 0 0 0]
[1264781491560457553024033318563425754732901325727980631884149868142731227291635931576 0 0 0 0 0 0 0 0 0 0 0 0 0 0 0 0 0 0 0 0 0 1 0 0 0 0 0]
[763067093232782548008271519698252865046849254601926687336253174763673878106629700551 0 0 0 0 0 0 0 0 0 0 0 0 0 0 0 0 0 0 0 0 0 0 1 0 0 0 0]
[331539367615569993987811566032568634427447432044343529932922599135772544502711234945 0 0 0 0 0 0 0 0 0 0 0 0 0 0 0 0 0 0 0 0 0 0 0 1 0 0 0]
[610302748661510457356045766713546438194014247982840614375122881844920370444948072379 0 0 0 0 0 0 0 0 0 0 0 0 0 0 0 0 0 0 0 0 0 0 0 0 1 0 0]
[569889259379525807306435478174270429472437792244460925207085630853012776325695774574 0 0 0 0 0 0 0 0 0 0 0 0 0 0 0 0 0 0 0 0 0 0 0 0 0 1 0]
[140106424854619822374416362230190599625673108067614635808939050889949544601169337910 0 0 0 0 0 0 0 0 0 0 0 0 0 0 0 0 0 0 0 0 0 0 0 0 0 0 1]
]
