[[1509076925675312093457332628275529175614835368353713857307942911223546619068019477263 0 0 0 0 0 0 0 0 0 0 0 0 0 0 0 0 0 0 0 0 0 0 0 0 0 0 0]
[319846102044125342182455459876619847705759145113656875671036440734980007684388848615 1 0 0 0 0 0 0 0 0 0 0 0 0 0 0 0 0 0 0 0 0 0 0 0 0 0 0]
[461447650881242957940140147425924071840395461785000749161289912790525476371920400984 0 1 0 0 0 0 0 0 0 0 0 0 0 0 0 0 0 0 0 0 0 0 0 0 0 0 0]
[78889202756135394920695152445020071534864024212265292100022098334131700168531109256 0 0 1 0 0 0 0 0 0 0 0 0 0 0 0 0 0 0 0 0 0 0 0 0 0 0 0]
[587461610859184801293243006258135110175724007754218463546416511063728605178811822005 0 0 0 1 0 0 0 0 0 0 0 0 0 0 0 0 0 0 0 0 0 0 0 0 0 0 0]
[987489393048319642236127573539175032420807170512931430638179993904526601838445054044 0 0 0 0 1 0 0 0 0 0 0 0 0 0 0 0 0 0 0 0 0 0 0 0 0 0 0]
[1009310025281387599818733417601564831346071230362757354110982202907147826084626672328 0 0 0 0 0 1 0 0 0 0 0 0 0 0 0 0 0 0 0 0 0 0 0 0 0 0 0]
[568009780978425257244939528648368325233855977792044760186938140836760987161036094156 0 0 0 0 0 0 1 0 0 0 0 0 0 0 0 0 0 0 0 0 0 0 0 0 0 0 0]
[81257592511126040454474200492112171500561717416431211156983311813464662669661831943 0 0 0 0 0 0 0 1 0 0 0 0 0 0 0 0 0 0 0 0 0 0 0 0 0 0 0]
[1224948345334858128542890112631335227883107021927822123201608840093079690949011370946 0 0 0 0 0 0 0 0 1 0 0 0 0 0 0 0 0 0 0 0 0 0 0 0 0 0 0]
[1458173602173614153330988636401217605487231733333257051517952797590072825911779701119 0 0 0 0 0 0 0 0 0 1 0 0 0 0 0 0 0 0 0 0 0 0 0 0 0 0 0]
[440544778159144868662067723861604365249035212826132748598359048781222123991510761930 0 0 0 0 0 0 0 0 0 0 1 0 0 0 0 0 0 0 0 0 0 0 0 0 0 0 0]
[184484805835805291423948264377923987640913360708434878190889049066093357766513780848 0 0 0 0 0 0 0 0 0 0 0 1 0 0 0 0 0 0 0 0 0 0 0 0 0 0 0]
[81457221902039828075917680517261566678008363838196691758294025795988565355103427901 0 0 0 0 0 0 0 0 0 0 0 0 1 0 0 0 0 0 0 0 0 0 0 0 0 0 0]
[638748337643558111059284597052852218382647037882223988444171201641204012451463173615 0 0 0 0 0 0 0 0 0 0 0 0 0 1 0 0 0 0 0 0 0 0 0 0 0 0 0]
[78046348229564494666039019348139096039388208911977570589471007264466278224473429066 0 0 0 0 0 0 0 0 0 0 0 0 0 0 1 0 0 0 0 0 0 0 0 0 0 0 0]
[829877332622911144426599438941428347461983464829243000543022789622303317045569715625 0 0 0 0 0 0 0 0 0 0 0 0 0 0 0 1 0 0 0 0 0 0 0 0 0 0 0]
[509550158332734082583770647932785905345388537483793635857012248702865695898512381913 0 0 0 0 0 0 0 0 0 0 0 0 0 0 0 0 1 0 0 0 0 0 0 0 0 0 0]
[1231048091184900322196780659566161895221655368022856041985103043386421026391854573192 0 0 0 0 0 0 0 0 0 0 0 0 0 0 0 0 0 1 0 0 0 0 0 0 0 0 0]
[1147019999200777310767098786488239666100516514341898311102922491176202731860964859269 0 0 0 0 0 0 0 0 0 0 0 0 0 0 0 0 0 0 1 0 0 0 0 0 0 0 0]
[729160083370364119185160643325540914472444262959242451140213132250172565719337512530 0 0 0 0 0 0 0 0 0 0 0 0 0 0 0 0 0 0 0 1 0 0 0 0 0 0 0]
[896534223106024220397135137039689629812117667503204003401785488294065746851202378618 0 0 0 0 0 0 0 0 0 0 0 0 0 0 0 0 0 0 0 0 1 0 0 0 0 0 0]
[1349805985554808791233047991175857159989642695423556913198211183535671329097333960025 0 0 0 0 0 0 0 0 0 0 0 0 0 0 0 0 0 0 0 0 0 1 0 0 0 0 0]
[34758337785142246662335454873690626523828797614065297759027906247067105524087343460 0 0 0 0 0 0 0 0 0 0 0 0 0 0 0 0 0 0 0 0 0 0 1 0 0 0 0]
[113440875452778440955348022972803977448053869512548051123067243707634273259889563790 0 0 0 0 0 0 0 0 0 0 0 0 0 0 0 0 0 0 0 0 0 0 0 1 0 0 0]
[798303689464203347444704584902911855856564723395916795576728998035358601021146140295 0 0 0 0 0 0 0 0 0 0 0 0 0 0 0 0 0 0 0 0 0 0 0 0 1 0 0]
[391731389209337931460621412060871142793186793915905650178822072333785359472449244496 0 0 0 0 0 0 0 0 0 0 0 0 0 0 0 0 0 0 0 0 0 0 0 0 0 1 0]
[1237811706104403973018282438657878840465926887721553309816519799962206601154811824771 0 0 0 0 0 0 0 0 0 0 0 0 0 0 0 0 0 0 0 0 0 0 0 0 0 0 1]
]
