[[1914142215126581736230194279166731923445278978526010018242178735195554918714456431779 0 0 0 0 0 0 0 0 0 0 0 0 0 0 0 0 0 0 0 0 0 0 0 0 0 0 0]
[1855922888723128143410647184314872656960919312606355433339565090259289765556102235060 1 0 0 0 0 0 0 0 0 0 0 0 0 0 0 0 0 0 0 0 0 0 0 0 0 0 0]
[854164694477048867120624586477579576373088342798564001783772103056327736312633030960 0 1 0 0 0 0 0 0 0 0 0 0 0 0 0 0 0 0 0 0 0 0 0 0 0 0 0]
[978646391158812472554940474616159180230238535547410256890559172055318783601614629327 0 0 1 0 0 0 0 0 0 0 0 0 0 0 0 0 0 0 0 0 0 0 0 0 0 0 0]
[1305859687101482276954324520842315261329308868216564339385713999048506764886551781146 0 0 0 1 0 0 0 0 0 0 0 0 0 0 0 0 0 0 0 0 0 0 0 0 0 0 0]
[489229917503692518099770468409534174342133981489980658508815156068141194605012865376 0 0 0 0 1 0 0 0 0 0 0 0 0 0 0 0 0 0 0 0 0 0 0 0 0 0 0]
[182026332534512583325107127155538690582987959442061341212950907247360411167649241978 0 0 0 0 0 1 0 0 0 0 0 0 0 0 0 0 0 0 0 0 0 0 0 0 0 0 0]
[190163804876617056418072170779892664350638912518126048909559055521272396638857038943 0 0 0 0 0 0 1 0 0 0 0 0 0 0 0 0 0 0 0 0 0 0 0 0 0 0 0]
[167153701783054004210532201299360541319442345668469333573893399891739668856520037242 0 0 0 0 0 0 0 1 0 0 0 0 0 0 0 0 0 0 0 0 0 0 0 0 0 0 0]
[1220325272767267807690670018354265500151829363551765558851814617950097571961405857766 0 0 0 0 0 0 0 0 1 0 0 0 0 0 0 0 0 0 0 0 0 0 0 0 0 0 0]
[1527447856371352036687079067284379645887880758395614363707671677964175366749346717876 0 0 0 0 0 0 0 0 0 1 0 0 0 0 0 0 0 0 0 0 0 0 0 0 0 0 0]
[1781656517406824220911943128404194020179296083827715328783679122419672807521268569114 0 0 0 0 0 0 0 0 0 0 1 0 0 0 0 0 0 0 0 0 0 0 0 0 0 0 0]
[360822716966611763945262560589817087465466812742307661310637157707143207353803274700 0 0 0 0 0 0 0 0 0 0 0 1 0 0 0 0 0 0 0 0 0 0 0 0 0 0 0]
[231425851080106209689581819270577813594225768080363772493492752147529014338815728130 0 0 0 0 0 0 0 0 0 0 0 0 1 0 0 0 0 0 0 0 0 0 0 0 0 0 0]
[1484328270590064518470727519485500459595883202756096153663957667464181480175864063149 0 0 0 0 0 0 0 0 0 0 0 0 0 1 0 0 0 0 0 0 0 0 0 0 0 0 0]
[210523808190692570082346529645584686350298545947420307605075877387098544793208892047 0 0 0 0 0 0 0 0 0 0 0 0 0 0 1 0 0 0 0 0 0 0 0 0 0 0 0]
[232189842314108441776337645101395461567936312472824033615373056931886254501841195782 0 0 0 0 0 0 0 0 0 0 0 0 0 0 0 1 0 0 0 0 0 0 0 0 0 0 0]
[899115604043860579533065953304287079428020064781580361672245209418995342937812278646 0 0 0 0 0 0 0 0 0 0 0 0 0 0 0 0 1 0 0 0 0 0 0 0 0 0 0]
[1868876039342547473417092921024772098425875722855164355604612710294104798411513128033 0 0 0 0 0 0 0 0 0 0 0 0 0 0 0 0 0 1 0 0 0 0 0 0 0 0 0]
[1736441857709533438538411627997454831010063003423851034139801898712411854378465643921 0 0 0 0 0 0 0 0 0 0 0 0 0 0 0 0 0 0 1 0 0 0 0 0 0 0 0]
[300251932890932939484710995520614381919705531735396415042593923665497095094739254687 0 0 0 0 0 0 0 0 0 0 0 0 0 0 0 0 0 0 0 1 0 0 0 0 0 0 0]
[710586606767546035767009026888633725990032749834151114533060148256748729639611043999 0 0 0 0 0 0 0 0 0 0 0 0 0 0 0 0 0 0 0 0 1 0 0 0 0 0 0]
[281198760289403913118295174352680921332785294442658653097123213862047773004807663100 0 0 0 0 0 0 0 0 0 0 0 0 0 0 0 0 0 0 0 0 0 1 0 0 0 0 0]
[1295138043012240599422937922705184744713750860196752416701709919172434755783653979213 0 0 0 0 0 0 0 0 0 0 0 0 0 0 0 0 0 0 0 0 0 0 1 0 0 0 0]
[331432277808170222511610690104296972710483122422257244530250525720667081672121533040 0 0 0 0 0 0 0 0 0 0 0 0 0 0 0 0 0 0 0 0 0 0 0 1 0 0 0]
[43439990364157066736561845661417340561500162254425982141059225164983659850026348897 0 0 0 0 0 0 0 0 0 0 0 0 0 0 0 0 0 0 0 0 0 0 0 0 1 0 0]
[181065710965718335811373899719901144732929059734949960444458558330454111983409744682 0 0 0 0 0 0 0 0 0 0 0 0 0 0 0 0 0 0 0 0 0 0 0 0 0 1 0]
[903646095420770225015034509729353118671312751569578406865673720959117919195585914682 0 0 0 0 0 0 0 0 0 0 0 0 0 0 0 0 0 0 0 0 0 0 0 0 0 0 1]
]
