[[1175736089645692056390888118357014199580206558022865858974949628378691429873313125737 0 0 0 0 0 0 0 0 0 0 0 0 0 0 0 0 0 0 0 0 0 0 0 0 0 0 0]
[210124834137246845572953072658779459254350170797577175719041990453617085909980244288 1 0 0 0 0 0 0 0 0 0 0 0 0 0 0 0 0 0 0 0 0 0 0 0 0 0 0]
[223541805128613947703538399790894985477942372054667996208927377508392608069261557588 0 1 0 0 0 0 0 0 0 0 0 0 0 0 0 0 0 0 0 0 0 0 0 0 0 0 0]
[589266175686722342990180414047043554713522135319124411045259330209284158147550175082 0 0 1 0 0 0 0 0 0 0 0 0 0 0 0 0 0 0 0 0 0 0 0 0 0 0 0]
[869419331589490929917603760959910249801445498332089772860839547915424818227336961087 0 0 0 1 0 0 0 0 0 0 0 0 0 0 0 0 0 0 0 0 0 0 0 0 0 0 0]
[283806493421647522854924582913382904480498416355775353664112654819139231728962063861 0 0 0 0 1 0 0 0 0 0 0 0 0 0 0 0 0 0 0 0 0 0 0 0 0 0 0]
[283060469800642320677944524315110998513472365656145885280664827827154990462184371231 0 0 0 0 0 1 0 0 0 0 0 0 0 0 0 0 0 0 0 0 0 0 0 0 0 0 0]
[273299512119572047452836399956570999027263180601624639002549940385983845060723314646 0 0 0 0 0 0 1 0 0 0 0 0 0 0 0 0 0 0 0 0 0 0 0 0 0 0 0]
[1073898205609321685489987288447314271340372430631278986875238282746380305655335199604 0 0 0 0 0 0 0 1 0 0 0 0 0 0 0 0 0 0 0 0 0 0 0 0 0 0 0]
[186912905493570719447112837892042546580571155510781027706985992811773906406034087115 0 0 0 0 0 0 0 0 1 0 0 0 0 0 0 0 0 0 0 0 0 0 0 0 0 0 0]
[1093228663423793559296344311166839717273196774069297193654502632403411702266133921512 0 0 0 0 0 0 0 0 0 1 0 0 0 0 0 0 0 0 0 0 0 0 0 0 0 0 0]
[964524659285203647849814574739003120660000304799162762234000363544822088831562042433 0 0 0 0 0 0 0 0 0 0 1 0 0 0 0 0 0 0 0 0 0 0 0 0 0 0 0]
[973346929719571946824538763776362909554265834455309033375976883367055490598934713163 0 0 0 0 0 0 0 0 0 0 0 1 0 0 0 0 0 0 0 0 0 0 0 0 0 0 0]
[740326466023827092258836560975460439266764426941263470787339564208898733223815691553 0 0 0 0 0 0 0 0 0 0 0 0 1 0 0 0 0 0 0 0 0 0 0 0 0 0 0]
[1083031061082471546097621332622097655951735652609695034330520130853107622594470591620 0 0 0 0 0 0 0 0 0 0 0 0 0 1 0 0 0 0 0 0 0 0 0 0 0 0 0]
[321844174881011388506064446680350397648210420253417429576508301904647870541969539883 0 0 0 0 0 0 0 0 0 0 0 0 0 0 1 0 0 0 0 0 0 0 0 0 0 0 0]
[675864699980574167741198348982072084969828875161763540210377922777103497084214199720 0 0 0 0 0 0 0 0 0 0 0 0 0 0 0 1 0 0 0 0 0 0 0 0 0 0 0]
[585663600866656294679207413318180835766227208680735207935981446735253609248933740046 0 0 0 0 0 0 0 0 0 0 0 0 0 0 0 0 1 0 0 0 0 0 0 0 0 0 0]
[668418167200616447560551314814981404419843228955060925460246226461013858785351554370 0 0 0 0 0 0 0 0 0 0 0 0 0 0 0 0 0 1 0 0 0 0 0 0 0 0 0]
[459867613924408703657280982012676451086262919393289703204800388359858919083249661945 0 0 0 0 0 0 0 0 0 0 0 0 0 0 0 0 0 0 1 0 0 0 0 0 0 0 0]
[509130016701219924484848864140824973352817366532932081150948709510744048350061676849 0 0 0 0 0 0 0 0 0 0 0 0 0 0 0 0 0 0 0 1 0 0 0 0 0 0 0]
[90774976977899740262533761724406839885798539318471609243194724092795440186997914977 0 0 0 0 0 0 0 0 0 0 0 0 0 0 0 0 0 0 0 0 1 0 0 0 0 0 0]
[1079183039848264137569162519812409886430395714399188958738044667357197141927862316305 0 0 0 0 0 0 0 0 0 0 0 0 0 0 0 0 0 0 0 0 0 1 0 0 0 0 0]
[199193283009612509374080640336867259923322228608621801223994270436019143657364499724 0 0 0 0 0 0 0 0 0 0 0 0 0 0 0 0 0 0 0 0 0 0 1 0 0 0 0]
[1104797237113105736148593910700289749901045838463239007008526184632407162558830582775 0 0 0 0 0 0 0 0 0 0 0 0 0 0 0 0 0 0 0 0 0 0 0 1 0 0 0]
[788678884661988941098861694729944327302385030569933722327051336996588567567251355658 0 0 0 0 0 0 0 0 0 0 0 0 0 0 0 0 0 0 0 0 0 0 0 0 1 0 0]
[117236649989107350497834103132973400503182190215043634576198081521532843402364892293 0 0 0 0 0 0 0 0 0 0 0 0 0 0 0 0 0 0 0 0 0 0 0 0 0 1 0]
[41634910671930664780689217925088071416735624967239335845129274146422348610902256186 0 0 0 0 0 0 0 0 0 0 0 0 0 0 0 0 0 0 0 0 0 0 0 0 0 0 1]
]
