[[1789829543606157114091175019941968350172543613291368383882259347476976960111971 0 0 0 0 0 0 0 0 0 0 0 0 0 0 0 0 0 0 0 0 0 0 0 0 0]
[436875173558147077234413501894115492841834722352081437631858107671250532757953 1 0 0 0 0 0 0 0 0 0 0 0 0 0 0 0 0 0 0 0 0 0 0 0 0]
[1085987083436402710278663020140168895811525650873886132468368485775197719716847 0 1 0 0 0 0 0 0 0 0 0 0 0 0 0 0 0 0 0 0 0 0 0 0 0]
[513393645427687550723858572695200499259234278271019453564615696649833083771755 0 0 1 0 0 0 0 0 0 0 0 0 0 0 0 0 0 0 0 0 0 0 0 0 0]
[630352653149745829795496574160114781813090636123901897204471223201426132391885 0 0 0 1 0 0 0 0 0 0 0 0 0 0 0 0 0 0 0 0 0 0 0 0 0]
[1090363766461689024417780011342373757558976792367167695444711975966835938951601 0 0 0 0 1 0 0 0 0 0 0 0 0 0 0 0 0 0 0 0 0 0 0 0 0]
[624966839397972195459500366948830292062713487549984987912971438579975703207583 0 0 0 0 0 1 0 0 0 0 0 0 0 0 0 0 0 0 0 0 0 0 0 0 0]
[642462559910314871074061319200795114128937618108568886811762430904779432110554 0 0 0 0 0 0 1 0 0 0 0 0 0 0 0 0 0 0 0 0 0 0 0 0 0]
[8254367563167865211352584877124278928003528663925209554431717123197210184197 0 0 0 0 0 0 0 1 0 0 0 0 0 0 0 0 0 0 0 0 0 0 0 0 0]
[643789681463704934195826923687260423358316904435604608814853088215141902903941 0 0 0 0 0 0 0 0 1 0 0 0 0 0 0 0 0 0 0 0 0 0 0 0 0]
[179809680125654419718932290595065558287778058347630831722244481798049853826339 0 0 0 0 0 0 0 0 0 1 0 0 0 0 0 0 0 0 0 0 0 0 0 0 0]
[110885973282807510202768744570656100066664021676117143993263304593834800287396 0 0 0 0 0 0 0 0 0 0 1 0 0 0 0 0 0 0 0 0 0 0 0 0 0]
[1597265308723500426425012633926905190365067440051414171774310271086628373107701 0 0 0 0 0 0 0 0 0 0 0 1 0 0 0 0 0 0 0 0 0 0 0 0 0]
[932391274762240568739103528314961686699910183465559051179131468687544044457716 0 0 0 0 0 0 0 0 0 0 0 0 1 0 0 0 0 0 0 0 0 0 0 0 0]
[911890982838004061799530088494212998074409780182159592295678511067987837255433 0 0 0 0 0 0 0 0 0 0 0 0 0 1 0 0 0 0 0 0 0 0 0 0 0]
[598614495710978492123193976600792307886209098738894384253099395738405166974893 0 0 0 0 0 0 0 0 0 0 0 0 0 0 1 0 0 0 0 0 0 0 0 0 0]
[1003389937166658889952381327900350353306830312930717898605402336493566222931251 0 0 0 0 0 0 0 0 0 0 0 0 0 0 0 1 0 0 0 0 0 0 0 0 0]
[815820607675225857032920008157901408676112382236939189186408864497284670484428 0 0 0 0 0 0 0 0 0 0 0 0 0 0 0 0 1 0 0 0 0 0 0 0 0]
[449111591535358714223580526187715786770964371008850251504957421149408626087273 0 0 0 0 0 0 0 0 0 0 0 0 0 0 0 0 0 1 0 0 0 0 0 0 0]
[1055559308936386100553404487756721624531282911540737297661728296680953605281026 0 0 0 0 0 0 0 0 0 0 0 0 0 0 0 0 0 0 1 0 0 0 0 0 0]
[1615735974198175955155076705317423195925466288229869647620637260903377328412616 0 0 0 0 0 0 0 0 0 0 0 0 0 0 0 0 0 0 0 1 0 0 0 0 0]
[1354781894268619747002808787800810791944911618923264889458243470061578107739116 0 0 0 0 0 0 0 0 0 0 0 0 0 0 0 0 0 0 0 0 1 0 0 0 0]
[877186198482662495472465640832568876131305487363604110048452440861832643488799 0 0 0 0 0 0 0 0 0 0 0 0 0 0 0 0 0 0 0 0 0 1 0 0 0]
[1420884251286012359208069225708542256130617229952399851944095784271689828941619 0 0 0 0 0 0 0 0 0 0 0 0 0 0 0 0 0 0 0 0 0 0 1 0 0]
[1213488273415278562475248651742104539025138031084145280223082304390563320144171 0 0 0 0 0 0 0 0 0 0 0 0 0 0 0 0 0 0 0 0 0 0 0 1 0]
[614557194954131379324519685284557771046128067149861252866036247041609505127569 0 0 0 0 0 0 0 0 0 0 0 0 0 0 0 0 0 0 0 0 0 0 0 0 1]
]
