[[1149631896573017627078213656926283166070829532062603472799518111767415466252203 0 0 0 0 0 0 0 0 0 0 0 0 0 0 0 0 0 0 0 0 0 0 0 0 0]
[1112212007966151820092721039517750615993683590210142808739126148419918711603804 1 0 0 0 0 0 0 0 0 0 0 0 0 0 0 0 0 0 0 0 0 0 0 0 0]
[619994458017820231481536819576366911158553300325480829659792845691578613469955 0 1 0 0 0 0 0 0 0 0 0 0 0 0 0 0 0 0 0 0 0 0 0 0 0]
[358723135130143557026943697745805075973442125348013904762382443218090309328509 0 0 1 0 0 0 0 0 0 0 0 0 0 0 0 0 0 0 0 0 0 0 0 0 0]
[854818096747740832967531373029157038332756262310436200004370677037863406980436 0 0 0 1 0 0 0 0 0 0 0 0 0 0 0 0 0 0 0 0 0 0 0 0 0]
[890790672237048880083965337040956926495318506995036006554793081319778481831916 0 0 0 0 1 0 0 0 0 0 0 0 0 0 0 0 0 0 0 0 0 0 0 0 0]
[385814188302581293950513057733110012583558432887287622380957214884498780767971 0 0 0 0 0 1 0 0 0 0 0 0 0 0 0 0 0 0 0 0 0 0 0 0 0]
[225822964422112083281749472319966794045095874221137083678707980746090648447012 0 0 0 0 0 0 1 0 0 0 0 0 0 0 0 0 0 0 0 0 0 0 0 0 0]
[735182849705872081988674412477187466982638031644873878680994989935823708013758 0 0 0 0 0 0 0 1 0 0 0 0 0 0 0 0 0 0 0 0 0 0 0 0 0]
[609361095869494460155427910192748600635541256800712804247542357646345712844886 0 0 0 0 0 0 0 0 1 0 0 0 0 0 0 0 0 0 0 0 0 0 0 0 0]
[583299994914096573088030780896383545696600286610885548750646623636355471678976 0 0 0 0 0 0 0 0 0 1 0 0 0 0 0 0 0 0 0 0 0 0 0 0 0]
[1071874131573232817211356957112965188659848234043635113792445364860351756454282 0 0 0 0 0 0 0 0 0 0 1 0 0 0 0 0 0 0 0 0 0 0 0 0 0]
[521499100805575432863633271996384202165604614959249833739121108705413953510324 0 0 0 0 0 0 0 0 0 0 0 1 0 0 0 0 0 0 0 0 0 0 0 0 0]
[643636566991339700807645211991120791224876773112258118353828226409461454126480 0 0 0 0 0 0 0 0 0 0 0 0 1 0 0 0 0 0 0 0 0 0 0 0 0]
[527015310028926644982410232527612490176944256719574796410035988358739378365637 0 0 0 0 0 0 0 0 0 0 0 0 0 1 0 0 0 0 0 0 0 0 0 0 0]
[1102149163538943795871011817568895865710260119330028853645867859779692782809745 0 0 0 0 0 0 0 0 0 0 0 0 0 0 1 0 0 0 0 0 0 0 0 0 0]
[296753872359158015056008588249899474278951972309028750880766845080320605312051 0 0 0 0 0 0 0 0 0 0 0 0 0 0 0 1 0 0 0 0 0 0 0 0 0]
[513082316171918604084031014516168031155737047673035577648537755952032981372377 0 0 0 0 0 0 0 0 0 0 0 0 0 0 0 0 1 0 0 0 0 0 0 0 0]
[410827073425647617281388270048073562406143419294399235454007216757987876434275 0 0 0 0 0 0 0 0 0 0 0 0 0 0 0 0 0 1 0 0 0 0 0 0 0]
[820435247788414465687358530832312467786182627205719779967523700984332136818158 0 0 0 0 0 0 0 0 0 0 0 0 0 0 0 0 0 0 1 0 0 0 0 0 0]
[284849605563534265953156512130778507849628562366286281240280636535552248934286 0 0 0 0 0 0 0 0 0 0 0 0 0 0 0 0 0 0 0 1 0 0 0 0 0]
[933160569822742081020693549248055343057445041094862221071224308321163687161041 0 0 0 0 0 0 0 0 0 0 0 0 0 0 0 0 0 0 0 0 1 0 0 0 0]
[248729736524318504324820618051152045118438174097756555816810078386573567639566 0 0 0 0 0 0 0 0 0 0 0 0 0 0 0 0 0 0 0 0 0 1 0 0 0]
[429904823060672950719926043111052634811121948620431936812344756927503589329967 0 0 0 0 0 0 0 0 0 0 0 0 0 0 0 0 0 0 0 0 0 0 1 0 0]
[679556949493089943959608002884975091339730678026784961120650434055236987795736 0 0 0 0 0 0 0 0 0 0 0 0 0 0 0 0 0 0 0 0 0 0 0 1 0]
[582075838978457397533949283066102503353667651359326800127793452257615460247493 0 0 0 0 0 0 0 0 0 0 0 0 0 0 0 0 0 0 0 0 0 0 0 0 1]
]
