[[1329119494385010341900955670550959579308112661625907187620907894474781070469153 0 0 0 0 0 0 0 0 0 0 0 0 0 0 0 0 0 0 0 0 0 0 0 0 0]
[226433998490089666828872381521937452476049981437974064515111295461255204450267 1 0 0 0 0 0 0 0 0 0 0 0 0 0 0 0 0 0 0 0 0 0 0 0 0]
[2223538224681835857657014692419102455069098490255283603114142122812917579021 0 1 0 0 0 0 0 0 0 0 0 0 0 0 0 0 0 0 0 0 0 0 0 0 0]
[1178786672028207763294963067279590104708238567292881442040453712013472289407828 0 0 1 0 0 0 0 0 0 0 0 0 0 0 0 0 0 0 0 0 0 0 0 0 0]
[591723747837816104361390777979524130636892499496488917125945359692840784997546 0 0 0 1 0 0 0 0 0 0 0 0 0 0 0 0 0 0 0 0 0 0 0 0 0]
[141707219912744279382278827204070974810348858082260126674782647569884424992156 0 0 0 0 1 0 0 0 0 0 0 0 0 0 0 0 0 0 0 0 0 0 0 0 0]
[894494997871908323624418855912355996775782806527011970591586249251213147053021 0 0 0 0 0 1 0 0 0 0 0 0 0 0 0 0 0 0 0 0 0 0 0 0 0]
[1245045718438532603780623681824108815588759764908238703626597459636578098299062 0 0 0 0 0 0 1 0 0 0 0 0 0 0 0 0 0 0 0 0 0 0 0 0 0]
[1103707802792343836222756689286669171268595530358048276144200408308567095381354 0 0 0 0 0 0 0 1 0 0 0 0 0 0 0 0 0 0 0 0 0 0 0 0 0]
[180252990786898041361439156181420638952800200332677619799102911506242266410092 0 0 0 0 0 0 0 0 1 0 0 0 0 0 0 0 0 0 0 0 0 0 0 0 0]
[792067031460324609670734832903057627518318583849974765085057885443633466597308 0 0 0 0 0 0 0 0 0 1 0 0 0 0 0 0 0 0 0 0 0 0 0 0 0]
[1094602573282791204179276189200049676252406857519157806154504964687525955139434 0 0 0 0 0 0 0 0 0 0 1 0 0 0 0 0 0 0 0 0 0 0 0 0 0]
[1050729866074508263025295796637625881125986825654808358519022281835332471191236 0 0 0 0 0 0 0 0 0 0 0 1 0 0 0 0 0 0 0 0 0 0 0 0 0]
[760578962113607062947045591956099035110333691708429119831379154992941096855585 0 0 0 0 0 0 0 0 0 0 0 0 1 0 0 0 0 0 0 0 0 0 0 0 0]
[445789521803249611227320667855022520968816690604596313808457729714160304698607 0 0 0 0 0 0 0 0 0 0 0 0 0 1 0 0 0 0 0 0 0 0 0 0 0]
[1185275782987150026328228918805666693031919421608679133465713111765182411670232 0 0 0 0 0 0 0 0 0 0 0 0 0 0 1 0 0 0 0 0 0 0 0 0 0]
[206970374841075565935678528797731675218538195568265622127972634022277450662040 0 0 0 0 0 0 0 0 0 0 0 0 0 0 0 1 0 0 0 0 0 0 0 0 0]
[1300759478347411463503423602424435476501005701402569548547554594730645318183586 0 0 0 0 0 0 0 0 0 0 0 0 0 0 0 0 1 0 0 0 0 0 0 0 0]
[1146325024970857592385586751197951284114402553462700746459850803761213320162969 0 0 0 0 0 0 0 0 0 0 0 0 0 0 0 0 0 1 0 0 0 0 0 0 0]
[1159053919541482483685214848600566532564171939874104680042011502971539711747504 0 0 0 0 0 0 0 0 0 0 0 0 0 0 0 0 0 0 1 0 0 0 0 0 0]
[589561634278261502255903186824684386737727166419869676028841378477674453662049 0 0 0 0 0 0 0 0 0 0 0 0 0 0 0 0 0 0 0 1 0 0 0 0 0]
[195065180173443278480751949645086150537551610684756968425455641183342312139491 0 0 0 0 0 0 0 0 0 0 0 0 0 0 0 0 0 0 0 0 1 0 0 0 0]
[407300770094507897327593797396264644112545171615429212694898198817000078930055 0 0 0 0 0 0 0 0 0 0 0 0 0 0 0 0 0 0 0 0 0 1 0 0 0]
[991746537914584496208002116055739242748347237973065257749247284735233857677832 0 0 0 0 0 0 0 0 0 0 0 0 0 0 0 0 0 0 0 0 0 0 1 0 0]
[1289926825560380708990015131256420349720985318260350148390332053032903772843194 0 0 0 0 0 0 0 0 0 0 0 0 0 0 0 0 0 0 0 0 0 0 0 1 0]
[71465323776453873378408334731268217079551588614485485513858726644899008428391 0 0 0 0 0 0 0 0 0 0 0 0 0 0 0 0 0 0 0 0 0 0 0 0 1]
]
