[[1480688960367861059880571199584706501299733892919299920911674072772455655935847 0 0 0 0 0 0 0 0 0 0 0 0 0 0 0 0 0 0 0 0 0 0 0 0 0]
[250716713790055586256124246469217910324025197174030236308718819275566420886614 1 0 0 0 0 0 0 0 0 0 0 0 0 0 0 0 0 0 0 0 0 0 0 0 0]
[753174481564545411185218625519984114030056297666928733461828949779349746614439 0 1 0 0 0 0 0 0 0 0 0 0 0 0 0 0 0 0 0 0 0 0 0 0 0]
[267962288357399352849920688083201166602055759130644148108890276755331121943525 0 0 1 0 0 0 0 0 0 0 0 0 0 0 0 0 0 0 0 0 0 0 0 0 0]
[853290194989561446846209752258368620590264979064547981645815548991481072584684 0 0 0 1 0 0 0 0 0 0 0 0 0 0 0 0 0 0 0 0 0 0 0 0 0]
[764003029814317000728068328460847115599458223417350135718626643476536693189327 0 0 0 0 1 0 0 0 0 0 0 0 0 0 0 0 0 0 0 0 0 0 0 0 0]
[369035098966484942569135419873585626739518881303237844428117023063986020390118 0 0 0 0 0 1 0 0 0 0 0 0 0 0 0 0 0 0 0 0 0 0 0 0 0]
[1244089803709114752341366703770009781868001415347587405906007170122094349903440 0 0 0 0 0 0 1 0 0 0 0 0 0 0 0 0 0 0 0 0 0 0 0 0 0]
[1256535371611018469137765815807184276660603212555592355788648541552621088253176 0 0 0 0 0 0 0 1 0 0 0 0 0 0 0 0 0 0 0 0 0 0 0 0 0]
[181459123155450912632755796099286179148257566075130956465758877157915101542699 0 0 0 0 0 0 0 0 1 0 0 0 0 0 0 0 0 0 0 0 0 0 0 0 0]
[1052648655751096418554724747512600213807372510806754769791065614360223670820537 0 0 0 0 0 0 0 0 0 1 0 0 0 0 0 0 0 0 0 0 0 0 0 0 0]
[1367578030496971272086274063388439847616601704474413589031729709933917285054919 0 0 0 0 0 0 0 0 0 0 1 0 0 0 0 0 0 0 0 0 0 0 0 0 0]
[6234450669005462686419990238452747587995715148603409739571963681187624957042 0 0 0 0 0 0 0 0 0 0 0 1 0 0 0 0 0 0 0 0 0 0 0 0 0]
[680411640216628419501230590615922584206177679165924793732292316177651091053164 0 0 0 0 0 0 0 0 0 0 0 0 1 0 0 0 0 0 0 0 0 0 0 0 0]
[766022265082797760687000528123684620086203580115757767550110140509358882100023 0 0 0 0 0 0 0 0 0 0 0 0 0 1 0 0 0 0 0 0 0 0 0 0 0]
[376908287935829785048972683322125856051492834470922214004057918918233745032814 0 0 0 0 0 0 0 0 0 0 0 0 0 0 1 0 0 0 0 0 0 0 0 0 0]
[173056070186320574837047444196543856895774008106829941085062864581933222672711 0 0 0 0 0 0 0 0 0 0 0 0 0 0 0 1 0 0 0 0 0 0 0 0 0]
[763877554422110642326918265485690225978408114116871054423510279817233024817520 0 0 0 0 0 0 0 0 0 0 0 0 0 0 0 0 1 0 0 0 0 0 0 0 0]
[1031053677297496932935420283105998793012924783545160984743056736105661617983480 0 0 0 0 0 0 0 0 0 0 0 0 0 0 0 0 0 1 0 0 0 0 0 0 0]
[691891636413372200368005035114383280905250567028512995352123000757929204108638 0 0 0 0 0 0 0 0 0 0 0 0 0 0 0 0 0 0 1 0 0 0 0 0 0]
[1438371056562935352716817056141627198925895044539325158420841015806034478235178 0 0 0 0 0 0 0 0 0 0 0 0 0 0 0 0 0 0 0 1 0 0 0 0 0]
[1464767661180026749539110803598404965365708251415174581890349689618001040697037 0 0 0 0 0 0 0 0 0 0 0 0 0 0 0 0 0 0 0 0 1 0 0 0 0]
[449500942274416687861211100955600765118784338665612138559462549524641202981308 0 0 0 0 0 0 0 0 0 0 0 0 0 0 0 0 0 0 0 0 0 1 0 0 0]
[1215590282138221028240189543827675400251090181071206640021111837523260369506711 0 0 0 0 0 0 0 0 0 0 0 0 0 0 0 0 0 0 0 0 0 0 1 0 0]
[565535596243238039431088099496841529157893982636094294026695602038255906596033 0 0 0 0 0 0 0 0 0 0 0 0 0 0 0 0 0 0 0 0 0 0 0 1 0]
[769160225576661953641852402185111720290786596508176444386094404472496728176483 0 0 0 0 0 0 0 0 0 0 0 0 0 0 0 0 0 0 0 0 0 0 0 0 1]
]
