[[1828665702613712003705652807339968550511524408131192297903469578565303100420679 0 0 0 0 0 0 0 0 0 0 0 0 0 0 0 0 0 0 0 0 0 0 0 0 0]
[405088757532030554547600513267476353024356819221852434922420263201663616691331 1 0 0 0 0 0 0 0 0 0 0 0 0 0 0 0 0 0 0 0 0 0 0 0 0]
[1241813836351587749597201832259875532117186191893126999063496320427649866661528 0 1 0 0 0 0 0 0 0 0 0 0 0 0 0 0 0 0 0 0 0 0 0 0 0]
[499321503452457624983025448869342236617799649816787292692417892904333730025987 0 0 1 0 0 0 0 0 0 0 0 0 0 0 0 0 0 0 0 0 0 0 0 0 0]
[75208633272112749779944152536150040466107830984758830265849097313506605958726 0 0 0 1 0 0 0 0 0 0 0 0 0 0 0 0 0 0 0 0 0 0 0 0 0]
[338606526172296817313254007017207989812984652669752389209262357874600811737164 0 0 0 0 1 0 0 0 0 0 0 0 0 0 0 0 0 0 0 0 0 0 0 0 0]
[1073567423438146492375337746406032772433963500681872505097803698455314037560864 0 0 0 0 0 1 0 0 0 0 0 0 0 0 0 0 0 0 0 0 0 0 0 0 0]
[970237617597343040559616902557744936772279683158869921358555445718335841787088 0 0 0 0 0 0 1 0 0 0 0 0 0 0 0 0 0 0 0 0 0 0 0 0 0]
[155128414642806957068635431789175912023447457530628617936259467853236096678793 0 0 0 0 0 0 0 1 0 0 0 0 0 0 0 0 0 0 0 0 0 0 0 0 0]
[800937443800214675078536504014302058532309621081640393654629836373382764589988 0 0 0 0 0 0 0 0 1 0 0 0 0 0 0 0 0 0 0 0 0 0 0 0 0]
[737381432241062318825029970824700621579978856640590292523942961667567723905605 0 0 0 0 0 0 0 0 0 1 0 0 0 0 0 0 0 0 0 0 0 0 0 0 0]
[252250625276499545347154139193512369654261966675035562732145596769339912869276 0 0 0 0 0 0 0 0 0 0 1 0 0 0 0 0 0 0 0 0 0 0 0 0 0]
[1551545275871245688098779282987314819120456674373315425461436935046273206168951 0 0 0 0 0 0 0 0 0 0 0 1 0 0 0 0 0 0 0 0 0 0 0 0 0]
[1782284555312756545349056012768117540276402052609124636443871062079228465870149 0 0 0 0 0 0 0 0 0 0 0 0 1 0 0 0 0 0 0 0 0 0 0 0 0]
[988573940871731682796592575710508772444444517258388534112383242678946525880085 0 0 0 0 0 0 0 0 0 0 0 0 0 1 0 0 0 0 0 0 0 0 0 0 0]
[1794419633686751450027668588159898996513596586211207497687550838811242838682864 0 0 0 0 0 0 0 0 0 0 0 0 0 0 1 0 0 0 0 0 0 0 0 0 0]
[1709174210942336238501299926856406525203757979133035244609536182078127011115783 0 0 0 0 0 0 0 0 0 0 0 0 0 0 0 1 0 0 0 0 0 0 0 0 0]
[1093215003154708340220145448468758071413951601197671061575195911454351748859901 0 0 0 0 0 0 0 0 0 0 0 0 0 0 0 0 1 0 0 0 0 0 0 0 0]
[1791839749740165943668055973852528632344033229677776086469019275313497644315814 0 0 0 0 0 0 0 0 0 0 0 0 0 0 0 0 0 1 0 0 0 0 0 0 0]
[1054139799615432364464493200955216322614382216655195344870420591822035814690343 0 0 0 0 0 0 0 0 0 0 0 0 0 0 0 0 0 0 1 0 0 0 0 0 0]
[517335993093347014255211209209520936018549792880765982786335163057683204029362 0 0 0 0 0 0 0 0 0 0 0 0 0 0 0 0 0 0 0 1 0 0 0 0 0]
[511391921794427336375005509943349560641196236612602516637534047882290780144763 0 0 0 0 0 0 0 0 0 0 0 0 0 0 0 0 0 0 0 0 1 0 0 0 0]
[136528509942347419364268194750664574180051216437959374718886987198144137273256 0 0 0 0 0 0 0 0 0 0 0 0 0 0 0 0 0 0 0 0 0 1 0 0 0]
[1019404502776386786261952900563612022694895462798985928210906696903920072192076 0 0 0 0 0 0 0 0 0 0 0 0 0 0 0 0 0 0 0 0 0 0 1 0 0]
[51570547022869595467238131562617309090403973732922384020498743926192565919292 0 0 0 0 0 0 0 0 0 0 0 0 0 0 0 0 0 0 0 0 0 0 0 1 0]
[1735481489971865446832263338169115411280200865749777993478682594016069205472797 0 0 0 0 0 0 0 0 0 0 0 0 0 0 0 0 0 0 0 0 0 0 0 0 1]
]
