[[1391483682583312773484373687518015186588761683164269698016205784387555811828451 0 0 0 0 0 0 0 0 0 0 0 0 0 0 0 0 0 0 0 0 0 0 0 0 0]
[1295754513711573455445425502052336292533036811413054728702089207903471924770222 1 0 0 0 0 0 0 0 0 0 0 0 0 0 0 0 0 0 0 0 0 0 0 0 0]
[1355746165553303092902459596326313242812082398067798597293931363276328394415417 0 1 0 0 0 0 0 0 0 0 0 0 0 0 0 0 0 0 0 0 0 0 0 0 0]
[1037340192407847586096311484804236862610832487689260692133216318438549805066079 0 0 1 0 0 0 0 0 0 0 0 0 0 0 0 0 0 0 0 0 0 0 0 0 0]
[235855817907522191772209238384137093440706444434936392435269270184780577414554 0 0 0 1 0 0 0 0 0 0 0 0 0 0 0 0 0 0 0 0 0 0 0 0 0]
[821051666214166591071223625245420528097778537604911277878200035373056113576584 0 0 0 0 1 0 0 0 0 0 0 0 0 0 0 0 0 0 0 0 0 0 0 0 0]
[219120655782674296057838075878642016148033480994193253781548990340671158974721 0 0 0 0 0 1 0 0 0 0 0 0 0 0 0 0 0 0 0 0 0 0 0 0 0]
[3393028387437630178212664541137856337383754033784862089446938188850624641524 0 0 0 0 0 0 1 0 0 0 0 0 0 0 0 0 0 0 0 0 0 0 0 0 0]
[298362622379789607197060874285525304593745984727105473662032540805257516145658 0 0 0 0 0 0 0 1 0 0 0 0 0 0 0 0 0 0 0 0 0 0 0 0 0]
[582050505140031432826839555699069189345451056756530192437371097466406930320565 0 0 0 0 0 0 0 0 1 0 0 0 0 0 0 0 0 0 0 0 0 0 0 0 0]
[122445681599092658033147152287984162256759957201358364522037314322175718144768 0 0 0 0 0 0 0 0 0 1 0 0 0 0 0 0 0 0 0 0 0 0 0 0 0]
[307826905439798656944111664865394068532214862785354633744353468722059335120744 0 0 0 0 0 0 0 0 0 0 1 0 0 0 0 0 0 0 0 0 0 0 0 0 0]
[980318150438635433855727684921847717843203314123633426098799389685091998491310 0 0 0 0 0 0 0 0 0 0 0 1 0 0 0 0 0 0 0 0 0 0 0 0 0]
[730117224949755950978804292862474418063442495182229021130781218876454800728350 0 0 0 0 0 0 0 0 0 0 0 0 1 0 0 0 0 0 0 0 0 0 0 0 0]
[1308969400427466221699524972178767895408482243743512840049927293729213337904181 0 0 0 0 0 0 0 0 0 0 0 0 0 1 0 0 0 0 0 0 0 0 0 0 0]
[525943337374760808202116609671265500620055745482004690644007897607846319987103 0 0 0 0 0 0 0 0 0 0 0 0 0 0 1 0 0 0 0 0 0 0 0 0 0]
[473899020082073576298686253168331213317397405668680123760918780560658882725585 0 0 0 0 0 0 0 0 0 0 0 0 0 0 0 1 0 0 0 0 0 0 0 0 0]
[720740713685677904428782029436893966546632438000613386065309966622223092181757 0 0 0 0 0 0 0 0 0 0 0 0 0 0 0 0 1 0 0 0 0 0 0 0 0]
[773319087774826749956062414223439860116956347658258067656144066021382262550916 0 0 0 0 0 0 0 0 0 0 0 0 0 0 0 0 0 1 0 0 0 0 0 0 0]
[618778092972319492885929238108543615494987261315776528142914498520681523854143 0 0 0 0 0 0 0 0 0 0 0 0 0 0 0 0 0 0 1 0 0 0 0 0 0]
[1129462590386972659769491755851116853591977067898228868636761212268681819967854 0 0 0 0 0 0 0 0 0 0 0 0 0 0 0 0 0 0 0 1 0 0 0 0 0]
[1198632811590742963699803643358059445857847847222928410934363959370187112827364 0 0 0 0 0 0 0 0 0 0 0 0 0 0 0 0 0 0 0 0 1 0 0 0 0]
[641784788355717358506644235147009837180231263226889296897437195077312408204165 0 0 0 0 0 0 0 0 0 0 0 0 0 0 0 0 0 0 0 0 0 1 0 0 0]
[1201393372612696417526997307180993154462675650716348924546244711911762850190238 0 0 0 0 0 0 0 0 0 0 0 0 0 0 0 0 0 0 0 0 0 0 1 0 0]
[65689606698970002847215642191009115454455041085077966630397699515011781545680 0 0 0 0 0 0 0 0 0 0 0 0 0 0 0 0 0 0 0 0 0 0 0 1 0]
[665715875332533419646019041030303089986194932054420746042401229121827850099025 0 0 0 0 0 0 0 0 0 0 0 0 0 0 0 0 0 0 0 0 0 0 0 0 1]
]
