[[1714092848833627680162893824177927522737572977712253734162316317751049663963283 0 0 0 0 0 0 0 0 0 0 0 0 0 0 0 0 0 0 0 0 0 0 0 0 0]
[545202620192984687286002175945170250018441976317667655184899321450081879953825 1 0 0 0 0 0 0 0 0 0 0 0 0 0 0 0 0 0 0 0 0 0 0 0 0]
[1587589327767975321223803390287391879105066653737786992255811272291841899344413 0 1 0 0 0 0 0 0 0 0 0 0 0 0 0 0 0 0 0 0 0 0 0 0 0]
[432267150706916008583569159373777570943162309250801895129351363880771528959773 0 0 1 0 0 0 0 0 0 0 0 0 0 0 0 0 0 0 0 0 0 0 0 0 0]
[1690815365950633617504720863290007515850842664003809250708848652188327732324561 0 0 0 1 0 0 0 0 0 0 0 0 0 0 0 0 0 0 0 0 0 0 0 0 0]
[1540688748340970606114511002471116914739781100830311572034284584042338204590844 0 0 0 0 1 0 0 0 0 0 0 0 0 0 0 0 0 0 0 0 0 0 0 0 0]
[100989750942698598093115824170673567336325220398220537289782786708962924632734 0 0 0 0 0 1 0 0 0 0 0 0 0 0 0 0 0 0 0 0 0 0 0 0 0]
[1357100917286550624377959659793406307396072326691157717282679230566869222497614 0 0 0 0 0 0 1 0 0 0 0 0 0 0 0 0 0 0 0 0 0 0 0 0 0]
[1201971215574567892149914759357188864888987937827293923965862163707680830821749 0 0 0 0 0 0 0 1 0 0 0 0 0 0 0 0 0 0 0 0 0 0 0 0 0]
[1569832333097657620413765949881820899328615012112068014122694486903088452832913 0 0 0 0 0 0 0 0 1 0 0 0 0 0 0 0 0 0 0 0 0 0 0 0 0]
[1460764506353765939532739561160783240459507441236259640163285719737552175124694 0 0 0 0 0 0 0 0 0 1 0 0 0 0 0 0 0 0 0 0 0 0 0 0 0]
[17260571896972771490519401303379135078389994150774246299656931875962110074984 0 0 0 0 0 0 0 0 0 0 1 0 0 0 0 0 0 0 0 0 0 0 0 0 0]
[763023246165613776813763630180055275236299413851161735438646645854540336881806 0 0 0 0 0 0 0 0 0 0 0 1 0 0 0 0 0 0 0 0 0 0 0 0 0]
[142719958130715842981824131248698168007693512750480493451439651235208111336705 0 0 0 0 0 0 0 0 0 0 0 0 1 0 0 0 0 0 0 0 0 0 0 0 0]
[123397346264829423730801180440796342939223655479291573753546444063692270078270 0 0 0 0 0 0 0 0 0 0 0 0 0 1 0 0 0 0 0 0 0 0 0 0 0]
[507281508409176048567878381794596726833461573134581861241059966403108813804967 0 0 0 0 0 0 0 0 0 0 0 0 0 0 1 0 0 0 0 0 0 0 0 0 0]
[226806881534688960424181206315460969106566043789570054208998857377962036473140 0 0 0 0 0 0 0 0 0 0 0 0 0 0 0 1 0 0 0 0 0 0 0 0 0]
[1442851092290515108228333841183273126531613817753477419170190461581373475435201 0 0 0 0 0 0 0 0 0 0 0 0 0 0 0 0 1 0 0 0 0 0 0 0 0]
[985420848038611138862886786082180481351636326920190741528178352584010576400636 0 0 0 0 0 0 0 0 0 0 0 0 0 0 0 0 0 1 0 0 0 0 0 0 0]
[419714399610488528505840683257125164490197025353535968294563319088303273911104 0 0 0 0 0 0 0 0 0 0 0 0 0 0 0 0 0 0 1 0 0 0 0 0 0]
[1254317016914153783769014836961495041454811800396662753343159073205630021904782 0 0 0 0 0 0 0 0 0 0 0 0 0 0 0 0 0 0 0 1 0 0 0 0 0]
[457809583462726991905600486996510054204094825404542726521635396356816462349856 0 0 0 0 0 0 0 0 0 0 0 0 0 0 0 0 0 0 0 0 1 0 0 0 0]
[1395538580541916661739491154640492547930898074813098697609221995319904495453870 0 0 0 0 0 0 0 0 0 0 0 0 0 0 0 0 0 0 0 0 0 1 0 0 0]
[10961437666822782371075201261557974318384819939735361735880844079427315169958 0 0 0 0 0 0 0 0 0 0 0 0 0 0 0 0 0 0 0 0 0 0 1 0 0]
[1229881492104026147861506343619097174375136309209972711045394739884916358653577 0 0 0 0 0 0 0 0 0 0 0 0 0 0 0 0 0 0 0 0 0 0 0 1 0]
[1080204160289851892266994202572050366255836224691413018092541532574281325614044 0 0 0 0 0 0 0 0 0 0 0 0 0 0 0 0 0 0 0 0 0 0 0 0 1]
]
