[[967770131354947743784272892431121794812642751518547443744645814203616040621801 0 0 0 0 0 0 0 0 0 0 0 0 0 0 0 0 0 0 0 0 0 0 0 0 0]
[533322757218674478387937879760347695912771701834243980985297413058115970700228 1 0 0 0 0 0 0 0 0 0 0 0 0 0 0 0 0 0 0 0 0 0 0 0 0]
[888517175253225681418625971263972587121444123354334530613367527909916039487692 0 1 0 0 0 0 0 0 0 0 0 0 0 0 0 0 0 0 0 0 0 0 0 0 0]
[542707085517808893609231640122572426429698880045768579399531196091696672502895 0 0 1 0 0 0 0 0 0 0 0 0 0 0 0 0 0 0 0 0 0 0 0 0 0]
[622195781255677273622913351512333123063395102991140258317751618449733953076991 0 0 0 1 0 0 0 0 0 0 0 0 0 0 0 0 0 0 0 0 0 0 0 0 0]
[415871010950955648605070439664875454895591970469013691524038885071777068810211 0 0 0 0 1 0 0 0 0 0 0 0 0 0 0 0 0 0 0 0 0 0 0 0 0]
[634059098710247704604844254371554091890068127664774371091163639102969209746209 0 0 0 0 0 1 0 0 0 0 0 0 0 0 0 0 0 0 0 0 0 0 0 0 0]
[227110307095442895519615610256362937251761366555338616167459008722302747143426 0 0 0 0 0 0 1 0 0 0 0 0 0 0 0 0 0 0 0 0 0 0 0 0 0]
[923745852077463045956973825168144249666538392681631638950631784883969744076168 0 0 0 0 0 0 0 1 0 0 0 0 0 0 0 0 0 0 0 0 0 0 0 0 0]
[38839248405131901966551987810393552594656730241862455187903341562414657025227 0 0 0 0 0 0 0 0 1 0 0 0 0 0 0 0 0 0 0 0 0 0 0 0 0]
[868664199881206373923132235694614821480133601211880070320677729855144224137094 0 0 0 0 0 0 0 0 0 1 0 0 0 0 0 0 0 0 0 0 0 0 0 0 0]
[826532792007524512226685017691689817465956062982474235097539676770705771775044 0 0 0 0 0 0 0 0 0 0 1 0 0 0 0 0 0 0 0 0 0 0 0 0 0]
[542691508055188307357177456910785296288101657212030027920106317927905721142957 0 0 0 0 0 0 0 0 0 0 0 1 0 0 0 0 0 0 0 0 0 0 0 0 0]
[471200625285218106623932845057402490028514067981167644787411589740208761701882 0 0 0 0 0 0 0 0 0 0 0 0 1 0 0 0 0 0 0 0 0 0 0 0 0]
[801617602001110036005007073923650645860892302567542588784487462228870937397914 0 0 0 0 0 0 0 0 0 0 0 0 0 1 0 0 0 0 0 0 0 0 0 0 0]
[592721026980447365989663882128128559611946922997322850590203428782635834362482 0 0 0 0 0 0 0 0 0 0 0 0 0 0 1 0 0 0 0 0 0 0 0 0 0]
[824265695632131412373866835717430630173328643937672785447753972905238168643097 0 0 0 0 0 0 0 0 0 0 0 0 0 0 0 1 0 0 0 0 0 0 0 0 0]
[475111492084158801166315075381916105255540100767006067009587405084651464863175 0 0 0 0 0 0 0 0 0 0 0 0 0 0 0 0 1 0 0 0 0 0 0 0 0]
[9376722108117211189161033191175923042808485022837786522688228555662698910265 0 0 0 0 0 0 0 0 0 0 0 0 0 0 0 0 0 1 0 0 0 0 0 0 0]
[14667464702836061855911270473706290399539573814957618180119962442614775509069 0 0 0 0 0 0 0 0 0 0 0 0 0 0 0 0 0 0 1 0 0 0 0 0 0]
[584699192300491366020659335179802194777768902948266089149018591447357916459261 0 0 0 0 0 0 0 0 0 0 0 0 0 0 0 0 0 0 0 1 0 0 0 0 0]
[92682552493089130485958608043183131203193282520329704392570337721499570779719 0 0 0 0 0 0 0 0 0 0 0 0 0 0 0 0 0 0 0 0 1 0 0 0 0]
[323588445931423898076023595497283446357955658891972953344888959646806923986385 0 0 0 0 0 0 0 0 0 0 0 0 0 0 0 0 0 0 0 0 0 1 0 0 0]
[501715607643342505567791791240352462868037282025521803723842671490644821792178 0 0 0 0 0 0 0 0 0 0 0 0 0 0 0 0 0 0 0 0 0 0 1 0 0]
[902059600878137108372414758647720960829566082501599186016976488152255833419462 0 0 0 0 0 0 0 0 0 0 0 0 0 0 0 0 0 0 0 0 0 0 0 1 0]
[467123667711196979530545806487678423784073807802725975777243934972133997025792 0 0 0 0 0 0 0 0 0 0 0 0 0 0 0 0 0 0 0 0 0 0 0 0 1]
]
