[[1031647674170592534639275206544241266556966258432821102887063289873142691590031 0 0 0 0 0 0 0 0 0 0 0 0 0 0 0 0 0 0 0 0 0 0 0 0 0]
[188071121841685351950218518191650317372850363674407596706583966200421386294945 1 0 0 0 0 0 0 0 0 0 0 0 0 0 0 0 0 0 0 0 0 0 0 0 0]
[497446934742697110872612285411114097028015980882972761411933504902318424773716 0 1 0 0 0 0 0 0 0 0 0 0 0 0 0 0 0 0 0 0 0 0 0 0 0]
[261601992240232712520382336459338594417275666533541457727862423861610951844786 0 0 1 0 0 0 0 0 0 0 0 0 0 0 0 0 0 0 0 0 0 0 0 0 0]
[541021051951114661023495030722262801387203723041938745989427575755358787515035 0 0 0 1 0 0 0 0 0 0 0 0 0 0 0 0 0 0 0 0 0 0 0 0 0]
[965433009689946961384545160506679756260821474201684503945142229422388709626532 0 0 0 0 1 0 0 0 0 0 0 0 0 0 0 0 0 0 0 0 0 0 0 0 0]
[148001625878541577108665751910597924458008215406000064692142344654778384241099 0 0 0 0 0 1 0 0 0 0 0 0 0 0 0 0 0 0 0 0 0 0 0 0 0]
[340398495080294530395275577529055348393623229638212683254262566428408488480746 0 0 0 0 0 0 1 0 0 0 0 0 0 0 0 0 0 0 0 0 0 0 0 0 0]
[941095904065046351999890139567046365494500021701362494726851084662351255323789 0 0 0 0 0 0 0 1 0 0 0 0 0 0 0 0 0 0 0 0 0 0 0 0 0]
[584858019945708926187204367564737543101870423986266186884136725068561257864668 0 0 0 0 0 0 0 0 1 0 0 0 0 0 0 0 0 0 0 0 0 0 0 0 0]
[656983925268440280001164691651477199420192010045320370740673735280609891522072 0 0 0 0 0 0 0 0 0 1 0 0 0 0 0 0 0 0 0 0 0 0 0 0 0]
[898911980620087628834806503540119357243076607369792141258482453277205466514599 0 0 0 0 0 0 0 0 0 0 1 0 0 0 0 0 0 0 0 0 0 0 0 0 0]
[239103205470934698057139581889989794668028705148124760088091954919319216656272 0 0 0 0 0 0 0 0 0 0 0 1 0 0 0 0 0 0 0 0 0 0 0 0 0]
[154053814070137407963553245016068318525757542793309473995523878187265480724034 0 0 0 0 0 0 0 0 0 0 0 0 1 0 0 0 0 0 0 0 0 0 0 0 0]
[221528620636283992109009319458161424644150301088412759278818071671279692146580 0 0 0 0 0 0 0 0 0 0 0 0 0 1 0 0 0 0 0 0 0 0 0 0 0]
[576248129264486399240996287373129507868468323366876180383323038987719305648854 0 0 0 0 0 0 0 0 0 0 0 0 0 0 1 0 0 0 0 0 0 0 0 0 0]
[1029232985821497724248522472927234934735368445382281842662507363156457523377899 0 0 0 0 0 0 0 0 0 0 0 0 0 0 0 1 0 0 0 0 0 0 0 0 0]
[547255801264268183792063826306564680109281286501144207758201024181158054611096 0 0 0 0 0 0 0 0 0 0 0 0 0 0 0 0 1 0 0 0 0 0 0 0 0]
[281521746492649593039289993488621934833839121460802497640436493240648018703953 0 0 0 0 0 0 0 0 0 0 0 0 0 0 0 0 0 1 0 0 0 0 0 0 0]
[976456397624896777641986279957789187508900532537878043139642191309458605515835 0 0 0 0 0 0 0 0 0 0 0 0 0 0 0 0 0 0 1 0 0 0 0 0 0]
[329565463931728575502183633580445317971974541296362000187030602713419316145570 0 0 0 0 0 0 0 0 0 0 0 0 0 0 0 0 0 0 0 1 0 0 0 0 0]
[593718004937036699342213058810958340231205542702646921205736571072960947542025 0 0 0 0 0 0 0 0 0 0 0 0 0 0 0 0 0 0 0 0 1 0 0 0 0]
[710440789210447633644509481655870202345503484307675143912733414817523978249177 0 0 0 0 0 0 0 0 0 0 0 0 0 0 0 0 0 0 0 0 0 1 0 0 0]
[899976387160310337905578693466034936584552836550408998775608443469670064576484 0 0 0 0 0 0 0 0 0 0 0 0 0 0 0 0 0 0 0 0 0 0 1 0 0]
[172793114167216197156066033612582193735232823581302382721263657092124499014541 0 0 0 0 0 0 0 0 0 0 0 0 0 0 0 0 0 0 0 0 0 0 0 1 0]
[327317607164159252269690973500618521804749849339224231938629808011664903391518 0 0 0 0 0 0 0 0 0 0 0 0 0 0 0 0 0 0 0 0 0 0 0 0 1]
]
