[[1062153710747026749863220837498943296405771196509071936192653748035767555130469 0 0 0 0 0 0 0 0 0 0 0 0 0 0 0 0 0 0 0 0 0 0 0 0 0]
[318666725516045971954216158420336434309695874090584981171259379760570469930739 1 0 0 0 0 0 0 0 0 0 0 0 0 0 0 0 0 0 0 0 0 0 0 0 0]
[795113845671730677768904437575105030025875949627882475778062385146987309346417 0 1 0 0 0 0 0 0 0 0 0 0 0 0 0 0 0 0 0 0 0 0 0 0 0]
[211977416373834128538788282868279806903205277531815878042446310904654249302724 0 0 1 0 0 0 0 0 0 0 0 0 0 0 0 0 0 0 0 0 0 0 0 0 0]
[893142248485832044743632626464397877608420845909925281020743017556211789274711 0 0 0 1 0 0 0 0 0 0 0 0 0 0 0 0 0 0 0 0 0 0 0 0 0]
[661326996742409724984928480091481315625083035492417485552333977078516417812063 0 0 0 0 1 0 0 0 0 0 0 0 0 0 0 0 0 0 0 0 0 0 0 0 0]
[825373038508683170325902614591400476397307768603785242296645191825016378369071 0 0 0 0 0 1 0 0 0 0 0 0 0 0 0 0 0 0 0 0 0 0 0 0 0]
[961962824670481697380272340284271558179979896164546285381231022635578940360806 0 0 0 0 0 0 1 0 0 0 0 0 0 0 0 0 0 0 0 0 0 0 0 0 0]
[353005281885647833064809434217204465198578839638590428123895689300951666531772 0 0 0 0 0 0 0 1 0 0 0 0 0 0 0 0 0 0 0 0 0 0 0 0 0]
[710381462378200964418868256373754690956829774280238220044392615856449543253452 0 0 0 0 0 0 0 0 1 0 0 0 0 0 0 0 0 0 0 0 0 0 0 0 0]
[672458773053409664997851617425537197118376326007115879727744918740180307349704 0 0 0 0 0 0 0 0 0 1 0 0 0 0 0 0 0 0 0 0 0 0 0 0 0]
[544529249910255415354669238169461953289634957905507418715028385800066717189030 0 0 0 0 0 0 0 0 0 0 1 0 0 0 0 0 0 0 0 0 0 0 0 0 0]
[982907708018950811594542315238697742449162059843872781907761175283042885082820 0 0 0 0 0 0 0 0 0 0 0 1 0 0 0 0 0 0 0 0 0 0 0 0 0]
[1041798129441036216329607590451050396105134959880344315470520016048712678063819 0 0 0 0 0 0 0 0 0 0 0 0 1 0 0 0 0 0 0 0 0 0 0 0 0]
[613767334922358891610799842171333577922177388974635826541014120262337451404118 0 0 0 0 0 0 0 0 0 0 0 0 0 1 0 0 0 0 0 0 0 0 0 0 0]
[230905095414192565839956218602449019296832711669462883122505526264043598024891 0 0 0 0 0 0 0 0 0 0 0 0 0 0 1 0 0 0 0 0 0 0 0 0 0]
[652765915958819370889726557567109259557386841402842487123396812251458674555500 0 0 0 0 0 0 0 0 0 0 0 0 0 0 0 1 0 0 0 0 0 0 0 0 0]
[158646263630506251392914676395826593598072942110222357571080799232591757035196 0 0 0 0 0 0 0 0 0 0 0 0 0 0 0 0 1 0 0 0 0 0 0 0 0]
[768276321887675126886264962982376692198437420381047327445900713563313116012547 0 0 0 0 0 0 0 0 0 0 0 0 0 0 0 0 0 1 0 0 0 0 0 0 0]
[376722960744963823675086035256890956492331401655597683969585926880157838992859 0 0 0 0 0 0 0 0 0 0 0 0 0 0 0 0 0 0 1 0 0 0 0 0 0]
[429761950126327733094945115556960192148407841900872792782438047724459704338035 0 0 0 0 0 0 0 0 0 0 0 0 0 0 0 0 0 0 0 1 0 0 0 0 0]
[592471021773761356669030040526480991070552671547936672198221033617991104745655 0 0 0 0 0 0 0 0 0 0 0 0 0 0 0 0 0 0 0 0 1 0 0 0 0]
[966727606953634039901571478033944972853310822712895891575615677109848653407393 0 0 0 0 0 0 0 0 0 0 0 0 0 0 0 0 0 0 0 0 0 1 0 0 0]
[827590917863664258711534637503720664572423581911207445803268246000836985378796 0 0 0 0 0 0 0 0 0 0 0 0 0 0 0 0 0 0 0 0 0 0 1 0 0]
[433112992291884501031623971911396786082484732887518491829843187771055070196035 0 0 0 0 0 0 0 0 0 0 0 0 0 0 0 0 0 0 0 0 0 0 0 1 0]
[186593709481963917940200646793774721747532344766164320786871959642776242081627 0 0 0 0 0 0 0 0 0 0 0 0 0 0 0 0 0 0 0 0 0 0 0 0 1]
]
