[[1668683284984413639545583963444981278169373791687945625584270750035168302926137 0 0 0 0 0 0 0 0 0 0 0 0 0 0 0 0 0 0 0 0 0 0 0 0 0]
[781239984733212627229713778858817347394981403295590472819030919213947164001834 1 0 0 0 0 0 0 0 0 0 0 0 0 0 0 0 0 0 0 0 0 0 0 0 0]
[233497744036122258251952890229141635943283879716917111681214540483094400077444 0 1 0 0 0 0 0 0 0 0 0 0 0 0 0 0 0 0 0 0 0 0 0 0 0]
[1668433413760822007564836795709296168138898968133979694808584508352338022967673 0 0 1 0 0 0 0 0 0 0 0 0 0 0 0 0 0 0 0 0 0 0 0 0 0]
[1011595772818250172128178431475226596749387663731786046188259323411125075034191 0 0 0 1 0 0 0 0 0 0 0 0 0 0 0 0 0 0 0 0 0 0 0 0 0]
[470876177333757555612918163593127955849897712292665915806481104996009263252038 0 0 0 0 1 0 0 0 0 0 0 0 0 0 0 0 0 0 0 0 0 0 0 0 0]
[1106836541869080263735493549814648585502336997881645425659967015735933097467141 0 0 0 0 0 1 0 0 0 0 0 0 0 0 0 0 0 0 0 0 0 0 0 0 0]
[1227319050867757980372151594409448404117952171635361535958494939737380994544843 0 0 0 0 0 0 1 0 0 0 0 0 0 0 0 0 0 0 0 0 0 0 0 0 0]
[1455800795639343720927686527259882528144992781445871684176363942184509217445250 0 0 0 0 0 0 0 1 0 0 0 0 0 0 0 0 0 0 0 0 0 0 0 0 0]
[725951905033145506471301023991053299679694606312428726280251096558322600380984 0 0 0 0 0 0 0 0 1 0 0 0 0 0 0 0 0 0 0 0 0 0 0 0 0]
[1531908747708890033456583563896915095382014001903434753944014819378325577961434 0 0 0 0 0 0 0 0 0 1 0 0 0 0 0 0 0 0 0 0 0 0 0 0 0]
[565276379314160585954643300913110734175944293111435735755863024799191952960178 0 0 0 0 0 0 0 0 0 0 1 0 0 0 0 0 0 0 0 0 0 0 0 0 0]
[583557737394930963073575689197004233244772675798051962394003793212011706695523 0 0 0 0 0 0 0 0 0 0 0 1 0 0 0 0 0 0 0 0 0 0 0 0 0]
[1451755455511126176920245374024662224258257375677274629752012445817413371639065 0 0 0 0 0 0 0 0 0 0 0 0 1 0 0 0 0 0 0 0 0 0 0 0 0]
[1626668841599301445421461023036160938983173283074556559534945745772775111182495 0 0 0 0 0 0 0 0 0 0 0 0 0 1 0 0 0 0 0 0 0 0 0 0 0]
[1443657065297893010154432877369397267973343196626962777911059467662507989218928 0 0 0 0 0 0 0 0 0 0 0 0 0 0 1 0 0 0 0 0 0 0 0 0 0]
[80521792589895957712572332418774347498245664987668093468461206844584997144563 0 0 0 0 0 0 0 0 0 0 0 0 0 0 0 1 0 0 0 0 0 0 0 0 0]
[643187921485047761719148345477894366704981891763299234094634453563414980005451 0 0 0 0 0 0 0 0 0 0 0 0 0 0 0 0 1 0 0 0 0 0 0 0 0]
[1421847155068905126985502641416901008688502643815065117284646053531114813711104 0 0 0 0 0 0 0 0 0 0 0 0 0 0 0 0 0 1 0 0 0 0 0 0 0]
[606386767371492967699384344462987657161796419170628148673907439106022940212274 0 0 0 0 0 0 0 0 0 0 0 0 0 0 0 0 0 0 1 0 0 0 0 0 0]
[190085975703274298356157424111478133853677890124023427519647294968685562100441 0 0 0 0 0 0 0 0 0 0 0 0 0 0 0 0 0 0 0 1 0 0 0 0 0]
[818407581068134180388251081123773083144935278868934028952900941112665185864549 0 0 0 0 0 0 0 0 0 0 0 0 0 0 0 0 0 0 0 0 1 0 0 0 0]
[128047209165990813676130951625039674919751612863744605261059881959348366915561 0 0 0 0 0 0 0 0 0 0 0 0 0 0 0 0 0 0 0 0 0 1 0 0 0]
[588638384772263652108639498272152224780723945842298471012029208972517222203336 0 0 0 0 0 0 0 0 0 0 0 0 0 0 0 0 0 0 0 0 0 0 1 0 0]
[818367371145468252108597466236658645560012737234259310910306085530585978433698 0 0 0 0 0 0 0 0 0 0 0 0 0 0 0 0 0 0 0 0 0 0 0 1 0]
[517365330594351622342426680505265611650352588335528302047888533321158115964935 0 0 0 0 0 0 0 0 0 0 0 0 0 0 0 0 0 0 0 0 0 0 0 0 1]
]
