[[1431136826156356701274273466450217838477832169214402792049828674549912972159393 0 0 0 0 0 0 0 0 0 0 0 0 0 0 0 0 0 0 0 0 0 0 0 0 0]
[1260879973745928354258994523934623553355277897389596638254119003977677927765908 1 0 0 0 0 0 0 0 0 0 0 0 0 0 0 0 0 0 0 0 0 0 0 0 0]
[345253037304008845744819046287874641374115518205656275119698597508899920947612 0 1 0 0 0 0 0 0 0 0 0 0 0 0 0 0 0 0 0 0 0 0 0 0 0]
[966971809497814799045141980475944869946550996608004306025356242513129845651025 0 0 1 0 0 0 0 0 0 0 0 0 0 0 0 0 0 0 0 0 0 0 0 0 0]
[351940551586716426274562169124235275271387151948250826607630153382971281420429 0 0 0 1 0 0 0 0 0 0 0 0 0 0 0 0 0 0 0 0 0 0 0 0 0]
[176776932117277505134436584668543394563491784660527864010595753641245688178307 0 0 0 0 1 0 0 0 0 0 0 0 0 0 0 0 0 0 0 0 0 0 0 0 0]
[1067253573073247276084654718978429073739432309720816262767347568467452496150216 0 0 0 0 0 1 0 0 0 0 0 0 0 0 0 0 0 0 0 0 0 0 0 0 0]
[415228059865896269000311817753658532454930352441782671948255932142674390612937 0 0 0 0 0 0 1 0 0 0 0 0 0 0 0 0 0 0 0 0 0 0 0 0 0]
[274823563985820597183187705583571669908661430081398011977887235236551480238669 0 0 0 0 0 0 0 1 0 0 0 0 0 0 0 0 0 0 0 0 0 0 0 0 0]
[1196491754120661503459764006789702679419116925587976329885354607017684930337953 0 0 0 0 0 0 0 0 1 0 0 0 0 0 0 0 0 0 0 0 0 0 0 0 0]
[1327585561751259252236471923805786385431205828919329390757071815397203357730870 0 0 0 0 0 0 0 0 0 1 0 0 0 0 0 0 0 0 0 0 0 0 0 0 0]
[431724808250927354673239620468144686588606104649655892864638161953453111932187 0 0 0 0 0 0 0 0 0 0 1 0 0 0 0 0 0 0 0 0 0 0 0 0 0]
[1120403049513291042640412087951430609906089347320929505377818402372728326476735 0 0 0 0 0 0 0 0 0 0 0 1 0 0 0 0 0 0 0 0 0 0 0 0 0]
[823845370660940850869720667511227131642779664013053872966974564480587245577435 0 0 0 0 0 0 0 0 0 0 0 0 1 0 0 0 0 0 0 0 0 0 0 0 0]
[195333764691227124840631847414143688938409981623964775490146495827914090801697 0 0 0 0 0 0 0 0 0 0 0 0 0 1 0 0 0 0 0 0 0 0 0 0 0]
[202918538815771217068734864115997912844489359148909078040692478982738570142169 0 0 0 0 0 0 0 0 0 0 0 0 0 0 1 0 0 0 0 0 0 0 0 0 0]
[927248368192720500070701817994501720626389547041343679508965410972243354791080 0 0 0 0 0 0 0 0 0 0 0 0 0 0 0 1 0 0 0 0 0 0 0 0 0]
[650254264526102245464104230336864255524325796914863604225379188309387675277180 0 0 0 0 0 0 0 0 0 0 0 0 0 0 0 0 1 0 0 0 0 0 0 0 0]
[124584288039720027187610421155833065211083937663144203386514564657364612575208 0 0 0 0 0 0 0 0 0 0 0 0 0 0 0 0 0 1 0 0 0 0 0 0 0]
[606376312501518700243332947892795125760726608902465588905960375651941116331528 0 0 0 0 0 0 0 0 0 0 0 0 0 0 0 0 0 0 1 0 0 0 0 0 0]
[1001560869549968592439299953514196864311830801077635715870241184226378166058070 0 0 0 0 0 0 0 0 0 0 0 0 0 0 0 0 0 0 0 1 0 0 0 0 0]
[377614241055497244146776823965145134087174631357653562405400028778645043040296 0 0 0 0 0 0 0 0 0 0 0 0 0 0 0 0 0 0 0 0 1 0 0 0 0]
[709829853255957720979782003789410641601623837992523076886632981055064455080000 0 0 0 0 0 0 0 0 0 0 0 0 0 0 0 0 0 0 0 0 0 1 0 0 0]
[336492161191255722242881403585011448573013379288792907920693197872127237658309 0 0 0 0 0 0 0 0 0 0 0 0 0 0 0 0 0 0 0 0 0 0 1 0 0]
[568722283324371037743442733927839133799626599339525251668814656459417522323544 0 0 0 0 0 0 0 0 0 0 0 0 0 0 0 0 0 0 0 0 0 0 0 1 0]
[52912326720897316239844351929949020552758278630439646643879098279557349536135 0 0 0 0 0 0 0 0 0 0 0 0 0 0 0 0 0 0 0 0 0 0 0 0 1]
]
