[[1255820143482004093727604707576826379620188298058954797810460069382817878087233 0 0 0 0 0 0 0 0 0 0 0 0 0 0 0 0 0 0 0 0 0 0 0 0 0]
[486887264681101767697185635500780395928295203643604396088444782485149368445610 1 0 0 0 0 0 0 0 0 0 0 0 0 0 0 0 0 0 0 0 0 0 0 0 0]
[277742303424604225442171287824898469008370848780571386826406126149106517737860 0 1 0 0 0 0 0 0 0 0 0 0 0 0 0 0 0 0 0 0 0 0 0 0 0]
[1008992036131052301055286777829623025935310677401145049808512521071811637948901 0 0 1 0 0 0 0 0 0 0 0 0 0 0 0 0 0 0 0 0 0 0 0 0 0]
[122503742013766037011307447192035993516844483717474059585283366092960937396678 0 0 0 1 0 0 0 0 0 0 0 0 0 0 0 0 0 0 0 0 0 0 0 0 0]
[431702209220880221108404832648328085572249529113810237887006974889103757725685 0 0 0 0 1 0 0 0 0 0 0 0 0 0 0 0 0 0 0 0 0 0 0 0 0]
[661858446638300581444097471450089199074739499375918714112984835646852660133794 0 0 0 0 0 1 0 0 0 0 0 0 0 0 0 0 0 0 0 0 0 0 0 0 0]
[11033039975234905410940580503152337753661112049240077205069539039841994330550 0 0 0 0 0 0 1 0 0 0 0 0 0 0 0 0 0 0 0 0 0 0 0 0 0]
[823730626675883092847144194184526858307182095756791734624759443797525709239322 0 0 0 0 0 0 0 1 0 0 0 0 0 0 0 0 0 0 0 0 0 0 0 0 0]
[225067365114532892249067101979691357792307556945913795963529341081803940995351 0 0 0 0 0 0 0 0 1 0 0 0 0 0 0 0 0 0 0 0 0 0 0 0 0]
[798791480303623076567748293671130585425466098144027581085961334502944284647581 0 0 0 0 0 0 0 0 0 1 0 0 0 0 0 0 0 0 0 0 0 0 0 0 0]
[840626981305817925328861479584389128879798654977861107927576561532251589943169 0 0 0 0 0 0 0 0 0 0 1 0 0 0 0 0 0 0 0 0 0 0 0 0 0]
[1095035751330817738710659750193767041845521081481203785295855474070130747552126 0 0 0 0 0 0 0 0 0 0 0 1 0 0 0 0 0 0 0 0 0 0 0 0 0]
[331613054325798904051756219359677541864036046280941500948445546332326857041032 0 0 0 0 0 0 0 0 0 0 0 0 1 0 0 0 0 0 0 0 0 0 0 0 0]
[967945076125550010895772521234615511727806437402218527682841122289185784390179 0 0 0 0 0 0 0 0 0 0 0 0 0 1 0 0 0 0 0 0 0 0 0 0 0]
[875037312528735958780317123851832983879451264767581918501538867290195226662035 0 0 0 0 0 0 0 0 0 0 0 0 0 0 1 0 0 0 0 0 0 0 0 0 0]
[458154221753132826265037754675694429674687498483396201660540732291397344933270 0 0 0 0 0 0 0 0 0 0 0 0 0 0 0 1 0 0 0 0 0 0 0 0 0]
[181803320196840913246640107299589068318744585540311800465020691953769087083956 0 0 0 0 0 0 0 0 0 0 0 0 0 0 0 0 1 0 0 0 0 0 0 0 0]
[826339224218240400010493888780449752712578853205729040786549726525119062895183 0 0 0 0 0 0 0 0 0 0 0 0 0 0 0 0 0 1 0 0 0 0 0 0 0]
[1027213188430757517607357074400981539150873227123368952975100114785020518812756 0 0 0 0 0 0 0 0 0 0 0 0 0 0 0 0 0 0 1 0 0 0 0 0 0]
[125545457508560010435317423604431221702033463577425631647583533285314533697414 0 0 0 0 0 0 0 0 0 0 0 0 0 0 0 0 0 0 0 1 0 0 0 0 0]
[578401139822252823656401429681579334779367578919393588192597046669033021026224 0 0 0 0 0 0 0 0 0 0 0 0 0 0 0 0 0 0 0 0 1 0 0 0 0]
[765637342492552387621557442217372916629571510507309372622689684158285911957174 0 0 0 0 0 0 0 0 0 0 0 0 0 0 0 0 0 0 0 0 0 1 0 0 0]
[372069305769060405220954965030591005713154264253212916036048969122737505355587 0 0 0 0 0 0 0 0 0 0 0 0 0 0 0 0 0 0 0 0 0 0 1 0 0]
[488499095768360181217568066295975049160455338624136561548480372447766691020093 0 0 0 0 0 0 0 0 0 0 0 0 0 0 0 0 0 0 0 0 0 0 0 1 0]
[118494581963929112461171343278727587621140225049963609043137621331656634478032 0 0 0 0 0 0 0 0 0 0 0 0 0 0 0 0 0 0 0 0 0 0 0 0 1]
]
