[[1528268992069492272761360393998582101742921310257064073645774856257580177237681 0 0 0 0 0 0 0 0 0 0 0 0 0 0 0 0 0 0 0 0 0 0 0 0 0]
[1404239881094124009445459109935373893726638420069046536300836111659189665546052 1 0 0 0 0 0 0 0 0 0 0 0 0 0 0 0 0 0 0 0 0 0 0 0 0]
[1294690669523498043368423138411529786929888915992622720546468879343064845826895 0 1 0 0 0 0 0 0 0 0 0 0 0 0 0 0 0 0 0 0 0 0 0 0 0]
[115074418725799797954246318168689245224752572360545057771791009073156076443164 0 0 1 0 0 0 0 0 0 0 0 0 0 0 0 0 0 0 0 0 0 0 0 0 0]
[871608612637381141261005206764269231405907880663831642121044905750131167031389 0 0 0 1 0 0 0 0 0 0 0 0 0 0 0 0 0 0 0 0 0 0 0 0 0]
[101963007258575183879972084703992617268657400050050077362776216296001663837852 0 0 0 0 1 0 0 0 0 0 0 0 0 0 0 0 0 0 0 0 0 0 0 0 0]
[1433550210598358553989489298171450297199425238650451094042309948949588201910074 0 0 0 0 0 1 0 0 0 0 0 0 0 0 0 0 0 0 0 0 0 0 0 0 0]
[753995666851825759300037987420388202154854489358758661386733573674982111921047 0 0 0 0 0 0 1 0 0 0 0 0 0 0 0 0 0 0 0 0 0 0 0 0 0]
[705162958412206567613579121912219704375808159529830871134556140846177325057294 0 0 0 0 0 0 0 1 0 0 0 0 0 0 0 0 0 0 0 0 0 0 0 0 0]
[196234270966724525865834638243599706314847713744704980856316125106338236121101 0 0 0 0 0 0 0 0 1 0 0 0 0 0 0 0 0 0 0 0 0 0 0 0 0]
[569287732436708058721766775049385163625178787930434685536495440946757706924500 0 0 0 0 0 0 0 0 0 1 0 0 0 0 0 0 0 0 0 0 0 0 0 0 0]
[1460320202529593241570245367023727684331292648084002717158867476550336071009304 0 0 0 0 0 0 0 0 0 0 1 0 0 0 0 0 0 0 0 0 0 0 0 0 0]
[1237403696333692730403977717185452712897597128412834322104496195327611486344660 0 0 0 0 0 0 0 0 0 0 0 1 0 0 0 0 0 0 0 0 0 0 0 0 0]
[874768490943846325898531464303771569532961471838798252454006579509696794037854 0 0 0 0 0 0 0 0 0 0 0 0 1 0 0 0 0 0 0 0 0 0 0 0 0]
[720141653191799501308171233391607941590641929026920765861997017546206983661259 0 0 0 0 0 0 0 0 0 0 0 0 0 1 0 0 0 0 0 0 0 0 0 0 0]
[625689336515460715262346491294690422350872853267788645647400718295899515609732 0 0 0 0 0 0 0 0 0 0 0 0 0 0 1 0 0 0 0 0 0 0 0 0 0]
[806237780799474367146254217917264273421827282823082860958625674570518475178585 0 0 0 0 0 0 0 0 0 0 0 0 0 0 0 1 0 0 0 0 0 0 0 0 0]
[133111868287366570846961413468888580405182291866334441160975082041804064559684 0 0 0 0 0 0 0 0 0 0 0 0 0 0 0 0 1 0 0 0 0 0 0 0 0]
[1049140016621057793961088046429163338111596671510782693972568956382082087883219 0 0 0 0 0 0 0 0 0 0 0 0 0 0 0 0 0 1 0 0 0 0 0 0 0]
[706126574967401609067205607050579867391375150304440534912762886230189924735345 0 0 0 0 0 0 0 0 0 0 0 0 0 0 0 0 0 0 1 0 0 0 0 0 0]
[730471893129478606940450090547381909143817154598969824756786857329027023984665 0 0 0 0 0 0 0 0 0 0 0 0 0 0 0 0 0 0 0 1 0 0 0 0 0]
[1487766951242192290625347406372644195281249466292833331393592910502387486112231 0 0 0 0 0 0 0 0 0 0 0 0 0 0 0 0 0 0 0 0 1 0 0 0 0]
[499121150354608001461107903068450651668570451765643726832206435097949348249296 0 0 0 0 0 0 0 0 0 0 0 0 0 0 0 0 0 0 0 0 0 1 0 0 0]
[102709498416167286580403200023647381197545792955465432329566972861454721441990 0 0 0 0 0 0 0 0 0 0 0 0 0 0 0 0 0 0 0 0 0 0 1 0 0]
[785859118593852606957780696086279093147597524985386285633118986738564824408381 0 0 0 0 0 0 0 0 0 0 0 0 0 0 0 0 0 0 0 0 0 0 0 1 0]
[1237908337673823225117960411578175423087558805483445390790603037380417981050013 0 0 0 0 0 0 0 0 0 0 0 0 0 0 0 0 0 0 0 0 0 0 0 0 1]
]
