[[1615157590375642868610847661451044502892676818886614233111855358615661916880519 0 0 0 0 0 0 0 0 0 0 0 0 0 0 0 0 0 0 0 0 0 0 0 0 0]
[771339706462579301762157298217536732235492141517457034663343436235540083426049 1 0 0 0 0 0 0 0 0 0 0 0 0 0 0 0 0 0 0 0 0 0 0 0 0]
[883637690611998103839128957614045785647754311950598903011649380485816759914531 0 1 0 0 0 0 0 0 0 0 0 0 0 0 0 0 0 0 0 0 0 0 0 0 0]
[802981213277056041122247983920448001483726457982140344389618100354053431066669 0 0 1 0 0 0 0 0 0 0 0 0 0 0 0 0 0 0 0 0 0 0 0 0 0]
[90019429896334785681405176695159135223952747124856512544948303314297845602992 0 0 0 1 0 0 0 0 0 0 0 0 0 0 0 0 0 0 0 0 0 0 0 0 0]
[4804672679399281502441345294530859246701689826390955851049988672892622354033 0 0 0 0 1 0 0 0 0 0 0 0 0 0 0 0 0 0 0 0 0 0 0 0 0]
[1072199266917850201402106734459915466190438914987164664124754989099892332478353 0 0 0 0 0 1 0 0 0 0 0 0 0 0 0 0 0 0 0 0 0 0 0 0 0]
[1516238157689253111263586897707297508414338468934324819311314489088665851473445 0 0 0 0 0 0 1 0 0 0 0 0 0 0 0 0 0 0 0 0 0 0 0 0 0]
[1363503802677439148709826332705242820616446378097445563686916617028318629371190 0 0 0 0 0 0 0 1 0 0 0 0 0 0 0 0 0 0 0 0 0 0 0 0 0]
[303608853594240592014941121080858764382929121627006175755554990374623701279747 0 0 0 0 0 0 0 0 1 0 0 0 0 0 0 0 0 0 0 0 0 0 0 0 0]
[1103113693889390525514164222046490357302644111469163715051153735176009518049387 0 0 0 0 0 0 0 0 0 1 0 0 0 0 0 0 0 0 0 0 0 0 0 0 0]
[864563203867670945661426629681783668783915772748906136924732053334039775328606 0 0 0 0 0 0 0 0 0 0 1 0 0 0 0 0 0 0 0 0 0 0 0 0 0]
[1206574410109246121804508270609904625159698513681062196373808376742365489051616 0 0 0 0 0 0 0 0 0 0 0 1 0 0 0 0 0 0 0 0 0 0 0 0 0]
[1170897506782820990960170236744467457827069710248905815502335972038322134700825 0 0 0 0 0 0 0 0 0 0 0 0 1 0 0 0 0 0 0 0 0 0 0 0 0]
[708109651260208109907619694631055967168682121781476019655529260546679501876259 0 0 0 0 0 0 0 0 0 0 0 0 0 1 0 0 0 0 0 0 0 0 0 0 0]
[1218156089153581506538796683776653357693852199939855756079488785712061429850461 0 0 0 0 0 0 0 0 0 0 0 0 0 0 1 0 0 0 0 0 0 0 0 0 0]
[393559957203601428205464082408061027344616861552121804218708921080795272616143 0 0 0 0 0 0 0 0 0 0 0 0 0 0 0 1 0 0 0 0 0 0 0 0 0]
[603591277000947259521060400061348481882097425959288202460952968443816364571892 0 0 0 0 0 0 0 0 0 0 0 0 0 0 0 0 1 0 0 0 0 0 0 0 0]
[998142089634366619285514050342775488329748130482989624938283201280771535527264 0 0 0 0 0 0 0 0 0 0 0 0 0 0 0 0 0 1 0 0 0 0 0 0 0]
[1418292893371431652857709611899823939045396116800511807023926282369833124510839 0 0 0 0 0 0 0 0 0 0 0 0 0 0 0 0 0 0 1 0 0 0 0 0 0]
[616553643565057069926246482528733482196767191292759420055118129667064448953862 0 0 0 0 0 0 0 0 0 0 0 0 0 0 0 0 0 0 0 1 0 0 0 0 0]
[785695322166047210465785034214862112893633777362925355806501340444558760833084 0 0 0 0 0 0 0 0 0 0 0 0 0 0 0 0 0 0 0 0 1 0 0 0 0]
[843554319352033422529015918639209978836601915661523860738478844326348038013088 0 0 0 0 0 0 0 0 0 0 0 0 0 0 0 0 0 0 0 0 0 1 0 0 0]
[251363406432032737710207858470588727722667225889842201116389616586283290875476 0 0 0 0 0 0 0 0 0 0 0 0 0 0 0 0 0 0 0 0 0 0 1 0 0]
[1413602293869645520381138569595588399718172407616781014106890224409548119221784 0 0 0 0 0 0 0 0 0 0 0 0 0 0 0 0 0 0 0 0 0 0 0 1 0]
[1578730131618126949358425012882453980297973427950818062064205955361256442883369 0 0 0 0 0 0 0 0 0 0 0 0 0 0 0 0 0 0 0 0 0 0 0 0 1]
]
