[[1827876482577748126888920287991378104301529215250941781578563795041541036494631 0 0 0 0 0 0 0 0 0 0 0 0 0 0 0 0 0 0 0 0 0 0 0 0 0]
[315180177420918846033247168763010195368160973186489645534718412822183023000159 1 0 0 0 0 0 0 0 0 0 0 0 0 0 0 0 0 0 0 0 0 0 0 0 0]
[59797170463727803538244979511077216619121508687374822829673413439608787558990 0 1 0 0 0 0 0 0 0 0 0 0 0 0 0 0 0 0 0 0 0 0 0 0 0]
[357671854632640757792768213640794113327946404357426861892288580564427695460692 0 0 1 0 0 0 0 0 0 0 0 0 0 0 0 0 0 0 0 0 0 0 0 0 0]
[364268048484302122841277584891339273801800791436095546294235589267697095238024 0 0 0 1 0 0 0 0 0 0 0 0 0 0 0 0 0 0 0 0 0 0 0 0 0]
[1271656323029477203378284166280384483261470238129921286471207505594735485721987 0 0 0 0 1 0 0 0 0 0 0 0 0 0 0 0 0 0 0 0 0 0 0 0 0]
[874098167731653243531853567215836446522328841988036421242686505200553851838635 0 0 0 0 0 1 0 0 0 0 0 0 0 0 0 0 0 0 0 0 0 0 0 0 0]
[259187515138593376809070473804214026892173712592307682337009099236390297037895 0 0 0 0 0 0 1 0 0 0 0 0 0 0 0 0 0 0 0 0 0 0 0 0 0]
[13963474266287605396568779532284911136240075568603858280280327891746499156735 0 0 0 0 0 0 0 1 0 0 0 0 0 0 0 0 0 0 0 0 0 0 0 0 0]
[1568024336208882332179141938375168812374555972022387453429971120413528939775710 0 0 0 0 0 0 0 0 1 0 0 0 0 0 0 0 0 0 0 0 0 0 0 0 0]
[97706432943903396255779393021140131649946246726728135698732188504563668494503 0 0 0 0 0 0 0 0 0 1 0 0 0 0 0 0 0 0 0 0 0 0 0 0 0]
[1251017414591665331349342263556537825682242915568566693004904365509749766668754 0 0 0 0 0 0 0 0 0 0 1 0 0 0 0 0 0 0 0 0 0 0 0 0 0]
[1272378808427526176960191794395341038951173428552614208589524920631101010725309 0 0 0 0 0 0 0 0 0 0 0 1 0 0 0 0 0 0 0 0 0 0 0 0 0]
[711778395303349269452758846509677755488730913812997934985120984986053002776290 0 0 0 0 0 0 0 0 0 0 0 0 1 0 0 0 0 0 0 0 0 0 0 0 0]
[594018021156805368415013082363517464740787169323328879362357115682157137245659 0 0 0 0 0 0 0 0 0 0 0 0 0 1 0 0 0 0 0 0 0 0 0 0 0]
[97202129602119040767217022155715512132920466388184395601192185809468936876656 0 0 0 0 0 0 0 0 0 0 0 0 0 0 1 0 0 0 0 0 0 0 0 0 0]
[1777073054063658006600273741145082838176513391196260661131350529153170953321628 0 0 0 0 0 0 0 0 0 0 0 0 0 0 0 1 0 0 0 0 0 0 0 0 0]
[637901989181766910574421022400019840941203299460210205937417143198153741862363 0 0 0 0 0 0 0 0 0 0 0 0 0 0 0 0 1 0 0 0 0 0 0 0 0]
[1292308669390204502687965580450797330660045899350287439538976316114688070839137 0 0 0 0 0 0 0 0 0 0 0 0 0 0 0 0 0 1 0 0 0 0 0 0 0]
[1488852152697012114415518321244279857808202011554972448728116746097063869701307 0 0 0 0 0 0 0 0 0 0 0 0 0 0 0 0 0 0 1 0 0 0 0 0 0]
[1359934047939064991995174552343007287136076207777995625133522453770449726792173 0 0 0 0 0 0 0 0 0 0 0 0 0 0 0 0 0 0 0 1 0 0 0 0 0]
[928489938448801494740767671900114723232916649698420829516282583265225275601658 0 0 0 0 0 0 0 0 0 0 0 0 0 0 0 0 0 0 0 0 1 0 0 0 0]
[1823812153305161720290650687746365742529480707810518223812255500723509443295610 0 0 0 0 0 0 0 0 0 0 0 0 0 0 0 0 0 0 0 0 0 1 0 0 0]
[355453070904298189031083866842912292036478133533678073744759237808050427477935 0 0 0 0 0 0 0 0 0 0 0 0 0 0 0 0 0 0 0 0 0 0 1 0 0]
[332870480487410876453334873677456786318463678083411760295516314870463210859773 0 0 0 0 0 0 0 0 0 0 0 0 0 0 0 0 0 0 0 0 0 0 0 1 0]
[58376515918209177671057192899494086705160936147655760215338752923236668495096 0 0 0 0 0 0 0 0 0 0 0 0 0 0 0 0 0 0 0 0 0 0 0 0 1]
]
