[[1552577768481850457490451388364980803525371924667188426231708004521346941114763 0 0 0 0 0 0 0 0 0 0 0 0 0 0 0 0 0 0 0 0 0 0 0 0 0]
[972960250123497928954841602850351810975369046875281953902923559152963758742511 1 0 0 0 0 0 0 0 0 0 0 0 0 0 0 0 0 0 0 0 0 0 0 0 0]
[751210451886823787326515215974373149045073154375268601622021691719682540237223 0 1 0 0 0 0 0 0 0 0 0 0 0 0 0 0 0 0 0 0 0 0 0 0 0]
[367098487044430850918152501947347819056092262835254493035922161071618435841232 0 0 1 0 0 0 0 0 0 0 0 0 0 0 0 0 0 0 0 0 0 0 0 0 0]
[651131564369992117011505052001458553246298327468969427711692798210080272818828 0 0 0 1 0 0 0 0 0 0 0 0 0 0 0 0 0 0 0 0 0 0 0 0 0]
[691434839772242582833478392620333832880099383275962859538697612796014588149615 0 0 0 0 1 0 0 0 0 0 0 0 0 0 0 0 0 0 0 0 0 0 0 0 0]
[392456280260373612001011575088682040727293102575988351800445838495734756416032 0 0 0 0 0 1 0 0 0 0 0 0 0 0 0 0 0 0 0 0 0 0 0 0 0]
[471474246761942723490423300671354634178448141294961414724734293706947200123257 0 0 0 0 0 0 1 0 0 0 0 0 0 0 0 0 0 0 0 0 0 0 0 0 0]
[181263496512621448443540309578967961791996689120975814500432041596963852142394 0 0 0 0 0 0 0 1 0 0 0 0 0 0 0 0 0 0 0 0 0 0 0 0 0]
[194269772949879194499886427585286525812027301320146316080124955361165837090627 0 0 0 0 0 0 0 0 1 0 0 0 0 0 0 0 0 0 0 0 0 0 0 0 0]
[238952611671165513443417410977753583182089268801556924056094986561603141658416 0 0 0 0 0 0 0 0 0 1 0 0 0 0 0 0 0 0 0 0 0 0 0 0 0]
[604470618895347054804872588595858397605528110175903221077451055867418895276485 0 0 0 0 0 0 0 0 0 0 1 0 0 0 0 0 0 0 0 0 0 0 0 0 0]
[1206505565465922574327329441577023001119101836986048882108390662670939242306277 0 0 0 0 0 0 0 0 0 0 0 1 0 0 0 0 0 0 0 0 0 0 0 0 0]
[1282873542966834185436642410884817597835813577488782652619952553877859826492366 0 0 0 0 0 0 0 0 0 0 0 0 1 0 0 0 0 0 0 0 0 0 0 0 0]
[865822659986984465504338229111202302193962758149297918158080250173481162264884 0 0 0 0 0 0 0 0 0 0 0 0 0 1 0 0 0 0 0 0 0 0 0 0 0]
[1263761262525386698257879030745223328935660096013366620143189062093063745836847 0 0 0 0 0 0 0 0 0 0 0 0 0 0 1 0 0 0 0 0 0 0 0 0 0]
[538975860903573641449212637121254324285467816720240716856561381088628089250465 0 0 0 0 0 0 0 0 0 0 0 0 0 0 0 1 0 0 0 0 0 0 0 0 0]
[1458538195378789791745745547399191811030085332305324564398575955921152980918524 0 0 0 0 0 0 0 0 0 0 0 0 0 0 0 0 1 0 0 0 0 0 0 0 0]
[1425464256240438026082877338771508965346633890355990827461261819067320888637060 0 0 0 0 0 0 0 0 0 0 0 0 0 0 0 0 0 1 0 0 0 0 0 0 0]
[102125408552809363998628464338171248986793187996346294534637213119914825490759 0 0 0 0 0 0 0 0 0 0 0 0 0 0 0 0 0 0 1 0 0 0 0 0 0]
[1399051647061824385609936704935445871963464149106714760189146508418031269075811 0 0 0 0 0 0 0 0 0 0 0 0 0 0 0 0 0 0 0 1 0 0 0 0 0]
[1002546971776736130715257420852964832564148767534113065794225045140678906241805 0 0 0 0 0 0 0 0 0 0 0 0 0 0 0 0 0 0 0 0 1 0 0 0 0]
[1345699631937651364071632395304554066220789744786205273851549383570421276949545 0 0 0 0 0 0 0 0 0 0 0 0 0 0 0 0 0 0 0 0 0 1 0 0 0]
[219134476467712104547407648175516557646731995596854181024791287271400182057782 0 0 0 0 0 0 0 0 0 0 0 0 0 0 0 0 0 0 0 0 0 0 1 0 0]
[989608085273357801328777141410145654760249907490622253912980530071543577967402 0 0 0 0 0 0 0 0 0 0 0 0 0 0 0 0 0 0 0 0 0 0 0 1 0]
[1172921860658490437299611545550455646722507356198684973814397787052988106068908 0 0 0 0 0 0 0 0 0 0 0 0 0 0 0 0 0 0 0 0 0 0 0 0 1]
]
