[[1814245083996264378795625481839650523611114811403987755373446372700829622798127 0 0 0 0 0 0 0 0 0 0 0 0 0 0 0 0 0 0 0 0 0 0 0 0 0]
[1505638471079033771443560525024360249510590434406874054342054117873749289954725 1 0 0 0 0 0 0 0 0 0 0 0 0 0 0 0 0 0 0 0 0 0 0 0 0]
[1164053276612670404460906209801012131005498518186099539478683704061171435466353 0 1 0 0 0 0 0 0 0 0 0 0 0 0 0 0 0 0 0 0 0 0 0 0 0]
[561484713512999073556243701046458750658655632923724673465016900449094750182754 0 0 1 0 0 0 0 0 0 0 0 0 0 0 0 0 0 0 0 0 0 0 0 0 0]
[201869462438794574732535011086545489783306410646933005194267446155285133494235 0 0 0 1 0 0 0 0 0 0 0 0 0 0 0 0 0 0 0 0 0 0 0 0 0]
[965601617967394047780384744474498162421492565307067561711647787737121988508202 0 0 0 0 1 0 0 0 0 0 0 0 0 0 0 0 0 0 0 0 0 0 0 0 0]
[731517873591729787742183723781707110551498763898187224628158122784173303339116 0 0 0 0 0 1 0 0 0 0 0 0 0 0 0 0 0 0 0 0 0 0 0 0 0]
[733253099240391766940484371126843096388679544140586272322344729294896453096111 0 0 0 0 0 0 1 0 0 0 0 0 0 0 0 0 0 0 0 0 0 0 0 0 0]
[867257403025796819063880216612315663147365828909208867776842082032246160038654 0 0 0 0 0 0 0 1 0 0 0 0 0 0 0 0 0 0 0 0 0 0 0 0 0]
[1279366796001151527899362646090674712752005438223939223567914128686052576997950 0 0 0 0 0 0 0 0 1 0 0 0 0 0 0 0 0 0 0 0 0 0 0 0 0]
[1044843718926933468341639936987430276903412150647219561265821872709823778544390 0 0 0 0 0 0 0 0 0 1 0 0 0 0 0 0 0 0 0 0 0 0 0 0 0]
[1447177188528305032709483610374454472027805358870431683346713204942964527337133 0 0 0 0 0 0 0 0 0 0 1 0 0 0 0 0 0 0 0 0 0 0 0 0 0]
[590139431757328723717841925879029672034729192812597358406508076834965785390562 0 0 0 0 0 0 0 0 0 0 0 1 0 0 0 0 0 0 0 0 0 0 0 0 0]
[1594061500562969496261900358527367727604431739242841378998027655627242487757160 0 0 0 0 0 0 0 0 0 0 0 0 1 0 0 0 0 0 0 0 0 0 0 0 0]
[320582782980838608755932318408611888998640705171589052779388618671764528374427 0 0 0 0 0 0 0 0 0 0 0 0 0 1 0 0 0 0 0 0 0 0 0 0 0]
[223769270708121123601746748950674836638563122544614603144123025863624183701564 0 0 0 0 0 0 0 0 0 0 0 0 0 0 1 0 0 0 0 0 0 0 0 0 0]
[825326910585842938900210429959216442495525452768408525765271514966758762443907 0 0 0 0 0 0 0 0 0 0 0 0 0 0 0 1 0 0 0 0 0 0 0 0 0]
[1537660720553533354998872114900768298421677399381818596943015860630628359431230 0 0 0 0 0 0 0 0 0 0 0 0 0 0 0 0 1 0 0 0 0 0 0 0 0]
[594679480121919282601339644338671205065951536871263289057144561220304408329259 0 0 0 0 0 0 0 0 0 0 0 0 0 0 0 0 0 1 0 0 0 0 0 0 0]
[120224885379534632908199160997807185441788410230259968149765149211174681451902 0 0 0 0 0 0 0 0 0 0 0 0 0 0 0 0 0 0 1 0 0 0 0 0 0]
[713213655411904251389252521519680119577681943040273472978654493706553988853166 0 0 0 0 0 0 0 0 0 0 0 0 0 0 0 0 0 0 0 1 0 0 0 0 0]
[1695125851411383422825318932379171920837701515464876759839430543103673590204822 0 0 0 0 0 0 0 0 0 0 0 0 0 0 0 0 0 0 0 0 1 0 0 0 0]
[1487378654100484638090182574219228491747712177264934966316498681257676451847733 0 0 0 0 0 0 0 0 0 0 0 0 0 0 0 0 0 0 0 0 0 1 0 0 0]
[1147953449287576044472966447634230015908645080419869074819240286117270471282114 0 0 0 0 0 0 0 0 0 0 0 0 0 0 0 0 0 0 0 0 0 0 1 0 0]
[701838097728973405229358791154094178862063378868064056536399491866192298530730 0 0 0 0 0 0 0 0 0 0 0 0 0 0 0 0 0 0 0 0 0 0 0 1 0]
[492342369508693718552710397778636385225856165291239771368045230578294561453827 0 0 0 0 0 0 0 0 0 0 0 0 0 0 0 0 0 0 0 0 0 0 0 0 1]
]
