[[1505352314189411445500206331624771790681886786287547202515571824209665136325813 0 0 0 0 0 0 0 0 0 0 0 0 0 0 0 0 0 0 0 0 0 0 0 0 0]
[314466998761684175634963964419665602198683197605952883230852721694734277850355 1 0 0 0 0 0 0 0 0 0 0 0 0 0 0 0 0 0 0 0 0 0 0 0 0]
[726882212307146236497115715737687570582243991091178043232376179375278442618710 0 1 0 0 0 0 0 0 0 0 0 0 0 0 0 0 0 0 0 0 0 0 0 0 0]
[520522514909475503722894527297919786149840797902889184652692369321889499688019 0 0 1 0 0 0 0 0 0 0 0 0 0 0 0 0 0 0 0 0 0 0 0 0 0]
[1351164942568925901751378006862544335846471076187603372464515072694577916246268 0 0 0 1 0 0 0 0 0 0 0 0 0 0 0 0 0 0 0 0 0 0 0 0 0]
[805331766980019744426880157081917313895400929210342627143392574048592351144643 0 0 0 0 1 0 0 0 0 0 0 0 0 0 0 0 0 0 0 0 0 0 0 0 0]
[582911020745443408192481070769993280823856817079933222445647519379538802334795 0 0 0 0 0 1 0 0 0 0 0 0 0 0 0 0 0 0 0 0 0 0 0 0 0]
[751185395721950100513018217247432366623009757642117052037081713782808093567232 0 0 0 0 0 0 1 0 0 0 0 0 0 0 0 0 0 0 0 0 0 0 0 0 0]
[2863539999887017817870915404498245102051799562247825326790197907889338846555 0 0 0 0 0 0 0 1 0 0 0 0 0 0 0 0 0 0 0 0 0 0 0 0 0]
[248110494490152715726232694512708501101532554646930343266223859429195300652183 0 0 0 0 0 0 0 0 1 0 0 0 0 0 0 0 0 0 0 0 0 0 0 0 0]
[48925816533004464654084512790702521382750595280511025392453672799677636191541 0 0 0 0 0 0 0 0 0 1 0 0 0 0 0 0 0 0 0 0 0 0 0 0 0]
[864372014200272683921050657413473006762250036390479635861099145102888880053861 0 0 0 0 0 0 0 0 0 0 1 0 0 0 0 0 0 0 0 0 0 0 0 0 0]
[347187167717920130211900751143256620869248554299342691014002606475428053170649 0 0 0 0 0 0 0 0 0 0 0 1 0 0 0 0 0 0 0 0 0 0 0 0 0]
[1071747506280862153867921435578707702673410282070241682433808589913568733020616 0 0 0 0 0 0 0 0 0 0 0 0 1 0 0 0 0 0 0 0 0 0 0 0 0]
[678357812298558723816610149631436414653941808502656514314672045310929828367708 0 0 0 0 0 0 0 0 0 0 0 0 0 1 0 0 0 0 0 0 0 0 0 0 0]
[271877113840228654873185961804195591767031581039833606835981917493471836604879 0 0 0 0 0 0 0 0 0 0 0 0 0 0 1 0 0 0 0 0 0 0 0 0 0]
[637388587410541111220970164939812163716877185407435055878815418352071669233362 0 0 0 0 0 0 0 0 0 0 0 0 0 0 0 1 0 0 0 0 0 0 0 0 0]
[500143506698686684275999696017783778533252222842551718109159930837235048564559 0 0 0 0 0 0 0 0 0 0 0 0 0 0 0 0 1 0 0 0 0 0 0 0 0]
[1491632577020828607338651754589571776040833853525933622135611403013389909659414 0 0 0 0 0 0 0 0 0 0 0 0 0 0 0 0 0 1 0 0 0 0 0 0 0]
[1161403738568240749073895083868703424389297473334833952593791341111076984527845 0 0 0 0 0 0 0 0 0 0 0 0 0 0 0 0 0 0 1 0 0 0 0 0 0]
[661693303097814788696447649696311081076137499741299913112169786997313342439442 0 0 0 0 0 0 0 0 0 0 0 0 0 0 0 0 0 0 0 1 0 0 0 0 0]
[806867048132583856045404401468133527836623610956986387805223279773352999121647 0 0 0 0 0 0 0 0 0 0 0 0 0 0 0 0 0 0 0 0 1 0 0 0 0]
[158493404846725754950609605465372823961735407043022593753388922032781364229910 0 0 0 0 0 0 0 0 0 0 0 0 0 0 0 0 0 0 0 0 0 1 0 0 0]
[261643332237061917480240040815309030765042093928035351366938591008781940922056 0 0 0 0 0 0 0 0 0 0 0 0 0 0 0 0 0 0 0 0 0 0 1 0 0]
[431151571692036027910865264127244547794476507197734414530648971831676475963111 0 0 0 0 0 0 0 0 0 0 0 0 0 0 0 0 0 0 0 0 0 0 0 1 0]
[300334755002454436061438014127832790879464279170572718842477313179636347345014 0 0 0 0 0 0 0 0 0 0 0 0 0 0 0 0 0 0 0 0 0 0 0 0 1]
]
