[[1589760447684725180367987225578785623456385645604790108774099444981480811550687 0 0 0 0 0 0 0 0 0 0 0 0 0 0 0 0 0 0 0 0 0 0 0 0 0]
[761969034232567106664024682708585750868612299533529942443343620777024192199523 1 0 0 0 0 0 0 0 0 0 0 0 0 0 0 0 0 0 0 0 0 0 0 0 0]
[606064810764774674420181025038606665564948005627621672198092437833058466537115 0 1 0 0 0 0 0 0 0 0 0 0 0 0 0 0 0 0 0 0 0 0 0 0 0]
[1200256118163217169037448405967720859150404661740118126518898795796296905291121 0 0 1 0 0 0 0 0 0 0 0 0 0 0 0 0 0 0 0 0 0 0 0 0 0]
[1155066070908885426571249607664718785246829013261106345829532567098069088881321 0 0 0 1 0 0 0 0 0 0 0 0 0 0 0 0 0 0 0 0 0 0 0 0 0]
[1019874351599308464847804597755134873841025471803547160574935433616534390950763 0 0 0 0 1 0 0 0 0 0 0 0 0 0 0 0 0 0 0 0 0 0 0 0 0]
[965027545621838968026077774846072968131470221380351019238344138028586357127855 0 0 0 0 0 1 0 0 0 0 0 0 0 0 0 0 0 0 0 0 0 0 0 0 0]
[1327872487523544889211131435652244091626929616843941180182150087983481082613669 0 0 0 0 0 0 1 0 0 0 0 0 0 0 0 0 0 0 0 0 0 0 0 0 0]
[196771019996574656692875089590269597405894567603129310843721437988722791886529 0 0 0 0 0 0 0 1 0 0 0 0 0 0 0 0 0 0 0 0 0 0 0 0 0]
[97434632001080315576114871168359011530086850098731315789450679608882798807897 0 0 0 0 0 0 0 0 1 0 0 0 0 0 0 0 0 0 0 0 0 0 0 0 0]
[155638598567050185299846363760032514488534131072550315707117864795671779826269 0 0 0 0 0 0 0 0 0 1 0 0 0 0 0 0 0 0 0 0 0 0 0 0 0]
[1392651880872249711737796255263616715222330330765964049609001192228583981229329 0 0 0 0 0 0 0 0 0 0 1 0 0 0 0 0 0 0 0 0 0 0 0 0 0]
[1386248022088302243793048609733110298900679111348706541017583434150863020175208 0 0 0 0 0 0 0 0 0 0 0 1 0 0 0 0 0 0 0 0 0 0 0 0 0]
[939377549900537925459574751151902523832957664582806791735059791704117461550527 0 0 0 0 0 0 0 0 0 0 0 0 1 0 0 0 0 0 0 0 0 0 0 0 0]
[1493678271916385641998775478212652844455756461033742948764303771763510550080865 0 0 0 0 0 0 0 0 0 0 0 0 0 1 0 0 0 0 0 0 0 0 0 0 0]
[1320356684221050860319112779931789837965997179353633738622146589735910828027402 0 0 0 0 0 0 0 0 0 0 0 0 0 0 1 0 0 0 0 0 0 0 0 0 0]
[477032709488950748936256536283130440949380078305966725204982168295648631494250 0 0 0 0 0 0 0 0 0 0 0 0 0 0 0 1 0 0 0 0 0 0 0 0 0]
[1104511045948891143197086293065740368335651756747679699774899981238993848905222 0 0 0 0 0 0 0 0 0 0 0 0 0 0 0 0 1 0 0 0 0 0 0 0 0]
[807367719667690525189937318507421058866556112067243294220802858368881839203982 0 0 0 0 0 0 0 0 0 0 0 0 0 0 0 0 0 1 0 0 0 0 0 0 0]
[1282992580577881080646108655132039523767826511201286893577466392281349660155241 0 0 0 0 0 0 0 0 0 0 0 0 0 0 0 0 0 0 1 0 0 0 0 0 0]
[294740714338897381857639179085534690620487037558465199544388263698270599204122 0 0 0 0 0 0 0 0 0 0 0 0 0 0 0 0 0 0 0 1 0 0 0 0 0]
[1458081673983386842454262845187451498108159442956635818985807559058145428691119 0 0 0 0 0 0 0 0 0 0 0 0 0 0 0 0 0 0 0 0 1 0 0 0 0]
[856585496811641137796340839237744952357475956434535118749207565658684309451668 0 0 0 0 0 0 0 0 0 0 0 0 0 0 0 0 0 0 0 0 0 1 0 0 0]
[1287696871809362829382869728865927189745970494079507696608658831228597496947026 0 0 0 0 0 0 0 0 0 0 0 0 0 0 0 0 0 0 0 0 0 0 1 0 0]
[1162884803608611660952550062062340408120687886009386641739948585767985060863913 0 0 0 0 0 0 0 0 0 0 0 0 0 0 0 0 0 0 0 0 0 0 0 1 0]
[327547280090459194186581215989285624347674418100280965135917259185280590471549 0 0 0 0 0 0 0 0 0 0 0 0 0 0 0 0 0 0 0 0 0 0 0 0 1]
]
