[[1753972454626972894445551233147192346253088166123930579949505295848683055167899 0 0 0 0 0 0 0 0 0 0 0 0 0 0 0 0 0 0 0 0 0 0 0 0 0]
[475122024160179918406428780392196985015057934410079805504789308644716084141293 1 0 0 0 0 0 0 0 0 0 0 0 0 0 0 0 0 0 0 0 0 0 0 0 0]
[990048367655059676791848675445043934906183677331837818065859783600123717352652 0 1 0 0 0 0 0 0 0 0 0 0 0 0 0 0 0 0 0 0 0 0 0 0 0]
[374191918161071198697598216595975644895637327665637638537436813189574980434165 0 0 1 0 0 0 0 0 0 0 0 0 0 0 0 0 0 0 0 0 0 0 0 0 0]
[1331138323189568962838607892078894141102232621233926903545757731319436541681452 0 0 0 1 0 0 0 0 0 0 0 0 0 0 0 0 0 0 0 0 0 0 0 0 0]
[467387251712806886132278194363351133977902567867793701748757802598809891046056 0 0 0 0 1 0 0 0 0 0 0 0 0 0 0 0 0 0 0 0 0 0 0 0 0]
[1252415602609475686195595970187258092507869317919955879541164853345150130623729 0 0 0 0 0 1 0 0 0 0 0 0 0 0 0 0 0 0 0 0 0 0 0 0 0]
[1054103668667665158809639197299224039846792869997899387724004534680482904960658 0 0 0 0 0 0 1 0 0 0 0 0 0 0 0 0 0 0 0 0 0 0 0 0 0]
[303182700832245638550586609763941785211999058255333326577323409366813463995575 0 0 0 0 0 0 0 1 0 0 0 0 0 0 0 0 0 0 0 0 0 0 0 0 0]
[1232095451644546368526109513046783914975618328699673142127583441654844784734443 0 0 0 0 0 0 0 0 1 0 0 0 0 0 0 0 0 0 0 0 0 0 0 0 0]
[1456729979363987879028837141126295779876412681106108847377880727009567821101959 0 0 0 0 0 0 0 0 0 1 0 0 0 0 0 0 0 0 0 0 0 0 0 0 0]
[221680193858163695689546965977544289759438711331685624654081145822682172478107 0 0 0 0 0 0 0 0 0 0 1 0 0 0 0 0 0 0 0 0 0 0 0 0 0]
[1322272767812603093707458066875237333905056357857959109830928633020933559853779 0 0 0 0 0 0 0 0 0 0 0 1 0 0 0 0 0 0 0 0 0 0 0 0 0]
[275863006814825272019014973537109773091329171042454409963295205832502396444591 0 0 0 0 0 0 0 0 0 0 0 0 1 0 0 0 0 0 0 0 0 0 0 0 0]
[250552121812834434929380129011088259231870139513683221944072754512410006391824 0 0 0 0 0 0 0 0 0 0 0 0 0 1 0 0 0 0 0 0 0 0 0 0 0]
[1390393176080380998250883831437155227743613313200841093015589800861795969919887 0 0 0 0 0 0 0 0 0 0 0 0 0 0 1 0 0 0 0 0 0 0 0 0 0]
[417777742721527400195211989502131109470313253255955342921411797127453145605199 0 0 0 0 0 0 0 0 0 0 0 0 0 0 0 1 0 0 0 0 0 0 0 0 0]
[952161813867419015600142247675667151183286712413884344792251219706526756500412 0 0 0 0 0 0 0 0 0 0 0 0 0 0 0 0 1 0 0 0 0 0 0 0 0]
[395767904860377569658326640711145891482101621913172780276277324637480742848048 0 0 0 0 0 0 0 0 0 0 0 0 0 0 0 0 0 1 0 0 0 0 0 0 0]
[900716312057678100767277087187506399485151457117184735922269706573477175915175 0 0 0 0 0 0 0 0 0 0 0 0 0 0 0 0 0 0 1 0 0 0 0 0 0]
[245203242759856017592914933065990057463371133758072958559752855488024600216891 0 0 0 0 0 0 0 0 0 0 0 0 0 0 0 0 0 0 0 1 0 0 0 0 0]
[433964087458600449300930285556854259749265659025201613479915755546973805296404 0 0 0 0 0 0 0 0 0 0 0 0 0 0 0 0 0 0 0 0 1 0 0 0 0]
[591853535244285879090833840866919388138163828276592212267427281497306535932246 0 0 0 0 0 0 0 0 0 0 0 0 0 0 0 0 0 0 0 0 0 1 0 0 0]
[1103818700790890234960635461746259044915077011592210940290642365242274650010102 0 0 0 0 0 0 0 0 0 0 0 0 0 0 0 0 0 0 0 0 0 0 1 0 0]
[829124245919332990072853939199986194361389783827489799068798070433905468625498 0 0 0 0 0 0 0 0 0 0 0 0 0 0 0 0 0 0 0 0 0 0 0 1 0]
[482183300352661247763044099108576776117081973111684135526059540377333678897431 0 0 0 0 0 0 0 0 0 0 0 0 0 0 0 0 0 0 0 0 0 0 0 0 1]
]
