[[966863340883599169243643366859859421329772078619522100173327503981720905029203 0 0 0 0 0 0 0 0 0 0 0 0 0 0 0 0 0 0 0 0 0 0 0 0 0]
[216567955842600067506842277053067020870987807328284621044705507190292367772096 1 0 0 0 0 0 0 0 0 0 0 0 0 0 0 0 0 0 0 0 0 0 0 0 0]
[388733270444878367150904671394854726018965733499580542699926488418871709370290 0 1 0 0 0 0 0 0 0 0 0 0 0 0 0 0 0 0 0 0 0 0 0 0 0]
[560915276876056030585255870686152965109854901368870471851002439473370157165833 0 0 1 0 0 0 0 0 0 0 0 0 0 0 0 0 0 0 0 0 0 0 0 0 0]
[290724988943077717558775259128531081246035025916373452208808712430669944880659 0 0 0 1 0 0 0 0 0 0 0 0 0 0 0 0 0 0 0 0 0 0 0 0 0]
[4842913829671643155881365845467140082209892406806459377787338101112405266663 0 0 0 0 1 0 0 0 0 0 0 0 0 0 0 0 0 0 0 0 0 0 0 0 0]
[330544262490786129249178623441710975118292902904899134117899086983279910645094 0 0 0 0 0 1 0 0 0 0 0 0 0 0 0 0 0 0 0 0 0 0 0 0 0]
[321575682482381154863260678796997444637798681713152158672550055011367921671462 0 0 0 0 0 0 1 0 0 0 0 0 0 0 0 0 0 0 0 0 0 0 0 0 0]
[530840088580966815863805104026706915852167465049412093862833663010660673181955 0 0 0 0 0 0 0 1 0 0 0 0 0 0 0 0 0 0 0 0 0 0 0 0 0]
[930571964519658419970985741393775494996188702378233330156986601369684586148849 0 0 0 0 0 0 0 0 1 0 0 0 0 0 0 0 0 0 0 0 0 0 0 0 0]
[497108582324102027938171804741583334771722510687231606782673792037079874491703 0 0 0 0 0 0 0 0 0 1 0 0 0 0 0 0 0 0 0 0 0 0 0 0 0]
[349152709913331847595490751179797305087551893245875201573459188161736151591545 0 0 0 0 0 0 0 0 0 0 1 0 0 0 0 0 0 0 0 0 0 0 0 0 0]
[497214821728196526131739755517532351429250511394327072773651826795547785717748 0 0 0 0 0 0 0 0 0 0 0 1 0 0 0 0 0 0 0 0 0 0 0 0 0]
[643106555793389859810336024918291225409324411385489556248823424342706699396906 0 0 0 0 0 0 0 0 0 0 0 0 1 0 0 0 0 0 0 0 0 0 0 0 0]
[131795393026677751044776627375136795939217372325054368371430857173405102083947 0 0 0 0 0 0 0 0 0 0 0 0 0 1 0 0 0 0 0 0 0 0 0 0 0]
[792093205932829827134788132115765080066103460870631109929161433045575621820444 0 0 0 0 0 0 0 0 0 0 0 0 0 0 1 0 0 0 0 0 0 0 0 0 0]
[357546628817987923083410138969036154621581578570947304174723894525569078525722 0 0 0 0 0 0 0 0 0 0 0 0 0 0 0 1 0 0 0 0 0 0 0 0 0]
[341862301931837510975528274884953442490999949692848731661502677014011776485045 0 0 0 0 0 0 0 0 0 0 0 0 0 0 0 0 1 0 0 0 0 0 0 0 0]
[367224920062390347106847348242668831937265032438758883542094184768072795600453 0 0 0 0 0 0 0 0 0 0 0 0 0 0 0 0 0 1 0 0 0 0 0 0 0]
[37807393341698017710241795817050291458242200526270690214000616264573101106798 0 0 0 0 0 0 0 0 0 0 0 0 0 0 0 0 0 0 1 0 0 0 0 0 0]
[766105216891726884325072019741391392575577482731599617468404139176757360818704 0 0 0 0 0 0 0 0 0 0 0 0 0 0 0 0 0 0 0 1 0 0 0 0 0]
[73617042854059913192953390405883022370262728669703746689480794744365415913236 0 0 0 0 0 0 0 0 0 0 0 0 0 0 0 0 0 0 0 0 1 0 0 0 0]
[151904052684978531324921469106035260745434002694173369019203939869047113526027 0 0 0 0 0 0 0 0 0 0 0 0 0 0 0 0 0 0 0 0 0 1 0 0 0]
[334980149467387424105700157979266931019772336333083325412471997741919329288580 0 0 0 0 0 0 0 0 0 0 0 0 0 0 0 0 0 0 0 0 0 0 1 0 0]
[290681076104124377102938021855912044756435452013123347850879379746411261750357 0 0 0 0 0 0 0 0 0 0 0 0 0 0 0 0 0 0 0 0 0 0 0 1 0]
[234212815817818498623138188264625800539512065472820361371696117314672123643862 0 0 0 0 0 0 0 0 0 0 0 0 0 0 0 0 0 0 0 0 0 0 0 0 1]
]
