[[1701040831668631014312553675174618284926294457994833608977456563455039418019879 0 0 0 0 0 0 0 0 0 0 0 0 0 0 0 0 0 0 0 0 0 0 0 0 0]
[846993407288843642389933989268980440558975633560999872828481734456689264190863 1 0 0 0 0 0 0 0 0 0 0 0 0 0 0 0 0 0 0 0 0 0 0 0 0]
[447198030589279830824658263144809806058242142782278817581337337701250140070720 0 1 0 0 0 0 0 0 0 0 0 0 0 0 0 0 0 0 0 0 0 0 0 0 0]
[198277097304011916855188576002859077907101514302118608374304406194777823512761 0 0 1 0 0 0 0 0 0 0 0 0 0 0 0 0 0 0 0 0 0 0 0 0 0]
[858102335496881128485457308865329337958876975869175208653299906178739119921488 0 0 0 1 0 0 0 0 0 0 0 0 0 0 0 0 0 0 0 0 0 0 0 0 0]
[1546298675193131721821563685314306112670241065866786179674861433184238205616833 0 0 0 0 1 0 0 0 0 0 0 0 0 0 0 0 0 0 0 0 0 0 0 0 0]
[411879033346828444570868173804269694762065836609275002481906896995919822386159 0 0 0 0 0 1 0 0 0 0 0 0 0 0 0 0 0 0 0 0 0 0 0 0 0]
[1546168707736637391267752141499852433022000622636847844843634939834558615358115 0 0 0 0 0 0 1 0 0 0 0 0 0 0 0 0 0 0 0 0 0 0 0 0 0]
[927733493605662329260073776961738003907402999930970889895456571427075009563620 0 0 0 0 0 0 0 1 0 0 0 0 0 0 0 0 0 0 0 0 0 0 0 0 0]
[1674531095960243285195840006453841317534882443639706860325488825313713880203038 0 0 0 0 0 0 0 0 1 0 0 0 0 0 0 0 0 0 0 0 0 0 0 0 0]
[967219638282574949234030399525026445315782905804877205078290524775345347176294 0 0 0 0 0 0 0 0 0 1 0 0 0 0 0 0 0 0 0 0 0 0 0 0 0]
[1619685067033927620898772842181838282072452473820208884324946329032608348910194 0 0 0 0 0 0 0 0 0 0 1 0 0 0 0 0 0 0 0 0 0 0 0 0 0]
[1391429578859462323041838001786138132489038226620696187774714934662981755212422 0 0 0 0 0 0 0 0 0 0 0 1 0 0 0 0 0 0 0 0 0 0 0 0 0]
[738765361516175818396673018373101538818759669966317785257233347858496962010945 0 0 0 0 0 0 0 0 0 0 0 0 1 0 0 0 0 0 0 0 0 0 0 0 0]
[585896163162946789919534792248048978350211203716549815051318967925605522502833 0 0 0 0 0 0 0 0 0 0 0 0 0 1 0 0 0 0 0 0 0 0 0 0 0]
[1194183550614431286485982931426999737798963425646623182227433944370815955001567 0 0 0 0 0 0 0 0 0 0 0 0 0 0 1 0 0 0 0 0 0 0 0 0 0]
[392728789811361709830189622140541657065207624588788722415792332630335895460431 0 0 0 0 0 0 0 0 0 0 0 0 0 0 0 1 0 0 0 0 0 0 0 0 0]
[614503473600964794164227194615735479700624470779923947597705427965700767880997 0 0 0 0 0 0 0 0 0 0 0 0 0 0 0 0 1 0 0 0 0 0 0 0 0]
[675263516445929088603771097756618363769398679680884775173140480453477399595845 0 0 0 0 0 0 0 0 0 0 0 0 0 0 0 0 0 1 0 0 0 0 0 0 0]
[1446518316127818023419494057435584611817117153498947088075697962475647659872851 0 0 0 0 0 0 0 0 0 0 0 0 0 0 0 0 0 0 1 0 0 0 0 0 0]
[1122848297712679560568034311627332867605991945470373329486695564304390419431533 0 0 0 0 0 0 0 0 0 0 0 0 0 0 0 0 0 0 0 1 0 0 0 0 0]
[620620726432117475573478135636830298303470951476653046113463732870432104382094 0 0 0 0 0 0 0 0 0 0 0 0 0 0 0 0 0 0 0 0 1 0 0 0 0]
[778538777770096652249558100596468736356036656377789591369424380707248523567550 0 0 0 0 0 0 0 0 0 0 0 0 0 0 0 0 0 0 0 0 0 1 0 0 0]
[4743526321227847953694300478041576993495075559695445614282411940452905550016 0 0 0 0 0 0 0 0 0 0 0 0 0 0 0 0 0 0 0 0 0 0 1 0 0]
[881111854019282549926688773341071728630048031243469679255946374070110216793787 0 0 0 0 0 0 0 0 0 0 0 0 0 0 0 0 0 0 0 0 0 0 0 1 0]
[841534299243377661313099928650943275063299185151291195605498432648869000980982 0 0 0 0 0 0 0 0 0 0 0 0 0 0 0 0 0 0 0 0 0 0 0 0 1]
]
