[[1159560193385867387852324715230012120485751685818054595130745595077281229844101 0 0 0 0 0 0 0 0 0 0 0 0 0 0 0 0 0 0 0 0 0 0 0 0 0]
[691717887511231369541134153806269008828169237277441158666497767391387530936890 1 0 0 0 0 0 0 0 0 0 0 0 0 0 0 0 0 0 0 0 0 0 0 0 0]
[515693203704694151698832631009746724832298783534836487662380925613265339095579 0 1 0 0 0 0 0 0 0 0 0 0 0 0 0 0 0 0 0 0 0 0 0 0 0]
[95107505171618332107382633133927956122176959401772695764053362829709170008648 0 0 1 0 0 0 0 0 0 0 0 0 0 0 0 0 0 0 0 0 0 0 0 0 0]
[809077881380794256634487730900179915837330946824580884284092513951730158538331 0 0 0 1 0 0 0 0 0 0 0 0 0 0 0 0 0 0 0 0 0 0 0 0 0]
[1044724388959326483539181254113491916706359167894948292842634854549912351227812 0 0 0 0 1 0 0 0 0 0 0 0 0 0 0 0 0 0 0 0 0 0 0 0 0]
[937993995397743906293677990784027172253679112668002580081935717081400666528523 0 0 0 0 0 1 0 0 0 0 0 0 0 0 0 0 0 0 0 0 0 0 0 0 0]
[495644268807251515354147580872537722000446108441578045007888254289736363513127 0 0 0 0 0 0 1 0 0 0 0 0 0 0 0 0 0 0 0 0 0 0 0 0 0]
[832159317898672870977349239479989585682232882625271518181961615451313356238104 0 0 0 0 0 0 0 1 0 0 0 0 0 0 0 0 0 0 0 0 0 0 0 0 0]
[335112603452815299181595585552914517709484357213415405120341824759486806266057 0 0 0 0 0 0 0 0 1 0 0 0 0 0 0 0 0 0 0 0 0 0 0 0 0]
[925115353462376920141638006452892685884846291031928498638817906176905530398367 0 0 0 0 0 0 0 0 0 1 0 0 0 0 0 0 0 0 0 0 0 0 0 0 0]
[724246010625825855446520826687716990995662852805658550622817226985738090733028 0 0 0 0 0 0 0 0 0 0 1 0 0 0 0 0 0 0 0 0 0 0 0 0 0]
[706576695634235279013348902549159684213063501915584371861497703058200501238041 0 0 0 0 0 0 0 0 0 0 0 1 0 0 0 0 0 0 0 0 0 0 0 0 0]
[980586270441797045171701430686062471268528989044477688923416641617944750697944 0 0 0 0 0 0 0 0 0 0 0 0 1 0 0 0 0 0 0 0 0 0 0 0 0]
[159387964341460215442596157925255079806059218486873401494985847365497312629203 0 0 0 0 0 0 0 0 0 0 0 0 0 1 0 0 0 0 0 0 0 0 0 0 0]
[262623683194227489293456275489693634891114733230769164241037998895110980107109 0 0 0 0 0 0 0 0 0 0 0 0 0 0 1 0 0 0 0 0 0 0 0 0 0]
[534646341250104620394844326092890995952505894999869702768247659267741886837208 0 0 0 0 0 0 0 0 0 0 0 0 0 0 0 1 0 0 0 0 0 0 0 0 0]
[556162202983674638621649251887701585647528509176789535273901782639907913053513 0 0 0 0 0 0 0 0 0 0 0 0 0 0 0 0 1 0 0 0 0 0 0 0 0]
[1068269823946482306557658957417518974920740866944759848126369494041161727952113 0 0 0 0 0 0 0 0 0 0 0 0 0 0 0 0 0 1 0 0 0 0 0 0 0]
[34643980296513440893897954364531093860360833255959080785101877247322041443653 0 0 0 0 0 0 0 0 0 0 0 0 0 0 0 0 0 0 1 0 0 0 0 0 0]
[1054637788111473178173764879538388850306545511854872685724581595731320820861080 0 0 0 0 0 0 0 0 0 0 0 0 0 0 0 0 0 0 0 1 0 0 0 0 0]
[871857450140981495286460288497514832160281841044517427031497588581333949629725 0 0 0 0 0 0 0 0 0 0 0 0 0 0 0 0 0 0 0 0 1 0 0 0 0]
[392492899020673541085153982430361479802338512559411099960344263915198792097880 0 0 0 0 0 0 0 0 0 0 0 0 0 0 0 0 0 0 0 0 0 1 0 0 0]
[924941679005745306189015892391670524245500392803567812005616634400202270636224 0 0 0 0 0 0 0 0 0 0 0 0 0 0 0 0 0 0 0 0 0 0 1 0 0]
[96875631368712017377743641313626534933126870243559961594841083075332292139234 0 0 0 0 0 0 0 0 0 0 0 0 0 0 0 0 0 0 0 0 0 0 0 1 0]
[234155484011307115689402918638754045203170832679318608144368472363826571747912 0 0 0 0 0 0 0 0 0 0 0 0 0 0 0 0 0 0 0 0 0 0 0 0 1]
]
