[[1762418207629792206606950792726941253845887034984249527918551280503024303338051 0 0 0 0 0 0 0 0 0 0 0 0 0 0 0 0 0 0 0 0 0 0 0 0 0]
[1662874159727262915380009779449438185760358248659850765699846480155667155370392 1 0 0 0 0 0 0 0 0 0 0 0 0 0 0 0 0 0 0 0 0 0 0 0 0]
[1465839767683081556655444253567221387285458415120733409879078735554460788057304 0 1 0 0 0 0 0 0 0 0 0 0 0 0 0 0 0 0 0 0 0 0 0 0 0]
[196629492042918275931762087188274755319505474615076339657736134563437310931068 0 0 1 0 0 0 0 0 0 0 0 0 0 0 0 0 0 0 0 0 0 0 0 0 0]
[30992680563184675891173819151912729518229460251280036561886279952102699536461 0 0 0 1 0 0 0 0 0 0 0 0 0 0 0 0 0 0 0 0 0 0 0 0 0]
[578719733117216244003200264385705703581618023773097282707941178343767502241829 0 0 0 0 1 0 0 0 0 0 0 0 0 0 0 0 0 0 0 0 0 0 0 0 0]
[228705915983598375016194415182027910445991348862800879293761637130896369942334 0 0 0 0 0 1 0 0 0 0 0 0 0 0 0 0 0 0 0 0 0 0 0 0 0]
[822986633786759817190172906622187660224469005368793559872803001300440091671638 0 0 0 0 0 0 1 0 0 0 0 0 0 0 0 0 0 0 0 0 0 0 0 0 0]
[696823063764931318947741698999123416926468744092250795566721568494209908028800 0 0 0 0 0 0 0 1 0 0 0 0 0 0 0 0 0 0 0 0 0 0 0 0 0]
[561079463332062648677566165756857361567259446764667920702006683948017993845761 0 0 0 0 0 0 0 0 1 0 0 0 0 0 0 0 0 0 0 0 0 0 0 0 0]
[1125622340739987349205328028391381422112024807528372713891962022018082425054670 0 0 0 0 0 0 0 0 0 1 0 0 0 0 0 0 0 0 0 0 0 0 0 0 0]
[1186560292556612149145015161007724505094420688657107919037365019375815885361789 0 0 0 0 0 0 0 0 0 0 1 0 0 0 0 0 0 0 0 0 0 0 0 0 0]
[711970285026802237595543673699857081319958737619204188739725528887914433570231 0 0 0 0 0 0 0 0 0 0 0 1 0 0 0 0 0 0 0 0 0 0 0 0 0]
[16400262962097297741514888116815956121768142562175576547053989281840641865434 0 0 0 0 0 0 0 0 0 0 0 0 1 0 0 0 0 0 0 0 0 0 0 0 0]
[45784592971187649565939101607017804330755003687216932116913085449121295685794 0 0 0 0 0 0 0 0 0 0 0 0 0 1 0 0 0 0 0 0 0 0 0 0 0]
[1091103094192890228656142889569344634263381514711967749724992664117945386155792 0 0 0 0 0 0 0 0 0 0 0 0 0 0 1 0 0 0 0 0 0 0 0 0 0]
[1416142985714474800445417528234546455782397652495426116352540223126383351572480 0 0 0 0 0 0 0 0 0 0 0 0 0 0 0 1 0 0 0 0 0 0 0 0 0]
[1189857172104455794286486738068484577417980753897594544294568506735603829891267 0 0 0 0 0 0 0 0 0 0 0 0 0 0 0 0 1 0 0 0 0 0 0 0 0]
[1101197282803811433142524587917245499990255344128486520286652259074488651386321 0 0 0 0 0 0 0 0 0 0 0 0 0 0 0 0 0 1 0 0 0 0 0 0 0]
[894174063083212619123673657770769491027808716102992369548490383035437356844017 0 0 0 0 0 0 0 0 0 0 0 0 0 0 0 0 0 0 1 0 0 0 0 0 0]
[458305228582374092688518267536326298617026486358805650517286817053536061689663 0 0 0 0 0 0 0 0 0 0 0 0 0 0 0 0 0 0 0 1 0 0 0 0 0]
[1138492962241242640308631548777067202794178660324238809662850151068639411020886 0 0 0 0 0 0 0 0 0 0 0 0 0 0 0 0 0 0 0 0 1 0 0 0 0]
[1743070109675502457837016199134968780759210636670111449387257584475129376232055 0 0 0 0 0 0 0 0 0 0 0 0 0 0 0 0 0 0 0 0 0 1 0 0 0]
[923206177400995549082119651983530232450401981989597411321075916682536017733848 0 0 0 0 0 0 0 0 0 0 0 0 0 0 0 0 0 0 0 0 0 0 1 0 0]
[1228472476082107911402963613171325544229689420068308806438741981438307249557795 0 0 0 0 0 0 0 0 0 0 0 0 0 0 0 0 0 0 0 0 0 0 0 1 0]
[1751335590011948204680004023082751679534699767970318135885932876013641602895924 0 0 0 0 0 0 0 0 0 0 0 0 0 0 0 0 0 0 0 0 0 0 0 0 1]
]
