[[1817042700041890479219128970211436836792329980126499914539759370872628654453519 0 0 0 0 0 0 0 0 0 0 0 0 0 0 0 0 0 0 0 0 0 0 0 0 0]
[805114739521400646855668426303091694030189154676643386279695033131512135731851 1 0 0 0 0 0 0 0 0 0 0 0 0 0 0 0 0 0 0 0 0 0 0 0 0]
[1489105084945990370292909757952262176521253729994414694297889904679106527506944 0 1 0 0 0 0 0 0 0 0 0 0 0 0 0 0 0 0 0 0 0 0 0 0 0]
[1157575832451419301265512463161312051276327243976402050371569554364005957218727 0 0 1 0 0 0 0 0 0 0 0 0 0 0 0 0 0 0 0 0 0 0 0 0 0]
[1164081495225375658106213440078841469687070750325907415616158649363282312996445 0 0 0 1 0 0 0 0 0 0 0 0 0 0 0 0 0 0 0 0 0 0 0 0 0]
[388221127935573920996678323296210655382593706551567153599929331682442734591092 0 0 0 0 1 0 0 0 0 0 0 0 0 0 0 0 0 0 0 0 0 0 0 0 0]
[1092790111050039051489335861513687205372635717300292608731408843862909050398148 0 0 0 0 0 1 0 0 0 0 0 0 0 0 0 0 0 0 0 0 0 0 0 0 0]
[510359065315684578097190639785491604400084912091106000090545359118244243858355 0 0 0 0 0 0 1 0 0 0 0 0 0 0 0 0 0 0 0 0 0 0 0 0 0]
[1398075932203784525611893945439026030980063191158564969921150974991245908634158 0 0 0 0 0 0 0 1 0 0 0 0 0 0 0 0 0 0 0 0 0 0 0 0 0]
[1598801244589762316359095733463229846281977434082517510935673404763541740548682 0 0 0 0 0 0 0 0 1 0 0 0 0 0 0 0 0 0 0 0 0 0 0 0 0]
[335894615907197374286187931876968045386905176596166616375963847705583030523443 0 0 0 0 0 0 0 0 0 1 0 0 0 0 0 0 0 0 0 0 0 0 0 0 0]
[1722221790517067714276028456021909533487821201138266442218343156697766107321665 0 0 0 0 0 0 0 0 0 0 1 0 0 0 0 0 0 0 0 0 0 0 0 0 0]
[239296612331557352474585926374125920176163385533091921647727073439091660738035 0 0 0 0 0 0 0 0 0 0 0 1 0 0 0 0 0 0 0 0 0 0 0 0 0]
[1675148015537021296789797923279962404749811513523443697074749082324037931812576 0 0 0 0 0 0 0 0 0 0 0 0 1 0 0 0 0 0 0 0 0 0 0 0 0]
[1218142328868091112075835663084976208622441444483052523288013323776287932966743 0 0 0 0 0 0 0 0 0 0 0 0 0 1 0 0 0 0 0 0 0 0 0 0 0]
[1395556918796837196610964607837373592914095488650211580908186342869829827389366 0 0 0 0 0 0 0 0 0 0 0 0 0 0 1 0 0 0 0 0 0 0 0 0 0]
[644727694328499720100331230482214269619909566695713436926128515597823170311982 0 0 0 0 0 0 0 0 0 0 0 0 0 0 0 1 0 0 0 0 0 0 0 0 0]
[747601929612494379517955077998310610676981775431225303413623943193561623423278 0 0 0 0 0 0 0 0 0 0 0 0 0 0 0 0 1 0 0 0 0 0 0 0 0]
[1363504332999685617455178933911358773258582101759501395549921416279707141375927 0 0 0 0 0 0 0 0 0 0 0 0 0 0 0 0 0 1 0 0 0 0 0 0 0]
[1173906727582626449032608855861877682474605719048443933190730488105714676909220 0 0 0 0 0 0 0 0 0 0 0 0 0 0 0 0 0 0 1 0 0 0 0 0 0]
[1793347563920910667398209984014510774053378892981594894580577690813385617720863 0 0 0 0 0 0 0 0 0 0 0 0 0 0 0 0 0 0 0 1 0 0 0 0 0]
[1808468601748790518942696596334352060222812695861925432520957996572184343940461 0 0 0 0 0 0 0 0 0 0 0 0 0 0 0 0 0 0 0 0 1 0 0 0 0]
[1184045164591092111454502486676890450920145684935910264232197525461236681095435 0 0 0 0 0 0 0 0 0 0 0 0 0 0 0 0 0 0 0 0 0 1 0 0 0]
[933935206954678354998340257389041887799638963618323159397288581538256159065306 0 0 0 0 0 0 0 0 0 0 0 0 0 0 0 0 0 0 0 0 0 0 1 0 0]
[638340809216482930000458993113465911512078018088222804150058861227993217489852 0 0 0 0 0 0 0 0 0 0 0 0 0 0 0 0 0 0 0 0 0 0 0 1 0]
[271280396739994683204903065282194151572187658370849729954139571209124552388592 0 0 0 0 0 0 0 0 0 0 0 0 0 0 0 0 0 0 0 0 0 0 0 0 1]
]
