[[1737756515696634049704850809314916529443160976407200348845939628423893652814447 0 0 0 0 0 0 0 0 0 0 0 0 0 0 0 0 0 0 0 0 0 0 0 0 0]
[896332177328809754470636494913990687434883884398917242486484596577000679163768 1 0 0 0 0 0 0 0 0 0 0 0 0 0 0 0 0 0 0 0 0 0 0 0 0]
[50994665120715946414438584001605368343131827147607000479058992405271666208635 0 1 0 0 0 0 0 0 0 0 0 0 0 0 0 0 0 0 0 0 0 0 0 0 0]
[1275568178431672871720929518773075486177348956946615427964024270763279341503563 0 0 1 0 0 0 0 0 0 0 0 0 0 0 0 0 0 0 0 0 0 0 0 0 0]
[646656187810828770371673833443469736255038481288206523467535435329502659316113 0 0 0 1 0 0 0 0 0 0 0 0 0 0 0 0 0 0 0 0 0 0 0 0 0]
[910966371416539056276865923626307207288894551820953789760196122460342289909847 0 0 0 0 1 0 0 0 0 0 0 0 0 0 0 0 0 0 0 0 0 0 0 0 0]
[468682884406760646297358677424901751448897577854372048471573587191349385032629 0 0 0 0 0 1 0 0 0 0 0 0 0 0 0 0 0 0 0 0 0 0 0 0 0]
[933737584819574579208382583831654299626481087233052078682205065221364488609975 0 0 0 0 0 0 1 0 0 0 0 0 0 0 0 0 0 0 0 0 0 0 0 0 0]
[1141778292620144527919549834071090925727603476831760264798942701397535222421337 0 0 0 0 0 0 0 1 0 0 0 0 0 0 0 0 0 0 0 0 0 0 0 0 0]
[1267908934300806914496413076485740423708429768870446115421887167976926606920392 0 0 0 0 0 0 0 0 1 0 0 0 0 0 0 0 0 0 0 0 0 0 0 0 0]
[1062373533747041603215926963987240289858090893899323554309603487736564543618229 0 0 0 0 0 0 0 0 0 1 0 0 0 0 0 0 0 0 0 0 0 0 0 0 0]
[586267840092149131178449856705159873765865079365719883159081392017528198384716 0 0 0 0 0 0 0 0 0 0 1 0 0 0 0 0 0 0 0 0 0 0 0 0 0]
[202976725419888284107014956773714458261955582939844110333380828900205619605410 0 0 0 0 0 0 0 0 0 0 0 1 0 0 0 0 0 0 0 0 0 0 0 0 0]
[1277207600852031059193706633846533990328390327435173906695999844329420936860913 0 0 0 0 0 0 0 0 0 0 0 0 1 0 0 0 0 0 0 0 0 0 0 0 0]
[388816243607029064734978840272905599193356159772061553323544856392285459764867 0 0 0 0 0 0 0 0 0 0 0 0 0 1 0 0 0 0 0 0 0 0 0 0 0]
[1331407111904149086513048682661953406210423400994405699571193071686416680988881 0 0 0 0 0 0 0 0 0 0 0 0 0 0 1 0 0 0 0 0 0 0 0 0 0]
[561180585574898517463996556409991375470050558060931752431191531516154819738562 0 0 0 0 0 0 0 0 0 0 0 0 0 0 0 1 0 0 0 0 0 0 0 0 0]
[915450880890933019508446533158452234886613659885501402068882440448953899885393 0 0 0 0 0 0 0 0 0 0 0 0 0 0 0 0 1 0 0 0 0 0 0 0 0]
[1435392462686774325269730160405268161721695535817083629021153730515835028185348 0 0 0 0 0 0 0 0 0 0 0 0 0 0 0 0 0 1 0 0 0 0 0 0 0]
[1527219018272127582991337796929548565974120623919548299513916913801106152466677 0 0 0 0 0 0 0 0 0 0 0 0 0 0 0 0 0 0 1 0 0 0 0 0 0]
[153816473449487559716058301432144694608925735648396702965954502695979085698594 0 0 0 0 0 0 0 0 0 0 0 0 0 0 0 0 0 0 0 1 0 0 0 0 0]
[1545626845193813240257502299481775342455424558321888353663051159300661448782139 0 0 0 0 0 0 0 0 0 0 0 0 0 0 0 0 0 0 0 0 1 0 0 0 0]
[165967701196380055716137532009724699458353394071770357246087018377811575588790 0 0 0 0 0 0 0 0 0 0 0 0 0 0 0 0 0 0 0 0 0 1 0 0 0]
[1376597182099944384816711020328784176383320355448559437727299575303296746719144 0 0 0 0 0 0 0 0 0 0 0 0 0 0 0 0 0 0 0 0 0 0 1 0 0]
[471407881896906018782938653615071851026770506762250696472109404538063630661919 0 0 0 0 0 0 0 0 0 0 0 0 0 0 0 0 0 0 0 0 0 0 0 1 0]
[117635952571066539007374054582407853941189703144331403920132676891556103948226 0 0 0 0 0 0 0 0 0 0 0 0 0 0 0 0 0 0 0 0 0 0 0 0 1]
]
