[[1162692343782555194983199372190525056532165498331717702577977180791914255850437 0 0 0 0 0 0 0 0 0 0 0 0 0 0 0 0 0 0 0 0 0 0 0 0 0]
[355857802467858783463207775167435144551842585432762637083590962880881039725480 1 0 0 0 0 0 0 0 0 0 0 0 0 0 0 0 0 0 0 0 0 0 0 0 0]
[891973155019216449383815497642798723606577110368604612516799633609868452963286 0 1 0 0 0 0 0 0 0 0 0 0 0 0 0 0 0 0 0 0 0 0 0 0 0]
[684591985437047775482594211825829340989910917379059121346639710498335432350035 0 0 1 0 0 0 0 0 0 0 0 0 0 0 0 0 0 0 0 0 0 0 0 0 0]
[632803784594559278861862959114657720131691315484428562420239788758792612471254 0 0 0 1 0 0 0 0 0 0 0 0 0 0 0 0 0 0 0 0 0 0 0 0 0]
[1013281882068768156347741586700000080089388009108105528301008863973752605834523 0 0 0 0 1 0 0 0 0 0 0 0 0 0 0 0 0 0 0 0 0 0 0 0 0]
[985890416229204270543356481163507803001517388168639577008512883336676275833502 0 0 0 0 0 1 0 0 0 0 0 0 0 0 0 0 0 0 0 0 0 0 0 0 0]
[250719388375434195559277368124477445518268400094105683350216099862312072400482 0 0 0 0 0 0 1 0 0 0 0 0 0 0 0 0 0 0 0 0 0 0 0 0 0]
[410310814233384032677388895956934732599796539076268464992368349998768691121514 0 0 0 0 0 0 0 1 0 0 0 0 0 0 0 0 0 0 0 0 0 0 0 0 0]
[357255001207968044033201579379828392114928507495032926276494785182364467114952 0 0 0 0 0 0 0 0 1 0 0 0 0 0 0 0 0 0 0 0 0 0 0 0 0]
[1033866555655987110748303339332907073482757087417655438099536621113216857374888 0 0 0 0 0 0 0 0 0 1 0 0 0 0 0 0 0 0 0 0 0 0 0 0 0]
[969323821106123343077531629711051162400033800825656658339203938628046706018758 0 0 0 0 0 0 0 0 0 0 1 0 0 0 0 0 0 0 0 0 0 0 0 0 0]
[59854018374216829427514987436996240226665392193500741564610716245291175854934 0 0 0 0 0 0 0 0 0 0 0 1 0 0 0 0 0 0 0 0 0 0 0 0 0]
[191180196410062573780522899879301601400095369223074788270774046919673472366554 0 0 0 0 0 0 0 0 0 0 0 0 1 0 0 0 0 0 0 0 0 0 0 0 0]
[37894680392452366338514260797994575537917335260622209459571285462934436303441 0 0 0 0 0 0 0 0 0 0 0 0 0 1 0 0 0 0 0 0 0 0 0 0 0]
[774297695216523770271583630388307916792681297481661583656470586332859604869111 0 0 0 0 0 0 0 0 0 0 0 0 0 0 1 0 0 0 0 0 0 0 0 0 0]
[862553160381247097109914418282772079900155594112074089056945660332968494983348 0 0 0 0 0 0 0 0 0 0 0 0 0 0 0 1 0 0 0 0 0 0 0 0 0]
[178845957418319381120657866939498461839292221952540157350175359970657932226279 0 0 0 0 0 0 0 0 0 0 0 0 0 0 0 0 1 0 0 0 0 0 0 0 0]
[821906520852312464531399929139702465440463818651151704885074647510061772455103 0 0 0 0 0 0 0 0 0 0 0 0 0 0 0 0 0 1 0 0 0 0 0 0 0]
[150892519051810616355556333151259676872140808851570111488545527064875956901659 0 0 0 0 0 0 0 0 0 0 0 0 0 0 0 0 0 0 1 0 0 0 0 0 0]
[663823245826700397942851232030094035554445536365837612079176141884201806071963 0 0 0 0 0 0 0 0 0 0 0 0 0 0 0 0 0 0 0 1 0 0 0 0 0]
[1149149156190856426361655304672827606795718353301825941818745821887350430814978 0 0 0 0 0 0 0 0 0 0 0 0 0 0 0 0 0 0 0 0 1 0 0 0 0]
[671818302997298124356475398758339905474550530769411444068102998216686130827044 0 0 0 0 0 0 0 0 0 0 0 0 0 0 0 0 0 0 0 0 0 1 0 0 0]
[542624791876540148368344180648269878034714808662934321976878914969930307004598 0 0 0 0 0 0 0 0 0 0 0 0 0 0 0 0 0 0 0 0 0 0 1 0 0]
[303575532171778779832066234519228589941679165816144740562725219947575216427699 0 0 0 0 0 0 0 0 0 0 0 0 0 0 0 0 0 0 0 0 0 0 0 1 0]
[343601424529339472428627557718236469807414138033712999948500253237486458554598 0 0 0 0 0 0 0 0 0 0 0 0 0 0 0 0 0 0 0 0 0 0 0 0 1]
]
