[[1120878530609098208536579985937249285388727861937941250567298518082187709874007 0 0 0 0 0 0 0 0 0 0 0 0 0 0 0 0 0 0 0 0 0 0 0 0 0]
[248339392199765809836870528999635299194517736282810404132798747673871450051312 1 0 0 0 0 0 0 0 0 0 0 0 0 0 0 0 0 0 0 0 0 0 0 0 0]
[1080516370827753993254048191690972434742652788085372702579822607012910662008255 0 1 0 0 0 0 0 0 0 0 0 0 0 0 0 0 0 0 0 0 0 0 0 0 0]
[346367987427324717954814558625200685634093548369266991632132129912697238431757 0 0 1 0 0 0 0 0 0 0 0 0 0 0 0 0 0 0 0 0 0 0 0 0 0]
[120929285865474524909501562887345002837291420781899082738410300196449499246630 0 0 0 1 0 0 0 0 0 0 0 0 0 0 0 0 0 0 0 0 0 0 0 0 0]
[821923712163803478079717425005875783473774178022054302844058958275387510054805 0 0 0 0 1 0 0 0 0 0 0 0 0 0 0 0 0 0 0 0 0 0 0 0 0]
[1105646791114485410693962882249552882289058501268236236405298364185939785952267 0 0 0 0 0 1 0 0 0 0 0 0 0 0 0 0 0 0 0 0 0 0 0 0 0]
[283442972592231792413924833059040838137998645104863543351876224261809072262413 0 0 0 0 0 0 1 0 0 0 0 0 0 0 0 0 0 0 0 0 0 0 0 0 0]
[416266580635675611390118788701579755590231582172312713096888246731404174508392 0 0 0 0 0 0 0 1 0 0 0 0 0 0 0 0 0 0 0 0 0 0 0 0 0]
[584793392216782579714214570874949117822299565927443373720774896620358543465959 0 0 0 0 0 0 0 0 1 0 0 0 0 0 0 0 0 0 0 0 0 0 0 0 0]
[957070800982076121468980178356551998911379304826220521141865501935012493255229 0 0 0 0 0 0 0 0 0 1 0 0 0 0 0 0 0 0 0 0 0 0 0 0 0]
[710623948596634624890548728856984725242921472567059858260289469832758654021945 0 0 0 0 0 0 0 0 0 0 1 0 0 0 0 0 0 0 0 0 0 0 0 0 0]
[1066301808335755337637227738807080354888337750109178070017286355307770340209976 0 0 0 0 0 0 0 0 0 0 0 1 0 0 0 0 0 0 0 0 0 0 0 0 0]
[938541766225263148128847776080710388770385420651826979157399724726904163763091 0 0 0 0 0 0 0 0 0 0 0 0 1 0 0 0 0 0 0 0 0 0 0 0 0]
[1109678406902985808888852871180111762058297693650858291638717617059895851178052 0 0 0 0 0 0 0 0 0 0 0 0 0 1 0 0 0 0 0 0 0 0 0 0 0]
[501332675597807477667232659798100272025366554522496103477856567794688149821724 0 0 0 0 0 0 0 0 0 0 0 0 0 0 1 0 0 0 0 0 0 0 0 0 0]
[667088088074405312933609859002683780654738089175183313527964999176197477907877 0 0 0 0 0 0 0 0 0 0 0 0 0 0 0 1 0 0 0 0 0 0 0 0 0]
[790624389708699987723778326853600289680601550204303017283559365640605059948085 0 0 0 0 0 0 0 0 0 0 0 0 0 0 0 0 1 0 0 0 0 0 0 0 0]
[585137891668379470633936951983763735497259508597591106045896881869754579060343 0 0 0 0 0 0 0 0 0 0 0 0 0 0 0 0 0 1 0 0 0 0 0 0 0]
[101873719402663403510084992329669108027936789854008136422164763772529539677110 0 0 0 0 0 0 0 0 0 0 0 0 0 0 0 0 0 0 1 0 0 0 0 0 0]
[955961936270929547338368261925429681860322389850718601518433451828125038759621 0 0 0 0 0 0 0 0 0 0 0 0 0 0 0 0 0 0 0 1 0 0 0 0 0]
[392040813642438865093996056483749585430848187210658072450634793917560937563728 0 0 0 0 0 0 0 0 0 0 0 0 0 0 0 0 0 0 0 0 1 0 0 0 0]
[1002304199170578214102791083402253408348938047558990297593869281291292906007665 0 0 0 0 0 0 0 0 0 0 0 0 0 0 0 0 0 0 0 0 0 1 0 0 0]
[1010984441780126043669537064966292603445526008465419859512893369310512915994321 0 0 0 0 0 0 0 0 0 0 0 0 0 0 0 0 0 0 0 0 0 0 1 0 0]
[515307260815606158611236503303163037460496461890742423633164159971073912806837 0 0 0 0 0 0 0 0 0 0 0 0 0 0 0 0 0 0 0 0 0 0 0 1 0]
[970164729479960752345953574027754829559758536907982620191388541257163382364649 0 0 0 0 0 0 0 0 0 0 0 0 0 0 0 0 0 0 0 0 0 0 0 0 1]
]
