[[958486839062137428624906975734319760399220012424671262672441778683027143664773 0 0 0 0 0 0 0 0 0 0 0 0 0 0 0 0 0 0 0 0 0 0 0 0 0]
[118262830830098391126941668575292371809151925013425187817735408309285510775756 1 0 0 0 0 0 0 0 0 0 0 0 0 0 0 0 0 0 0 0 0 0 0 0 0]
[260896460117965830855734883668610620181566407612834470008805822896566240755124 0 1 0 0 0 0 0 0 0 0 0 0 0 0 0 0 0 0 0 0 0 0 0 0 0]
[620924088816577912985071640182587641817586322370641660779862515170117744780264 0 0 1 0 0 0 0 0 0 0 0 0 0 0 0 0 0 0 0 0 0 0 0 0 0]
[525987199250351568052030576790332635194584317573044174395823191115061722460679 0 0 0 1 0 0 0 0 0 0 0 0 0 0 0 0 0 0 0 0 0 0 0 0 0]
[248528763740743466794546981200526031483963834205991442927472856335563964671557 0 0 0 0 1 0 0 0 0 0 0 0 0 0 0 0 0 0 0 0 0 0 0 0 0]
[289593112979054817948821269426320584883606601499136299124801436516092492279892 0 0 0 0 0 1 0 0 0 0 0 0 0 0 0 0 0 0 0 0 0 0 0 0 0]
[93293573847963605445237596275587453235786255350034742440805788598505813634625 0 0 0 0 0 0 1 0 0 0 0 0 0 0 0 0 0 0 0 0 0 0 0 0 0]
[752793958005520428418677148960376722734244064779368692511607741993774294235490 0 0 0 0 0 0 0 1 0 0 0 0 0 0 0 0 0 0 0 0 0 0 0 0 0]
[155393519418111699499700581031183849295469926014391735204163003627976556376703 0 0 0 0 0 0 0 0 1 0 0 0 0 0 0 0 0 0 0 0 0 0 0 0 0]
[779402912146816931451388462074535269104119789011439563709894356727167778145473 0 0 0 0 0 0 0 0 0 1 0 0 0 0 0 0 0 0 0 0 0 0 0 0 0]
[292686552369339357431533375387994459721992874399001293020125306618931929202322 0 0 0 0 0 0 0 0 0 0 1 0 0 0 0 0 0 0 0 0 0 0 0 0 0]
[763320394744412082105977672774722010151082354868270719731912465794651203710397 0 0 0 0 0 0 0 0 0 0 0 1 0 0 0 0 0 0 0 0 0 0 0 0 0]
[120251643321271550737830053367062641500732540464855723991097040704368750569925 0 0 0 0 0 0 0 0 0 0 0 0 1 0 0 0 0 0 0 0 0 0 0 0 0]
[870014356232703726590424184783863189815566143738650004239552635944423945252888 0 0 0 0 0 0 0 0 0 0 0 0 0 1 0 0 0 0 0 0 0 0 0 0 0]
[622688153508898084391306016438114561512309215459488103148797819704822312916238 0 0 0 0 0 0 0 0 0 0 0 0 0 0 1 0 0 0 0 0 0 0 0 0 0]
[188378275200974083200191343260838893116053729909909507341635691203566228536223 0 0 0 0 0 0 0 0 0 0 0 0 0 0 0 1 0 0 0 0 0 0 0 0 0]
[54851690338212987379375862530267105338296558274775862703138262721484938757965 0 0 0 0 0 0 0 0 0 0 0 0 0 0 0 0 1 0 0 0 0 0 0 0 0]
[654443223416429828355626901652320661819848915381729760003820053946432274146332 0 0 0 0 0 0 0 0 0 0 0 0 0 0 0 0 0 1 0 0 0 0 0 0 0]
[285617665397795952046897681543544851227542358047027469928313782522555565892913 0 0 0 0 0 0 0 0 0 0 0 0 0 0 0 0 0 0 1 0 0 0 0 0 0]
[652457152993156147180741070522293614605589869870803498494807651935713143819459 0 0 0 0 0 0 0 0 0 0 0 0 0 0 0 0 0 0 0 1 0 0 0 0 0]
[548629499796361978491950438493243972900205843032167181556339283806296823878562 0 0 0 0 0 0 0 0 0 0 0 0 0 0 0 0 0 0 0 0 1 0 0 0 0]
[490580290381436599243561291969536335341678856793634957689067648957529924833165 0 0 0 0 0 0 0 0 0 0 0 0 0 0 0 0 0 0 0 0 0 1 0 0 0]
[85520495922573762308806045664321569497322994726069174664478057991213810698309 0 0 0 0 0 0 0 0 0 0 0 0 0 0 0 0 0 0 0 0 0 0 1 0 0]
[479788771124355055260966038108376789828595632646774216510725324589379287493896 0 0 0 0 0 0 0 0 0 0 0 0 0 0 0 0 0 0 0 0 0 0 0 1 0]
[719874211662302868176765042625002088603437042460561841681514974606169591366762 0 0 0 0 0 0 0 0 0 0 0 0 0 0 0 0 0 0 0 0 0 0 0 0 1]
]
