[[1105494535959588916402558446599870556914518507585054933390973820627085198154279 0 0 0 0 0 0 0 0 0 0 0 0 0 0 0 0 0 0 0 0 0 0 0 0 0]
[766747370047539224071491685361584350147990591707074068053813767382105133894980 1 0 0 0 0 0 0 0 0 0 0 0 0 0 0 0 0 0 0 0 0 0 0 0 0]
[673929824903067313257222970150867710911611161796761933968848018880859548308492 0 1 0 0 0 0 0 0 0 0 0 0 0 0 0 0 0 0 0 0 0 0 0 0 0]
[250440701421177129751298904753030006240754302819273867309938813346529645824590 0 0 1 0 0 0 0 0 0 0 0 0 0 0 0 0 0 0 0 0 0 0 0 0 0]
[679416949582829182638074871631840153592501978346746300467633061124793714124655 0 0 0 1 0 0 0 0 0 0 0 0 0 0 0 0 0 0 0 0 0 0 0 0 0]
[1081978835460330726958083057353860362480900798833375660112811426845117222249627 0 0 0 0 1 0 0 0 0 0 0 0 0 0 0 0 0 0 0 0 0 0 0 0 0]
[44183613355940093009675035095127000793379540963188504891397048224775976307454 0 0 0 0 0 1 0 0 0 0 0 0 0 0 0 0 0 0 0 0 0 0 0 0 0]
[190452757880579771280454133002010335830624380084433679310084618501490308006977 0 0 0 0 0 0 1 0 0 0 0 0 0 0 0 0 0 0 0 0 0 0 0 0 0]
[339186709435503984361263999200301907347350641107368675298569717337459765724610 0 0 0 0 0 0 0 1 0 0 0 0 0 0 0 0 0 0 0 0 0 0 0 0 0]
[999263255230911924550228320633050515682882636552181788735298304654589227372075 0 0 0 0 0 0 0 0 1 0 0 0 0 0 0 0 0 0 0 0 0 0 0 0 0]
[344236896834841847195337310546945356370339320726333996932808996907357182854151 0 0 0 0 0 0 0 0 0 1 0 0 0 0 0 0 0 0 0 0 0 0 0 0 0]
[923128125228528088770717972427846577917282442717109618716897846884632067815790 0 0 0 0 0 0 0 0 0 0 1 0 0 0 0 0 0 0 0 0 0 0 0 0 0]
[73534614334468711294579439117976416740101912692294658431983108697965730317992 0 0 0 0 0 0 0 0 0 0 0 1 0 0 0 0 0 0 0 0 0 0 0 0 0]
[314931626371644240252713099457949557663653085951592679877065712763326064032774 0 0 0 0 0 0 0 0 0 0 0 0 1 0 0 0 0 0 0 0 0 0 0 0 0]
[489034708778581636555989138810683390327420370334054324553027892505513935216975 0 0 0 0 0 0 0 0 0 0 0 0 0 1 0 0 0 0 0 0 0 0 0 0 0]
[630340547187911499524248420541967869351092796263767900813281755407278433112868 0 0 0 0 0 0 0 0 0 0 0 0 0 0 1 0 0 0 0 0 0 0 0 0 0]
[434543102642109140180752755331576473936775105917534486519831991923264040891668 0 0 0 0 0 0 0 0 0 0 0 0 0 0 0 1 0 0 0 0 0 0 0 0 0]
[256483505706498382654514152497790171264380289483571572196143337945027300212673 0 0 0 0 0 0 0 0 0 0 0 0 0 0 0 0 1 0 0 0 0 0 0 0 0]
[179128227633901655510736794412944873290400596964883402767649854863336111014242 0 0 0 0 0 0 0 0 0 0 0 0 0 0 0 0 0 1 0 0 0 0 0 0 0]
[368150302706268202515989225336332214174351340039474427623429862017798489584419 0 0 0 0 0 0 0 0 0 0 0 0 0 0 0 0 0 0 1 0 0 0 0 0 0]
[1036212989777004566586154116817998988561492897053246475684356209493768834166353 0 0 0 0 0 0 0 0 0 0 0 0 0 0 0 0 0 0 0 1 0 0 0 0 0]
[846034818986525530522891778534825315073546824413277880677414182295234044134207 0 0 0 0 0 0 0 0 0 0 0 0 0 0 0 0 0 0 0 0 1 0 0 0 0]
[175067895178396357436688860683174672306246543001516945758567617293974667625856 0 0 0 0 0 0 0 0 0 0 0 0 0 0 0 0 0 0 0 0 0 1 0 0 0]
[555794762386389164304289083272475226988954320247505442674783464359676619199318 0 0 0 0 0 0 0 0 0 0 0 0 0 0 0 0 0 0 0 0 0 0 1 0 0]
[71317431490940515572806258340929218584576066233549359314287142533618541025591 0 0 0 0 0 0 0 0 0 0 0 0 0 0 0 0 0 0 0 0 0 0 0 1 0]
[192426651630436142096550235382023354967577386462411104884784701896742459966303 0 0 0 0 0 0 0 0 0 0 0 0 0 0 0 0 0 0 0 0 0 0 0 0 1]
]
