[[1500684046459466006933579504784520191626390094478437204346496819884573723805359 0 0 0 0 0 0 0 0 0 0 0 0 0 0 0 0 0 0 0 0 0 0 0 0 0]
[1041485669504446956355092112765656322310350267765968352837322317051924511394354 1 0 0 0 0 0 0 0 0 0 0 0 0 0 0 0 0 0 0 0 0 0 0 0 0]
[736884062827352575569446232910983246971724735011378624990893667593064250495347 0 1 0 0 0 0 0 0 0 0 0 0 0 0 0 0 0 0 0 0 0 0 0 0 0]
[1186939967847753170180899632618166419780860296212074054049672926942322247028453 0 0 1 0 0 0 0 0 0 0 0 0 0 0 0 0 0 0 0 0 0 0 0 0 0]
[1286187203811656814885294450205931153707503948504446709065861912618075867606691 0 0 0 1 0 0 0 0 0 0 0 0 0 0 0 0 0 0 0 0 0 0 0 0 0]
[1112635788045361165988784278242581096679210324135485202175679424826367099962762 0 0 0 0 1 0 0 0 0 0 0 0 0 0 0 0 0 0 0 0 0 0 0 0 0]
[960317672803107899811320832003539327872155667495123793670494566947054065290668 0 0 0 0 0 1 0 0 0 0 0 0 0 0 0 0 0 0 0 0 0 0 0 0 0]
[290543547914584425236789838189888271164532900772023694562231509639089029360409 0 0 0 0 0 0 1 0 0 0 0 0 0 0 0 0 0 0 0 0 0 0 0 0 0]
[1216518225677787318905752677339986380779259960495094872859031669982953178794691 0 0 0 0 0 0 0 1 0 0 0 0 0 0 0 0 0 0 0 0 0 0 0 0 0]
[245394368458960785989942479611373406194841717885275059260230095292145544258706 0 0 0 0 0 0 0 0 1 0 0 0 0 0 0 0 0 0 0 0 0 0 0 0 0]
[505858187464473477440959685652515189446744517942157603460018197205977821172467 0 0 0 0 0 0 0 0 0 1 0 0 0 0 0 0 0 0 0 0 0 0 0 0 0]
[168459864201465909213344281413507916368315489621721613045350243210405494702312 0 0 0 0 0 0 0 0 0 0 1 0 0 0 0 0 0 0 0 0 0 0 0 0 0]
[713782018425314463838813773635603617896256979094309359099164337646535897087610 0 0 0 0 0 0 0 0 0 0 0 1 0 0 0 0 0 0 0 0 0 0 0 0 0]
[608863733281171113083491588136565878902614276433282745771515505838126428097486 0 0 0 0 0 0 0 0 0 0 0 0 1 0 0 0 0 0 0 0 0 0 0 0 0]
[943867355083493393589368990702663145814006554010676118785294184872954867357707 0 0 0 0 0 0 0 0 0 0 0 0 0 1 0 0 0 0 0 0 0 0 0 0 0]
[1413778673277138693343589065558210371673937882419251047766764544154337367344989 0 0 0 0 0 0 0 0 0 0 0 0 0 0 1 0 0 0 0 0 0 0 0 0 0]
[867613112926191714592255637605771576964280295476995447948074582226092297458615 0 0 0 0 0 0 0 0 0 0 0 0 0 0 0 1 0 0 0 0 0 0 0 0 0]
[1399064753790972278763767767210824056992832599372050734620557126174680758476904 0 0 0 0 0 0 0 0 0 0 0 0 0 0 0 0 1 0 0 0 0 0 0 0 0]
[1286751259751993183898266719798447566732179228842679022945397307616372322196622 0 0 0 0 0 0 0 0 0 0 0 0 0 0 0 0 0 1 0 0 0 0 0 0 0]
[1109428293502663803742132148972738729593651606481478663740830455099522376360419 0 0 0 0 0 0 0 0 0 0 0 0 0 0 0 0 0 0 1 0 0 0 0 0 0]
[561009239684162286792287037289619281166298926178451496871722693128123510768702 0 0 0 0 0 0 0 0 0 0 0 0 0 0 0 0 0 0 0 1 0 0 0 0 0]
[65110835512462684423446561413735558563245813383304556182104066656056744404199 0 0 0 0 0 0 0 0 0 0 0 0 0 0 0 0 0 0 0 0 1 0 0 0 0]
[1015754788875401051315663282652550248141187072969774888022464867031054628483959 0 0 0 0 0 0 0 0 0 0 0 0 0 0 0 0 0 0 0 0 0 1 0 0 0]
[569015566324093152953225608282859455392519375602259210009730208728094823130157 0 0 0 0 0 0 0 0 0 0 0 0 0 0 0 0 0 0 0 0 0 0 1 0 0]
[1332934563433010304361627328728416299948941759010420571769683939426418409245148 0 0 0 0 0 0 0 0 0 0 0 0 0 0 0 0 0 0 0 0 0 0 0 1 0]
[1432741167393556413554935544431245998073587823081388829098927853576872442728479 0 0 0 0 0 0 0 0 0 0 0 0 0 0 0 0 0 0 0 0 0 0 0 0 1]
]
