[[1075989125170860986245873905942372536720250335295998088366222361351124986039493 0 0 0 0 0 0 0 0 0 0 0 0 0 0 0 0 0 0 0 0 0 0 0 0 0]
[583615481928768848941805578014725330949569785795329155019619613269552367566066 1 0 0 0 0 0 0 0 0 0 0 0 0 0 0 0 0 0 0 0 0 0 0 0 0]
[145774674314948755711335417397503307020697108733672043717951577534085115914206 0 1 0 0 0 0 0 0 0 0 0 0 0 0 0 0 0 0 0 0 0 0 0 0 0]
[51602329434756178880628504975192355689373584121004576225824080557968770935111 0 0 1 0 0 0 0 0 0 0 0 0 0 0 0 0 0 0 0 0 0 0 0 0 0]
[265307516244674833794626258116094881785667930667648670835733559338665822088488 0 0 0 1 0 0 0 0 0 0 0 0 0 0 0 0 0 0 0 0 0 0 0 0 0]
[913910703501936022925972564947232022131262249669267454813380306831167668680623 0 0 0 0 1 0 0 0 0 0 0 0 0 0 0 0 0 0 0 0 0 0 0 0 0]
[761556778508891069387987909226578757737325385334929921828877394987142867900352 0 0 0 0 0 1 0 0 0 0 0 0 0 0 0 0 0 0 0 0 0 0 0 0 0]
[264779656818501135952146959387890393760044364422041402456935571515840026898826 0 0 0 0 0 0 1 0 0 0 0 0 0 0 0 0 0 0 0 0 0 0 0 0 0]
[40146677657035323643813309441949401175764520297778141584436467266347187664832 0 0 0 0 0 0 0 1 0 0 0 0 0 0 0 0 0 0 0 0 0 0 0 0 0]
[926171089866534250902694513764465616690593883292355237786332704927150481128095 0 0 0 0 0 0 0 0 1 0 0 0 0 0 0 0 0 0 0 0 0 0 0 0 0]
[796959654778428766160237507107385600525404118509644825899038161026923040978741 0 0 0 0 0 0 0 0 0 1 0 0 0 0 0 0 0 0 0 0 0 0 0 0 0]
[109419636029167318906117975487947725680015213346470793931907732708436913721708 0 0 0 0 0 0 0 0 0 0 1 0 0 0 0 0 0 0 0 0 0 0 0 0 0]
[710385423877801114841507829066732840810388827423963326936858944357532660523808 0 0 0 0 0 0 0 0 0 0 0 1 0 0 0 0 0 0 0 0 0 0 0 0 0]
[83479280632456154063101518488014762310606491029563227017019916802400760013347 0 0 0 0 0 0 0 0 0 0 0 0 1 0 0 0 0 0 0 0 0 0 0 0 0]
[974918395307194260723585836276075852759477781536748047442785302954284422573706 0 0 0 0 0 0 0 0 0 0 0 0 0 1 0 0 0 0 0 0 0 0 0 0 0]
[1065239987175765598450514825245671785274473671799991350678938047655857889497200 0 0 0 0 0 0 0 0 0 0 0 0 0 0 1 0 0 0 0 0 0 0 0 0 0]
[815757843096258902230328673299011803973918732716177979794881888435118109897310 0 0 0 0 0 0 0 0 0 0 0 0 0 0 0 1 0 0 0 0 0 0 0 0 0]
[560345587606800529989703329474709565681288224265395744602931232075976115278427 0 0 0 0 0 0 0 0 0 0 0 0 0 0 0 0 1 0 0 0 0 0 0 0 0]
[344026123181243003228015142721363113785996351520835676765521367194612427978276 0 0 0 0 0 0 0 0 0 0 0 0 0 0 0 0 0 1 0 0 0 0 0 0 0]
[752333952293741384146020777340555354928831185231385706534541167219292292473388 0 0 0 0 0 0 0 0 0 0 0 0 0 0 0 0 0 0 1 0 0 0 0 0 0]
[508349717415202514908971455318578557942220578174248865324822879674233004250359 0 0 0 0 0 0 0 0 0 0 0 0 0 0 0 0 0 0 0 1 0 0 0 0 0]
[535626328167511048115309784384732598941831975066922897716947418179392879402896 0 0 0 0 0 0 0 0 0 0 0 0 0 0 0 0 0 0 0 0 1 0 0 0 0]
[536152534570420520742540267788138169976318813512534095328422372583841207198954 0 0 0 0 0 0 0 0 0 0 0 0 0 0 0 0 0 0 0 0 0 1 0 0 0]
[102009505069998422232503497604961049873833610154398676665137401154258410906134 0 0 0 0 0 0 0 0 0 0 0 0 0 0 0 0 0 0 0 0 0 0 1 0 0]
[728542716783294054071819720109159736631209459814222874192845270158077792718310 0 0 0 0 0 0 0 0 0 0 0 0 0 0 0 0 0 0 0 0 0 0 0 1 0]
[879897148398303611800193912930770637514028368709899245801208104301393032858866 0 0 0 0 0 0 0 0 0 0 0 0 0 0 0 0 0 0 0 0 0 0 0 0 1]
]
