[[1313145855495349723977684934621442700713555516518311137655954592370399482542871 0 0 0 0 0 0 0 0 0 0 0 0 0 0 0 0 0 0 0 0 0 0 0 0 0]
[394403625974083826517682462330821779323392880459772824019902704890293381874638 1 0 0 0 0 0 0 0 0 0 0 0 0 0 0 0 0 0 0 0 0 0 0 0 0]
[1136815951873607048558964046079884958069693887720327219488683387323325547500636 0 1 0 0 0 0 0 0 0 0 0 0 0 0 0 0 0 0 0 0 0 0 0 0 0]
[71292535050615065763243131950160824088894884597934413892902732121202539699838 0 0 1 0 0 0 0 0 0 0 0 0 0 0 0 0 0 0 0 0 0 0 0 0 0]
[875762614027361361456987099019427210890946989832425570344923157874421892645132 0 0 0 1 0 0 0 0 0 0 0 0 0 0 0 0 0 0 0 0 0 0 0 0 0]
[405733223636977017127683274660927020849588837555608180487254958445501234844105 0 0 0 0 1 0 0 0 0 0 0 0 0 0 0 0 0 0 0 0 0 0 0 0 0]
[851526748075730643963902019464236496590613970063766567978348334665875640931564 0 0 0 0 0 1 0 0 0 0 0 0 0 0 0 0 0 0 0 0 0 0 0 0 0]
[1250265067350755647758814154621921354769345164999822605239859168591810739201124 0 0 0 0 0 0 1 0 0 0 0 0 0 0 0 0 0 0 0 0 0 0 0 0 0]
[1216922070666968971937640938759504432977595415203231033569777950357631667453772 0 0 0 0 0 0 0 1 0 0 0 0 0 0 0 0 0 0 0 0 0 0 0 0 0]
[829063036389370856084565571821422578165447153407835380755853055324535948705341 0 0 0 0 0 0 0 0 1 0 0 0 0 0 0 0 0 0 0 0 0 0 0 0 0]
[928235967222182156564849180733075477457238643640211736449383638074291920374887 0 0 0 0 0 0 0 0 0 1 0 0 0 0 0 0 0 0 0 0 0 0 0 0 0]
[784946851562885655733402611828939714082359028839815385678246615267171821223443 0 0 0 0 0 0 0 0 0 0 1 0 0 0 0 0 0 0 0 0 0 0 0 0 0]
[1178301105197820475215033454681982703479806802184697339481763733839361403506657 0 0 0 0 0 0 0 0 0 0 0 1 0 0 0 0 0 0 0 0 0 0 0 0 0]
[93055542707556560088071736474309508868566301714440847190863318934638562595720 0 0 0 0 0 0 0 0 0 0 0 0 1 0 0 0 0 0 0 0 0 0 0 0 0]
[221856116301933102938788825994885163550167769376798944272444197589343083715567 0 0 0 0 0 0 0 0 0 0 0 0 0 1 0 0 0 0 0 0 0 0 0 0 0]
[570917151509232716271548193186882869783215947523153403369051751446188843625037 0 0 0 0 0 0 0 0 0 0 0 0 0 0 1 0 0 0 0 0 0 0 0 0 0]
[678365949091638308739891936218101666491628280806633138914101366651745629449373 0 0 0 0 0 0 0 0 0 0 0 0 0 0 0 1 0 0 0 0 0 0 0 0 0]
[938160162811277681714395670964154575363470227964745532474012612847177958585371 0 0 0 0 0 0 0 0 0 0 0 0 0 0 0 0 1 0 0 0 0 0 0 0 0]
[1172633589718053326710139429812930719431312541842148447131202290643909185282150 0 0 0 0 0 0 0 0 0 0 0 0 0 0 0 0 0 1 0 0 0 0 0 0 0]
[877790762863435313126179774176177397742753711645464778057704361051274408835874 0 0 0 0 0 0 0 0 0 0 0 0 0 0 0 0 0 0 1 0 0 0 0 0 0]
[1155086256180612091375075811286985458926479990463982772813514117256610437117754 0 0 0 0 0 0 0 0 0 0 0 0 0 0 0 0 0 0 0 1 0 0 0 0 0]
[969756659631029965606714146020023405941492285595734077601547099665747061359106 0 0 0 0 0 0 0 0 0 0 0 0 0 0 0 0 0 0 0 0 1 0 0 0 0]
[490503205380296120346808278208204954766186373977341715512479470575721292461426 0 0 0 0 0 0 0 0 0 0 0 0 0 0 0 0 0 0 0 0 0 1 0 0 0]
[336084713305243769494708382721579278377663350691511685345990352363637945730798 0 0 0 0 0 0 0 0 0 0 0 0 0 0 0 0 0 0 0 0 0 0 1 0 0]
[775774807779523429455524594793684962700662688978890015265407164665699840742956 0 0 0 0 0 0 0 0 0 0 0 0 0 0 0 0 0 0 0 0 0 0 0 1 0]
[851569017107842610123318871037254918011475933265355848608559378677686902664507 0 0 0 0 0 0 0 0 0 0 0 0 0 0 0 0 0 0 0 0 0 0 0 0 1]
]
