[[1409180165706908289621872291596436479483138887157977622020466514275481122516117 0 0 0 0 0 0 0 0 0 0 0 0 0 0 0 0 0 0 0 0 0 0 0 0 0]
[7876920996226795541713486726610704240214408846215588488760606808193455773059 1 0 0 0 0 0 0 0 0 0 0 0 0 0 0 0 0 0 0 0 0 0 0 0 0]
[520087963172421663667367457998469762881565683938684423076301995799611441106690 0 1 0 0 0 0 0 0 0 0 0 0 0 0 0 0 0 0 0 0 0 0 0 0 0]
[159219713812298609628559517443266996256574707510587493553156352528999397360728 0 0 1 0 0 0 0 0 0 0 0 0 0 0 0 0 0 0 0 0 0 0 0 0 0]
[509334641613031685906591702562188444646274263935695003829983505587571573044156 0 0 0 1 0 0 0 0 0 0 0 0 0 0 0 0 0 0 0 0 0 0 0 0 0]
[746876131913170517727036024893945191404517838665461102146188470387239587747117 0 0 0 0 1 0 0 0 0 0 0 0 0 0 0 0 0 0 0 0 0 0 0 0 0]
[1024934190544667424514095949774525333016184516891472158462297669068803216562758 0 0 0 0 0 1 0 0 0 0 0 0 0 0 0 0 0 0 0 0 0 0 0 0 0]
[1144166219650494920521127777915372556349323690673713324818841459540603868143845 0 0 0 0 0 0 1 0 0 0 0 0 0 0 0 0 0 0 0 0 0 0 0 0 0]
[139641862578324390613561936012477009563855246510475136496303600027553796107613 0 0 0 0 0 0 0 1 0 0 0 0 0 0 0 0 0 0 0 0 0 0 0 0 0]
[591318997707753504214801621242404626299265055902731974143915400798309347960159 0 0 0 0 0 0 0 0 1 0 0 0 0 0 0 0 0 0 0 0 0 0 0 0 0]
[1390826877725090965386284869172361460549304539873791011680840803031991757793919 0 0 0 0 0 0 0 0 0 1 0 0 0 0 0 0 0 0 0 0 0 0 0 0 0]
[976940733594954369151997141290740073406519721061512523664247499554643659322031 0 0 0 0 0 0 0 0 0 0 1 0 0 0 0 0 0 0 0 0 0 0 0 0 0]
[1381702392078982086971746768283805501920803949615418182342470836673808554334711 0 0 0 0 0 0 0 0 0 0 0 1 0 0 0 0 0 0 0 0 0 0 0 0 0]
[680487692585677760011213534234215089144461663950190663421644893230660538928370 0 0 0 0 0 0 0 0 0 0 0 0 1 0 0 0 0 0 0 0 0 0 0 0 0]
[190629071535632511337844187155724846674264626300117526315180676120555886842541 0 0 0 0 0 0 0 0 0 0 0 0 0 1 0 0 0 0 0 0 0 0 0 0 0]
[118997340192090545333346060473972285047263545349343545094424481160769916331815 0 0 0 0 0 0 0 0 0 0 0 0 0 0 1 0 0 0 0 0 0 0 0 0 0]
[599292375083068512577155626675432704438024573216308996886305860244571238920237 0 0 0 0 0 0 0 0 0 0 0 0 0 0 0 1 0 0 0 0 0 0 0 0 0]
[1277951383866433286353456393777312401394201420903571306526376000134387596365048 0 0 0 0 0 0 0 0 0 0 0 0 0 0 0 0 1 0 0 0 0 0 0 0 0]
[112390756153075696894700059434087993833211700688278564366085968538577790153116 0 0 0 0 0 0 0 0 0 0 0 0 0 0 0 0 0 1 0 0 0 0 0 0 0]
[780988513890755744971972856414559991594640509001723055862617635868548276210265 0 0 0 0 0 0 0 0 0 0 0 0 0 0 0 0 0 0 1 0 0 0 0 0 0]
[1142265750988718645835485606824033448702719424202155651438570219877191748499042 0 0 0 0 0 0 0 0 0 0 0 0 0 0 0 0 0 0 0 1 0 0 0 0 0]
[508064423264573541169975882933360613957666810596736153244243961897576021871892 0 0 0 0 0 0 0 0 0 0 0 0 0 0 0 0 0 0 0 0 1 0 0 0 0]
[192565488508146389651799000210352588117527125363500936350371941677899374976361 0 0 0 0 0 0 0 0 0 0 0 0 0 0 0 0 0 0 0 0 0 1 0 0 0]
[527678205554747263674632113630696717059596047020898415265200022792642568950970 0 0 0 0 0 0 0 0 0 0 0 0 0 0 0 0 0 0 0 0 0 0 1 0 0]
[80200765060557746992695150401194754022541662852656563357693765361799981364120 0 0 0 0 0 0 0 0 0 0 0 0 0 0 0 0 0 0 0 0 0 0 0 1 0]
[974265720689061228889400132016653376379125588203956480830886145296801135615366 0 0 0 0 0 0 0 0 0 0 0 0 0 0 0 0 0 0 0 0 0 0 0 0 1]
]
