[[1563859130940892520887951255752910072821622667055277581036204138170920413640819 0 0 0 0 0 0 0 0 0 0 0 0 0 0 0 0 0 0 0 0 0 0 0 0 0]
[163291205970960826156936115267463302725020535041217740323662409697572148926193 1 0 0 0 0 0 0 0 0 0 0 0 0 0 0 0 0 0 0 0 0 0 0 0 0]
[929772566760136087128192637095583294084169412092524606484783599225991351047780 0 1 0 0 0 0 0 0 0 0 0 0 0 0 0 0 0 0 0 0 0 0 0 0 0]
[1391173163419610715444507691565461819084681745756561585339228040707637184020613 0 0 1 0 0 0 0 0 0 0 0 0 0 0 0 0 0 0 0 0 0 0 0 0 0]
[786270774160263459400790163756272015755041657270550183690810608910254113733024 0 0 0 1 0 0 0 0 0 0 0 0 0 0 0 0 0 0 0 0 0 0 0 0 0]
[1150567860408384583809641498403180585671049658007532855758518812440959723544440 0 0 0 0 1 0 0 0 0 0 0 0 0 0 0 0 0 0 0 0 0 0 0 0 0]
[1371585057789662050442740996914146685468918599331196300886371904067720154172181 0 0 0 0 0 1 0 0 0 0 0 0 0 0 0 0 0 0 0 0 0 0 0 0 0]
[941453699614254239089145922050431528245861512573502390663888587127291236944141 0 0 0 0 0 0 1 0 0 0 0 0 0 0 0 0 0 0 0 0 0 0 0 0 0]
[882447259505040910002980491806361721379084232027054839599253016900612767295075 0 0 0 0 0 0 0 1 0 0 0 0 0 0 0 0 0 0 0 0 0 0 0 0 0]
[744549618486867632955840303897643185439424784196591229561880761352340824704626 0 0 0 0 0 0 0 0 1 0 0 0 0 0 0 0 0 0 0 0 0 0 0 0 0]
[913521456168743521026150116581494970660072308140285873993521037869750558673815 0 0 0 0 0 0 0 0 0 1 0 0 0 0 0 0 0 0 0 0 0 0 0 0 0]
[379949830999286926718688236571939703641562353276800593870886396988699749117057 0 0 0 0 0 0 0 0 0 0 1 0 0 0 0 0 0 0 0 0 0 0 0 0 0]
[430644046946522406144124848373341988635738798332062363685556569459827720754534 0 0 0 0 0 0 0 0 0 0 0 1 0 0 0 0 0 0 0 0 0 0 0 0 0]
[460258257048755381325696693757269518257494705024629139070965216441149812327545 0 0 0 0 0 0 0 0 0 0 0 0 1 0 0 0 0 0 0 0 0 0 0 0 0]
[441850268263138423520368228148223439928129532280533110795129078240701526962443 0 0 0 0 0 0 0 0 0 0 0 0 0 1 0 0 0 0 0 0 0 0 0 0 0]
[1473703894658712182166391242864960926058440376330946256980049339343966045255122 0 0 0 0 0 0 0 0 0 0 0 0 0 0 1 0 0 0 0 0 0 0 0 0 0]
[1079374243297669156251540332851627865296257683058695836463213932839310210782815 0 0 0 0 0 0 0 0 0 0 0 0 0 0 0 1 0 0 0 0 0 0 0 0 0]
[301531930336245021548413326604486125628656658830666791324718568948446654196198 0 0 0 0 0 0 0 0 0 0 0 0 0 0 0 0 1 0 0 0 0 0 0 0 0]
[1016664531021966686278309966464843897624487510738592763207534628572255276667405 0 0 0 0 0 0 0 0 0 0 0 0 0 0 0 0 0 1 0 0 0 0 0 0 0]
[1297375914471626340505621311969284131764489716287143624269642493769890401589050 0 0 0 0 0 0 0 0 0 0 0 0 0 0 0 0 0 0 1 0 0 0 0 0 0]
[525507109701037278567418425000017376787931747135376813265590045240170632846482 0 0 0 0 0 0 0 0 0 0 0 0 0 0 0 0 0 0 0 1 0 0 0 0 0]
[87376610937844388834902796559571528154278151464829350503571073330081597823578 0 0 0 0 0 0 0 0 0 0 0 0 0 0 0 0 0 0 0 0 1 0 0 0 0]
[1221943406129954655343728316251390412069686685936646507843005426032334412469393 0 0 0 0 0 0 0 0 0 0 0 0 0 0 0 0 0 0 0 0 0 1 0 0 0]
[21393681456150798923299329690810004908311935083177321607554995923605752247848 0 0 0 0 0 0 0 0 0 0 0 0 0 0 0 0 0 0 0 0 0 0 1 0 0]
[331233212364307552412738661269625000107935384131428472971340115831569998142052 0 0 0 0 0 0 0 0 0 0 0 0 0 0 0 0 0 0 0 0 0 0 0 1 0]
[458693666058538909353843778452707751635996910963431908053696118098349716582667 0 0 0 0 0 0 0 0 0 0 0 0 0 0 0 0 0 0 0 0 0 0 0 0 1]
]
