[[1081383627119563695495276697841823547954923706783487198519525327351217781197511 0 0 0 0 0 0 0 0 0 0 0 0 0 0 0 0 0 0 0 0 0 0 0 0 0]
[322360262824252269021570542944602467364946785834555501534720412260404396890764 1 0 0 0 0 0 0 0 0 0 0 0 0 0 0 0 0 0 0 0 0 0 0 0 0]
[540554969465833542391378203458421617408463856108717358470031048417927533059002 0 1 0 0 0 0 0 0 0 0 0 0 0 0 0 0 0 0 0 0 0 0 0 0 0]
[142789905120980333290585898329358392735051047734532531041519157027808754517855 0 0 1 0 0 0 0 0 0 0 0 0 0 0 0 0 0 0 0 0 0 0 0 0 0]
[188393350583394379610225808299817077581386950727433733858205365054481680053367 0 0 0 1 0 0 0 0 0 0 0 0 0 0 0 0 0 0 0 0 0 0 0 0 0]
[649506774349241266841376014383107312004488064831486200926822346918218852039769 0 0 0 0 1 0 0 0 0 0 0 0 0 0 0 0 0 0 0 0 0 0 0 0 0]
[725883320550188225588755544345934399072851985342591431268406084896058729524670 0 0 0 0 0 1 0 0 0 0 0 0 0 0 0 0 0 0 0 0 0 0 0 0 0]
[526230034694123620592495720796176645365430160969698115700453575251542031864281 0 0 0 0 0 0 1 0 0 0 0 0 0 0 0 0 0 0 0 0 0 0 0 0 0]
[622259924410793218350878845189899503120795922646968580385978741769938357043585 0 0 0 0 0 0 0 1 0 0 0 0 0 0 0 0 0 0 0 0 0 0 0 0 0]
[463135911970582011980031393680519073954417541771600004013748704494864289135719 0 0 0 0 0 0 0 0 1 0 0 0 0 0 0 0 0 0 0 0 0 0 0 0 0]
[933538277818973376122045553367897222304967327068988728892658421022682867307775 0 0 0 0 0 0 0 0 0 1 0 0 0 0 0 0 0 0 0 0 0 0 0 0 0]
[550560676374981657278181662326759101794178081387278326844955011886444729221941 0 0 0 0 0 0 0 0 0 0 1 0 0 0 0 0 0 0 0 0 0 0 0 0 0]
[626603315566010314179534052287217444287268002835289165695381510386479377871201 0 0 0 0 0 0 0 0 0 0 0 1 0 0 0 0 0 0 0 0 0 0 0 0 0]
[140854165590587552695796592047907753469800447106068146318332310062503023785012 0 0 0 0 0 0 0 0 0 0 0 0 1 0 0 0 0 0 0 0 0 0 0 0 0]
[1025662083166791863257274765526801614891633350620999222941981662133905434280869 0 0 0 0 0 0 0 0 0 0 0 0 0 1 0 0 0 0 0 0 0 0 0 0 0]
[414418716201539086167543130741269516081039514919266257067252783774281316002647 0 0 0 0 0 0 0 0 0 0 0 0 0 0 1 0 0 0 0 0 0 0 0 0 0]
[963420806932446861408509863092096731414992109187528414859871129790386493811664 0 0 0 0 0 0 0 0 0 0 0 0 0 0 0 1 0 0 0 0 0 0 0 0 0]
[1074831963406936426549957867130969016038615944309846170093799484072375778878262 0 0 0 0 0 0 0 0 0 0 0 0 0 0 0 0 1 0 0 0 0 0 0 0 0]
[1052898896771397874916856835676437608186222526587383191139410679244341251629678 0 0 0 0 0 0 0 0 0 0 0 0 0 0 0 0 0 1 0 0 0 0 0 0 0]
[395827378835720764808142356769783659343960762136126580050529780964326157749345 0 0 0 0 0 0 0 0 0 0 0 0 0 0 0 0 0 0 1 0 0 0 0 0 0]
[748323752655832430959938677506068885312845162667844967404697385709322125955189 0 0 0 0 0 0 0 0 0 0 0 0 0 0 0 0 0 0 0 1 0 0 0 0 0]
[763882603511103834528039648790631567444222832761298127970255437411203129735601 0 0 0 0 0 0 0 0 0 0 0 0 0 0 0 0 0 0 0 0 1 0 0 0 0]
[988329943192052840951429669069844594025954000104326640627357974883217511637063 0 0 0 0 0 0 0 0 0 0 0 0 0 0 0 0 0 0 0 0 0 1 0 0 0]
[465395632985156084079804313869430576466159234777496380077629776710121352637164 0 0 0 0 0 0 0 0 0 0 0 0 0 0 0 0 0 0 0 0 0 0 1 0 0]
[759455801182712473374101921940437472889336216535521727322220501513906353014018 0 0 0 0 0 0 0 0 0 0 0 0 0 0 0 0 0 0 0 0 0 0 0 1 0]
[55587473977980991622329850824974602954736270768034978019607807769246887223477 0 0 0 0 0 0 0 0 0 0 0 0 0 0 0 0 0 0 0 0 0 0 0 0 1]
]
