[[1181504476336550327982085941510883538685229366916573967406255938227103810078439 0 0 0 0 0 0 0 0 0 0 0 0 0 0 0 0 0 0 0 0 0 0 0 0 0]
[298415155220878988428707211376674130758677809287578729334063753983681351460560 1 0 0 0 0 0 0 0 0 0 0 0 0 0 0 0 0 0 0 0 0 0 0 0 0]
[169197935054174040207192709361516227041231792551634810056280874752439213820728 0 1 0 0 0 0 0 0 0 0 0 0 0 0 0 0 0 0 0 0 0 0 0 0 0]
[20240510827886262951837699504870807059563443961697833211385743976432163349680 0 0 1 0 0 0 0 0 0 0 0 0 0 0 0 0 0 0 0 0 0 0 0 0 0]
[307645144227390289151979038724649045646077806021145475475855961781015707351157 0 0 0 1 0 0 0 0 0 0 0 0 0 0 0 0 0 0 0 0 0 0 0 0 0]
[564349538415343089882325372105503132456700635637447558194864607356461383586074 0 0 0 0 1 0 0 0 0 0 0 0 0 0 0 0 0 0 0 0 0 0 0 0 0]
[294415526855032291007902608358408442039346912196627481303190708021184100939168 0 0 0 0 0 1 0 0 0 0 0 0 0 0 0 0 0 0 0 0 0 0 0 0 0]
[146080319446128362580182578782178617224338439052984800185735065588092601222479 0 0 0 0 0 0 1 0 0 0 0 0 0 0 0 0 0 0 0 0 0 0 0 0 0]
[162695384960174011945856784976725558177993078982995190980566983646038698379514 0 0 0 0 0 0 0 1 0 0 0 0 0 0 0 0 0 0 0 0 0 0 0 0 0]
[843782735736442883522118690771376318271332549582365701938270516853149394052694 0 0 0 0 0 0 0 0 1 0 0 0 0 0 0 0 0 0 0 0 0 0 0 0 0]
[148605229371447889039295664275329440492495996824898513301796743197637062863857 0 0 0 0 0 0 0 0 0 1 0 0 0 0 0 0 0 0 0 0 0 0 0 0 0]
[773523731294977139258146316481311092130848539682584344774957020789297168794985 0 0 0 0 0 0 0 0 0 0 1 0 0 0 0 0 0 0 0 0 0 0 0 0 0]
[630139006933468423716165565864684096248103408512075575726629079665103338661323 0 0 0 0 0 0 0 0 0 0 0 1 0 0 0 0 0 0 0 0 0 0 0 0 0]
[1173157755282041958900228751719927931271171070787903464803020048638696821864066 0 0 0 0 0 0 0 0 0 0 0 0 1 0 0 0 0 0 0 0 0 0 0 0 0]
[858936817796553741823890333986134685243602180150188572830000045264533933969422 0 0 0 0 0 0 0 0 0 0 0 0 0 1 0 0 0 0 0 0 0 0 0 0 0]
[743515048221999973719401166066917330666886985909426200218996199855471369822400 0 0 0 0 0 0 0 0 0 0 0 0 0 0 1 0 0 0 0 0 0 0 0 0 0]
[489390926204443988703726460956868193326410187590811701600849057988910544090001 0 0 0 0 0 0 0 0 0 0 0 0 0 0 0 1 0 0 0 0 0 0 0 0 0]
[71156734882081931043629385911371804267685994497470393629462733807753756290838 0 0 0 0 0 0 0 0 0 0 0 0 0 0 0 0 1 0 0 0 0 0 0 0 0]
[91990240811162226234709384476845655283035519371824551692600586848621143506714 0 0 0 0 0 0 0 0 0 0 0 0 0 0 0 0 0 1 0 0 0 0 0 0 0]
[593229824696133284422188417030205746754430129374605084793120914366647865564557 0 0 0 0 0 0 0 0 0 0 0 0 0 0 0 0 0 0 1 0 0 0 0 0 0]
[243893576043636339191017803158400414429760153674305306734831894160032717403910 0 0 0 0 0 0 0 0 0 0 0 0 0 0 0 0 0 0 0 1 0 0 0 0 0]
[559948647894911221514938762050714814483144579993135839555538359165123879288128 0 0 0 0 0 0 0 0 0 0 0 0 0 0 0 0 0 0 0 0 1 0 0 0 0]
[681191669719035581455439480222041200128137556841829253101308969313698330547710 0 0 0 0 0 0 0 0 0 0 0 0 0 0 0 0 0 0 0 0 0 1 0 0 0]
[120702365910855242220288576849553532756397037589021002318795847895391464321721 0 0 0 0 0 0 0 0 0 0 0 0 0 0 0 0 0 0 0 0 0 0 1 0 0]
[87957441961128682565333980582015753658965867761517974679098489948803503698087 0 0 0 0 0 0 0 0 0 0 0 0 0 0 0 0 0 0 0 0 0 0 0 1 0]
[279265816395357031392816659427516136039939875900919940595325550646867730314041 0 0 0 0 0 0 0 0 0 0 0 0 0 0 0 0 0 0 0 0 0 0 0 0 1]
]
