[[993319714755046358775040772236639881671888791426499438026519546772863939304057 0 0 0 0 0 0 0 0 0 0 0 0 0 0 0 0 0 0 0 0 0 0 0 0 0]
[278704561493070345860322857948256232799839045030633242045910481691408804158130 1 0 0 0 0 0 0 0 0 0 0 0 0 0 0 0 0 0 0 0 0 0 0 0 0]
[405687155818139668855613220841025317408904043198177181907381286515342108601041 0 1 0 0 0 0 0 0 0 0 0 0 0 0 0 0 0 0 0 0 0 0 0 0 0]
[613412148148343709276834889163002340270183087084483043157270857058482452704837 0 0 1 0 0 0 0 0 0 0 0 0 0 0 0 0 0 0 0 0 0 0 0 0 0]
[627902539767771357350965685737422625765209650859346949468018542924687382335782 0 0 0 1 0 0 0 0 0 0 0 0 0 0 0 0 0 0 0 0 0 0 0 0 0]
[38173111851025952066870093500256283511717972952040928750674243236263741697773 0 0 0 0 1 0 0 0 0 0 0 0 0 0 0 0 0 0 0 0 0 0 0 0 0]
[809813119418047048127449607456334769674709391036571765456686207371397991436447 0 0 0 0 0 1 0 0 0 0 0 0 0 0 0 0 0 0 0 0 0 0 0 0 0]
[676956402558464562643086813132153467090012917103849773359289279364361130859384 0 0 0 0 0 0 1 0 0 0 0 0 0 0 0 0 0 0 0 0 0 0 0 0 0]
[534906324237712141423492499429358627828474974070846848271369728805048578024905 0 0 0 0 0 0 0 1 0 0 0 0 0 0 0 0 0 0 0 0 0 0 0 0 0]
[782405588884759194599889799110273953783601894824232720745567553794803350156218 0 0 0 0 0 0 0 0 1 0 0 0 0 0 0 0 0 0 0 0 0 0 0 0 0]
[853561866207844421446969372460428974717427943164765330835059941349905540938982 0 0 0 0 0 0 0 0 0 1 0 0 0 0 0 0 0 0 0 0 0 0 0 0 0]
[840496349265483014535869672760307875181417506177418283947136545284914680423727 0 0 0 0 0 0 0 0 0 0 1 0 0 0 0 0 0 0 0 0 0 0 0 0 0]
[648140121650709091317294654206802854156906597847011241441487563886807196187220 0 0 0 0 0 0 0 0 0 0 0 1 0 0 0 0 0 0 0 0 0 0 0 0 0]
[158706232810857966455771296000875850788350554968853490849293523207252187963541 0 0 0 0 0 0 0 0 0 0 0 0 1 0 0 0 0 0 0 0 0 0 0 0 0]
[690855031500115143636192575193621897565955197507154242082674109598284809583348 0 0 0 0 0 0 0 0 0 0 0 0 0 1 0 0 0 0 0 0 0 0 0 0 0]
[882903720656402329480097295794527754495284823903922835702804499019151668728364 0 0 0 0 0 0 0 0 0 0 0 0 0 0 1 0 0 0 0 0 0 0 0 0 0]
[894809200924031621100943520316456085162907108467263707087709834012509156902758 0 0 0 0 0 0 0 0 0 0 0 0 0 0 0 1 0 0 0 0 0 0 0 0 0]
[532723185678693658570287904882380059227524847596718926559446105158043113984329 0 0 0 0 0 0 0 0 0 0 0 0 0 0 0 0 1 0 0 0 0 0 0 0 0]
[202357474248362009231694885822280607801799241272981195326214293887683195421382 0 0 0 0 0 0 0 0 0 0 0 0 0 0 0 0 0 1 0 0 0 0 0 0 0]
[163405331490957758806270603318897446477032408534105281237000531724326322811388 0 0 0 0 0 0 0 0 0 0 0 0 0 0 0 0 0 0 1 0 0 0 0 0 0]
[287349401360095339268584273061271977911992677751724229667067494645978435700812 0 0 0 0 0 0 0 0 0 0 0 0 0 0 0 0 0 0 0 1 0 0 0 0 0]
[254995323180875998975215055998789713237972071945095536756450316490267416057875 0 0 0 0 0 0 0 0 0 0 0 0 0 0 0 0 0 0 0 0 1 0 0 0 0]
[237835789330562590554505642740110501487875588684934827869791207264515368164704 0 0 0 0 0 0 0 0 0 0 0 0 0 0 0 0 0 0 0 0 0 1 0 0 0]
[467102546130872308000358825820151608314282043293462901784153845039194549448902 0 0 0 0 0 0 0 0 0 0 0 0 0 0 0 0 0 0 0 0 0 0 1 0 0]
[402105628568115553683565456389998457382567757184922706531974735261865738754305 0 0 0 0 0 0 0 0 0 0 0 0 0 0 0 0 0 0 0 0 0 0 0 1 0]
[941135375421737641693972061094321016083026392591879166898440071811403322386099 0 0 0 0 0 0 0 0 0 0 0 0 0 0 0 0 0 0 0 0 0 0 0 0 1]
]
