[[1744658796620495577624234893868088235392610747174290001524599199288277763412819 0 0 0 0 0 0 0 0 0 0 0 0 0 0 0 0 0 0 0 0 0 0 0 0 0]
[1580374832310625747937751103236673115926906971237341734167002924908973643334687 1 0 0 0 0 0 0 0 0 0 0 0 0 0 0 0 0 0 0 0 0 0 0 0 0]
[1337667350302538275219152912578350423256206425910329340007141413196445034937044 0 1 0 0 0 0 0 0 0 0 0 0 0 0 0 0 0 0 0 0 0 0 0 0 0]
[1726154085087622279295102776418418368031026853833235502723566045679684915200411 0 0 1 0 0 0 0 0 0 0 0 0 0 0 0 0 0 0 0 0 0 0 0 0 0]
[1232906278296713410859587500352871438084132761295338800318512557506847793846122 0 0 0 1 0 0 0 0 0 0 0 0 0 0 0 0 0 0 0 0 0 0 0 0 0]
[808797265396315371544355000387796669774183093913689508194306438532535897113061 0 0 0 0 1 0 0 0 0 0 0 0 0 0 0 0 0 0 0 0 0 0 0 0 0]
[220074043651817048220034092025751127836132507481752733705631294202207240389670 0 0 0 0 0 1 0 0 0 0 0 0 0 0 0 0 0 0 0 0 0 0 0 0 0]
[1073269180651161387776575559918116333563104910753005421547210644695323075912452 0 0 0 0 0 0 1 0 0 0 0 0 0 0 0 0 0 0 0 0 0 0 0 0 0]
[623482183466498057288300750176223364067304018901270715379438300657326361142941 0 0 0 0 0 0 0 1 0 0 0 0 0 0 0 0 0 0 0 0 0 0 0 0 0]
[1259442714161961189231040612186718995263076253064436470117933218119437713176034 0 0 0 0 0 0 0 0 1 0 0 0 0 0 0 0 0 0 0 0 0 0 0 0 0]
[947702599741245615319038616991650718995074108013969959075920344326255858701612 0 0 0 0 0 0 0 0 0 1 0 0 0 0 0 0 0 0 0 0 0 0 0 0 0]
[1686975257029435034156753350898172178528192156792178004415790859357934139814100 0 0 0 0 0 0 0 0 0 0 1 0 0 0 0 0 0 0 0 0 0 0 0 0 0]
[823086593400906460307647089283740121739570378458280498274938404382737008673577 0 0 0 0 0 0 0 0 0 0 0 1 0 0 0 0 0 0 0 0 0 0 0 0 0]
[820080689644721150440666554741533838576475194759966859826080793156322225691668 0 0 0 0 0 0 0 0 0 0 0 0 1 0 0 0 0 0 0 0 0 0 0 0 0]
[1455020473168813638880370060786838483757237996628410108234768406347698914196074 0 0 0 0 0 0 0 0 0 0 0 0 0 1 0 0 0 0 0 0 0 0 0 0 0]
[109572884871341273577243703744495196713410504517982975281266514405561209878303 0 0 0 0 0 0 0 0 0 0 0 0 0 0 1 0 0 0 0 0 0 0 0 0 0]
[1500289172824522361810341413904323365653899306211763544827475941801571516062790 0 0 0 0 0 0 0 0 0 0 0 0 0 0 0 1 0 0 0 0 0 0 0 0 0]
[1670506979626178992832028125230663650643075787842883184807221991352402257547319 0 0 0 0 0 0 0 0 0 0 0 0 0 0 0 0 1 0 0 0 0 0 0 0 0]
[1624977628202043545368984838041334891445316622332068682403128375698677359565282 0 0 0 0 0 0 0 0 0 0 0 0 0 0 0 0 0 1 0 0 0 0 0 0 0]
[982980585618181045417313141797456570641080147904571775437401052069534290970243 0 0 0 0 0 0 0 0 0 0 0 0 0 0 0 0 0 0 1 0 0 0 0 0 0]
[999820178031893492341135275460216273277915749511706277617252151092998135330619 0 0 0 0 0 0 0 0 0 0 0 0 0 0 0 0 0 0 0 1 0 0 0 0 0]
[309738040553110859371333462884909485091208612025544615766440281081372077295201 0 0 0 0 0 0 0 0 0 0 0 0 0 0 0 0 0 0 0 0 1 0 0 0 0]
[313576503245177879962803749138252643089800235770355154300531564255421085969790 0 0 0 0 0 0 0 0 0 0 0 0 0 0 0 0 0 0 0 0 0 1 0 0 0]
[1445566609504544344167960500741880683923814139182768045653279582645417048005225 0 0 0 0 0 0 0 0 0 0 0 0 0 0 0 0 0 0 0 0 0 0 1 0 0]
[1492616751189680088226397915476514282450397134064027386938982357816266488217250 0 0 0 0 0 0 0 0 0 0 0 0 0 0 0 0 0 0 0 0 0 0 0 1 0]
[1425302099085814955642099445749668131569972952465986964251436898690400115050646 0 0 0 0 0 0 0 0 0 0 0 0 0 0 0 0 0 0 0 0 0 0 0 0 1]
]
