[[1552366264700784788798350380691105222595024056122874460090818574999363207848291 0 0 0 0 0 0 0 0 0 0 0 0 0 0 0 0 0 0 0 0 0 0 0 0 0]
[795277187591119671872158044798787518717582375593452186573790599178297449779432 1 0 0 0 0 0 0 0 0 0 0 0 0 0 0 0 0 0 0 0 0 0 0 0 0]
[760908464284214572401994157462568188562148252603877496766034098852505322409935 0 1 0 0 0 0 0 0 0 0 0 0 0 0 0 0 0 0 0 0 0 0 0 0 0]
[1071671381787816354558541709512658786718972074185739023193731453702939058927094 0 0 1 0 0 0 0 0 0 0 0 0 0 0 0 0 0 0 0 0 0 0 0 0 0]
[120968045190923701212043208564306279032703559790763135460178605565729710998800 0 0 0 1 0 0 0 0 0 0 0 0 0 0 0 0 0 0 0 0 0 0 0 0 0]
[638353013355634473482612365699079917449655886809600341688521157392626033810003 0 0 0 0 1 0 0 0 0 0 0 0 0 0 0 0 0 0 0 0 0 0 0 0 0]
[479613767044961200558363308897479912248733159374155562813112200927382671477572 0 0 0 0 0 1 0 0 0 0 0 0 0 0 0 0 0 0 0 0 0 0 0 0 0]
[1267959356168962482055257681695660328383254987683791603393432301462241976605066 0 0 0 0 0 0 1 0 0 0 0 0 0 0 0 0 0 0 0 0 0 0 0 0 0]
[1105706423506594534158754526804193525686148198942859826681433802815776599991061 0 0 0 0 0 0 0 1 0 0 0 0 0 0 0 0 0 0 0 0 0 0 0 0 0]
[282633911121949730918340986145189756571170732638057242460314272818467737485976 0 0 0 0 0 0 0 0 1 0 0 0 0 0 0 0 0 0 0 0 0 0 0 0 0]
[1175050001321718900614342280112618487958715758099185757874103206698029505300045 0 0 0 0 0 0 0 0 0 1 0 0 0 0 0 0 0 0 0 0 0 0 0 0 0]
[1050350148246673738449561251686127251167274437392240735172933141018736442031854 0 0 0 0 0 0 0 0 0 0 1 0 0 0 0 0 0 0 0 0 0 0 0 0 0]
[1176819261514472610759985669993277042234130294975085306766755709355499519373744 0 0 0 0 0 0 0 0 0 0 0 1 0 0 0 0 0 0 0 0 0 0 0 0 0]
[1274589196734222750859253910919721416011897087719897842347894676475097911392361 0 0 0 0 0 0 0 0 0 0 0 0 1 0 0 0 0 0 0 0 0 0 0 0 0]
[115407503470896262706435447553464899251458576409068506693789330495059082912217 0 0 0 0 0 0 0 0 0 0 0 0 0 1 0 0 0 0 0 0 0 0 0 0 0]
[686881057213867162465890346406563608635995948405487330195260421262238015108163 0 0 0 0 0 0 0 0 0 0 0 0 0 0 1 0 0 0 0 0 0 0 0 0 0]
[940375428851176983609930880265625064931802172532894800295355117525766720791731 0 0 0 0 0 0 0 0 0 0 0 0 0 0 0 1 0 0 0 0 0 0 0 0 0]
[798719600499185880205396635816901811025104577284872981857685447185132945801795 0 0 0 0 0 0 0 0 0 0 0 0 0 0 0 0 1 0 0 0 0 0 0 0 0]
[182405181210626430653527732272261392051794450022170367939205655554413350815351 0 0 0 0 0 0 0 0 0 0 0 0 0 0 0 0 0 1 0 0 0 0 0 0 0]
[1512337373043404877592331398437100738292654068989639936177411067292492703485224 0 0 0 0 0 0 0 0 0 0 0 0 0 0 0 0 0 0 1 0 0 0 0 0 0]
[1002362722424470883549697419708391115058377386476242565878613545323579898323031 0 0 0 0 0 0 0 0 0 0 0 0 0 0 0 0 0 0 0 1 0 0 0 0 0]
[251768820934838702620651803362440189480638390731548401873968635242144743986458 0 0 0 0 0 0 0 0 0 0 0 0 0 0 0 0 0 0 0 0 1 0 0 0 0]
[121423978313945875812343487082678821890165690623609050087403493899684534385014 0 0 0 0 0 0 0 0 0 0 0 0 0 0 0 0 0 0 0 0 0 1 0 0 0]
[485744332067739558936065175821225254699170005518721477629820010889057107821915 0 0 0 0 0 0 0 0 0 0 0 0 0 0 0 0 0 0 0 0 0 0 1 0 0]
[820514228264031750013618910331162236127156945882423910379687227480594362282320 0 0 0 0 0 0 0 0 0 0 0 0 0 0 0 0 0 0 0 0 0 0 0 1 0]
[881654436743663423215420201160130989268705851399028341773614785941075460219431 0 0 0 0 0 0 0 0 0 0 0 0 0 0 0 0 0 0 0 0 0 0 0 0 1]
]
