[[1619845584068362011214192989562940960174761232245887555105789648841055033035313 0 0 0 0 0 0 0 0 0 0 0 0 0 0 0 0 0 0 0 0 0 0 0 0 0]
[1424649986296947804208040195948207234317258519513365546476105009005703919036449 1 0 0 0 0 0 0 0 0 0 0 0 0 0 0 0 0 0 0 0 0 0 0 0 0]
[1558855415161666924304451289445879213724611011050272635167125962311950967296970 0 1 0 0 0 0 0 0 0 0 0 0 0 0 0 0 0 0 0 0 0 0 0 0 0]
[325666411771765397817887786960442905535421440468083960589525298179089565759484 0 0 1 0 0 0 0 0 0 0 0 0 0 0 0 0 0 0 0 0 0 0 0 0 0]
[244731204375077165412094855332349878665828615086974477353297483211585526665770 0 0 0 1 0 0 0 0 0 0 0 0 0 0 0 0 0 0 0 0 0 0 0 0 0]
[1441905875314110987573130931961354916129191748663327203364821779805370079457603 0 0 0 0 1 0 0 0 0 0 0 0 0 0 0 0 0 0 0 0 0 0 0 0 0]
[283539833886851027424820534122559995859062391001077945323333684626265778156266 0 0 0 0 0 1 0 0 0 0 0 0 0 0 0 0 0 0 0 0 0 0 0 0 0]
[294013143466378666814682213665220532311661665548729082123925081803324342139672 0 0 0 0 0 0 1 0 0 0 0 0 0 0 0 0 0 0 0 0 0 0 0 0 0]
[1316432612815052669828510756857921742897560535737083653566790655930549044370959 0 0 0 0 0 0 0 1 0 0 0 0 0 0 0 0 0 0 0 0 0 0 0 0 0]
[1048988214717255462163672147409409820697141889254877912195687697269523813540625 0 0 0 0 0 0 0 0 1 0 0 0 0 0 0 0 0 0 0 0 0 0 0 0 0]
[1479555149485899340061061735617437884822179931005483427983188423868170507265171 0 0 0 0 0 0 0 0 0 1 0 0 0 0 0 0 0 0 0 0 0 0 0 0 0]
[674151327429999665256846177724170373799763385874292596873028710788758859646789 0 0 0 0 0 0 0 0 0 0 1 0 0 0 0 0 0 0 0 0 0 0 0 0 0]
[887131427339478764498682905147350277679313062201238837378296483482205849971671 0 0 0 0 0 0 0 0 0 0 0 1 0 0 0 0 0 0 0 0 0 0 0 0 0]
[345509176269653201346244658877330981726219312750440685868794712919150016661165 0 0 0 0 0 0 0 0 0 0 0 0 1 0 0 0 0 0 0 0 0 0 0 0 0]
[529798444798663510116861994312928025611080484353408668068117434712171962066619 0 0 0 0 0 0 0 0 0 0 0 0 0 1 0 0 0 0 0 0 0 0 0 0 0]
[816061165022289137650517037961389138497033876071894827811350387784954837147961 0 0 0 0 0 0 0 0 0 0 0 0 0 0 1 0 0 0 0 0 0 0 0 0 0]
[570354520175383936013690076465389598252586665576090009374261365127899945715018 0 0 0 0 0 0 0 0 0 0 0 0 0 0 0 1 0 0 0 0 0 0 0 0 0]
[1482752817041939366293800215363090906638264050726583733795856061745730206821401 0 0 0 0 0 0 0 0 0 0 0 0 0 0 0 0 1 0 0 0 0 0 0 0 0]
[394076499583369974781841148623589390539034418373003699033631388576554350825245 0 0 0 0 0 0 0 0 0 0 0 0 0 0 0 0 0 1 0 0 0 0 0 0 0]
[1194198805359631481295951747411780653269265711452751256490245855501800213062406 0 0 0 0 0 0 0 0 0 0 0 0 0 0 0 0 0 0 1 0 0 0 0 0 0]
[401624326496764680024842441768004233519140046708266789009977203710786927147541 0 0 0 0 0 0 0 0 0 0 0 0 0 0 0 0 0 0 0 1 0 0 0 0 0]
[1400676705725916838171880152091228363258343926234104192078865848096614913476382 0 0 0 0 0 0 0 0 0 0 0 0 0 0 0 0 0 0 0 0 1 0 0 0 0]
[592606982945236386122610316547198701194346852078420659154204234803054100450571 0 0 0 0 0 0 0 0 0 0 0 0 0 0 0 0 0 0 0 0 0 1 0 0 0]
[760668535155397742724030170721991857549816421659070558591838348212006011010544 0 0 0 0 0 0 0 0 0 0 0 0 0 0 0 0 0 0 0 0 0 0 1 0 0]
[40466637767724468308393641505350167717044204262858697832634189764358082948031 0 0 0 0 0 0 0 0 0 0 0 0 0 0 0 0 0 0 0 0 0 0 0 1 0]
[873303321506830283393561971764481620759210395431046709812059623189017126144838 0 0 0 0 0 0 0 0 0 0 0 0 0 0 0 0 0 0 0 0 0 0 0 0 1]
]
