[[1837801312871708790602691806813632109090819189532442542722648694540403194423017 0 0 0 0 0 0 0 0 0 0 0 0 0 0 0 0 0 0 0 0 0 0 0 0 0]
[223447784846728100814319041088017834240323718723205402608016690737751140938808 1 0 0 0 0 0 0 0 0 0 0 0 0 0 0 0 0 0 0 0 0 0 0 0 0]
[999326876427950168422774881431443749787339755294137162565462624561304885685271 0 1 0 0 0 0 0 0 0 0 0 0 0 0 0 0 0 0 0 0 0 0 0 0 0]
[1673823721276717111439763496023682492501857930593186610938311302413096635219271 0 0 1 0 0 0 0 0 0 0 0 0 0 0 0 0 0 0 0 0 0 0 0 0 0]
[1725088911649210437672552038182533631845990362876145592247599181985302834230735 0 0 0 1 0 0 0 0 0 0 0 0 0 0 0 0 0 0 0 0 0 0 0 0 0]
[87857228278778373918346085510446629686389883638461643971837241572573445517136 0 0 0 0 1 0 0 0 0 0 0 0 0 0 0 0 0 0 0 0 0 0 0 0 0]
[1197836297504224591891246425923098939195332686243119117993294560238405118043843 0 0 0 0 0 1 0 0 0 0 0 0 0 0 0 0 0 0 0 0 0 0 0 0 0]
[1339944444052651181517298898585812776433685122988526278954885120962794300258959 0 0 0 0 0 0 1 0 0 0 0 0 0 0 0 0 0 0 0 0 0 0 0 0 0]
[1613541646055199857966272830513917802792182512218645710924592177576323151821590 0 0 0 0 0 0 0 1 0 0 0 0 0 0 0 0 0 0 0 0 0 0 0 0 0]
[964937629421677622085678672985434998775192187267670930090005620652896436624019 0 0 0 0 0 0 0 0 1 0 0 0 0 0 0 0 0 0 0 0 0 0 0 0 0]
[502467235925206200022972816926246287811775360763659256941995709920378471468746 0 0 0 0 0 0 0 0 0 1 0 0 0 0 0 0 0 0 0 0 0 0 0 0 0]
[941651773907376202358252983308165799943294190339937027758226239118712195869724 0 0 0 0 0 0 0 0 0 0 1 0 0 0 0 0 0 0 0 0 0 0 0 0 0]
[1449294359080339654047971137390899720403149118593142215507413329885447376150329 0 0 0 0 0 0 0 0 0 0 0 1 0 0 0 0 0 0 0 0 0 0 0 0 0]
[1130799815289010502414249882386100878311162893593935285457212004163216933138928 0 0 0 0 0 0 0 0 0 0 0 0 1 0 0 0 0 0 0 0 0 0 0 0 0]
[1433790260378630280172564101786363897251475107594220686696688362398226723015898 0 0 0 0 0 0 0 0 0 0 0 0 0 1 0 0 0 0 0 0 0 0 0 0 0]
[1266990912038363132776480249433875379954913787108227768631030563021856922907069 0 0 0 0 0 0 0 0 0 0 0 0 0 0 1 0 0 0 0 0 0 0 0 0 0]
[325456338659729060636556607035938752855327153568123135512736230155312209173688 0 0 0 0 0 0 0 0 0 0 0 0 0 0 0 1 0 0 0 0 0 0 0 0 0]
[684390562883990423519008781606426768184410799054613324343403222778175011938002 0 0 0 0 0 0 0 0 0 0 0 0 0 0 0 0 1 0 0 0 0 0 0 0 0]
[1270402734808189010711475631997330517720578753719388926791380159536456131024440 0 0 0 0 0 0 0 0 0 0 0 0 0 0 0 0 0 1 0 0 0 0 0 0 0]
[1276971691754032165633892750774479329478821929626403112114182267474722371069938 0 0 0 0 0 0 0 0 0 0 0 0 0 0 0 0 0 0 1 0 0 0 0 0 0]
[998459930495301864020472080152946537230830790605386647720288637022648254950400 0 0 0 0 0 0 0 0 0 0 0 0 0 0 0 0 0 0 0 1 0 0 0 0 0]
[819550200666435083120645362333419571331134658995607963523964490290281259724352 0 0 0 0 0 0 0 0 0 0 0 0 0 0 0 0 0 0 0 0 1 0 0 0 0]
[912631557238372873454082717268469342337451768760622064700537470601671621616287 0 0 0 0 0 0 0 0 0 0 0 0 0 0 0 0 0 0 0 0 0 1 0 0 0]
[1608542324458852488765226789241533815930410012789190159598560364292804726359685 0 0 0 0 0 0 0 0 0 0 0 0 0 0 0 0 0 0 0 0 0 0 1 0 0]
[1111093268359566824387496611206844907054797066956689414740847055716550107715835 0 0 0 0 0 0 0 0 0 0 0 0 0 0 0 0 0 0 0 0 0 0 0 1 0]
[1270230921801966801259753910654961199432459591509736098407695880711160558831783 0 0 0 0 0 0 0 0 0 0 0 0 0 0 0 0 0 0 0 0 0 0 0 0 1]
]
