[[1291830082987712364625212865103699713798374979129218133091322427679380653223531 0 0 0 0 0 0 0 0 0 0 0 0 0 0 0 0 0 0 0 0 0 0 0 0 0]
[808328378798848655882235650175843495145012753961030796083021625684668706336065 1 0 0 0 0 0 0 0 0 0 0 0 0 0 0 0 0 0 0 0 0 0 0 0 0]
[840454156259409567611602767411220672354762647670028528644764830034463812429980 0 1 0 0 0 0 0 0 0 0 0 0 0 0 0 0 0 0 0 0 0 0 0 0 0]
[169978370130094303281596765478082875943532196448150247825314575751603692435860 0 0 1 0 0 0 0 0 0 0 0 0 0 0 0 0 0 0 0 0 0 0 0 0 0]
[1271310450219256423733295860296280700120036073307217572415593407895831394081739 0 0 0 1 0 0 0 0 0 0 0 0 0 0 0 0 0 0 0 0 0 0 0 0 0]
[999163764429663357526221639382470502685456703257956651119358074710576610132421 0 0 0 0 1 0 0 0 0 0 0 0 0 0 0 0 0 0 0 0 0 0 0 0 0]
[669086309766555721126894535938779520503837676985392594689910526076878755966575 0 0 0 0 0 1 0 0 0 0 0 0 0 0 0 0 0 0 0 0 0 0 0 0 0]
[1038801657754739447846885495687507622925129907267093070536183622629057131912453 0 0 0 0 0 0 1 0 0 0 0 0 0 0 0 0 0 0 0 0 0 0 0 0 0]
[821457239033937336854007063284302664770655172857100859881293897308233564792590 0 0 0 0 0 0 0 1 0 0 0 0 0 0 0 0 0 0 0 0 0 0 0 0 0]
[942555014405766252840116299320033801911397269664793181766500115575839970160030 0 0 0 0 0 0 0 0 1 0 0 0 0 0 0 0 0 0 0 0 0 0 0 0 0]
[1133877974050812502373094929711072719533266175709543698035248584833097091868742 0 0 0 0 0 0 0 0 0 1 0 0 0 0 0 0 0 0 0 0 0 0 0 0 0]
[428315323666088350502069975104425288987659480218443004976089524043318180867776 0 0 0 0 0 0 0 0 0 0 1 0 0 0 0 0 0 0 0 0 0 0 0 0 0]
[745859307560512640842851842128157074035683256019691040718905845985646988029028 0 0 0 0 0 0 0 0 0 0 0 1 0 0 0 0 0 0 0 0 0 0 0 0 0]
[496170981807015358989918187780251524946926098797968355904858676530365135246018 0 0 0 0 0 0 0 0 0 0 0 0 1 0 0 0 0 0 0 0 0 0 0 0 0]
[63032955992971989504487751861986329100020989086342061375415564841486248498139 0 0 0 0 0 0 0 0 0 0 0 0 0 1 0 0 0 0 0 0 0 0 0 0 0]
[901979590595648254009409034945892438367535540119775754791171107431592013429276 0 0 0 0 0 0 0 0 0 0 0 0 0 0 1 0 0 0 0 0 0 0 0 0 0]
[951330570236622526670207216872440848608480452266178911097255845516956229682549 0 0 0 0 0 0 0 0 0 0 0 0 0 0 0 1 0 0 0 0 0 0 0 0 0]
[454747768752488963084404896831854785059097459560348970580527747625855221182060 0 0 0 0 0 0 0 0 0 0 0 0 0 0 0 0 1 0 0 0 0 0 0 0 0]
[719457086429169227750303980073958820376726934541722060483179512080483823824700 0 0 0 0 0 0 0 0 0 0 0 0 0 0 0 0 0 1 0 0 0 0 0 0 0]
[65018839581450217404394227645199151153908567150796845443448941614722793435483 0 0 0 0 0 0 0 0 0 0 0 0 0 0 0 0 0 0 1 0 0 0 0 0 0]
[1268695642944958031505320072177504996412218456873710117188482567405007243744658 0 0 0 0 0 0 0 0 0 0 0 0 0 0 0 0 0 0 0 1 0 0 0 0 0]
[426233803424260797882764887735205951631162253741809628770067264601549583538026 0 0 0 0 0 0 0 0 0 0 0 0 0 0 0 0 0 0 0 0 1 0 0 0 0]
[1203992460853420630406122772142922313425668195277574476026550262233173045268702 0 0 0 0 0 0 0 0 0 0 0 0 0 0 0 0 0 0 0 0 0 1 0 0 0]
[1229221127383386280087054709506122641354599684730363292871913177634210810689776 0 0 0 0 0 0 0 0 0 0 0 0 0 0 0 0 0 0 0 0 0 0 1 0 0]
[1009399422949912871616373645855331101268368800805038843703618421132103121741523 0 0 0 0 0 0 0 0 0 0 0 0 0 0 0 0 0 0 0 0 0 0 0 1 0]
[578569608715783060349552362272095610491628907528140054599674105595907392040652 0 0 0 0 0 0 0 0 0 0 0 0 0 0 0 0 0 0 0 0 0 0 0 0 1]
]
