[[1499292986975472448962390209374522567425483204994731287892189843716230787484589 0 0 0 0 0 0 0 0 0 0 0 0 0 0 0 0 0 0 0 0 0 0 0 0 0]
[372065413349631599524057945359298918453011353341127582454361824584432729595090 1 0 0 0 0 0 0 0 0 0 0 0 0 0 0 0 0 0 0 0 0 0 0 0 0]
[1308742244661885687009384676810908544168577811376226164715127528769763927598206 0 1 0 0 0 0 0 0 0 0 0 0 0 0 0 0 0 0 0 0 0 0 0 0 0]
[1387323825068969353691029881908480094515257697178871868252981445019725821223582 0 0 1 0 0 0 0 0 0 0 0 0 0 0 0 0 0 0 0 0 0 0 0 0 0]
[1069372444810277669358926746535107931396470648312724828707434493743640595656336 0 0 0 1 0 0 0 0 0 0 0 0 0 0 0 0 0 0 0 0 0 0 0 0 0]
[931621415444566653395020742022074478844997558740789573627728570182293522083920 0 0 0 0 1 0 0 0 0 0 0 0 0 0 0 0 0 0 0 0 0 0 0 0 0]
[184318063804165316953588331103802853696524712697754430329108461179752747582666 0 0 0 0 0 1 0 0 0 0 0 0 0 0 0 0 0 0 0 0 0 0 0 0 0]
[1080200035818301290020806745416348233993472224980169134835054390591469180096842 0 0 0 0 0 0 1 0 0 0 0 0 0 0 0 0 0 0 0 0 0 0 0 0 0]
[31864128037381132976509362905776947005731305567913064802260504592598613572824 0 0 0 0 0 0 0 1 0 0 0 0 0 0 0 0 0 0 0 0 0 0 0 0 0]
[638660514245669216460544857087075198881091642706229625465532361674662461584954 0 0 0 0 0 0 0 0 1 0 0 0 0 0 0 0 0 0 0 0 0 0 0 0 0]
[521634076370071260416598635285972877263631551899114597116930686509276989564357 0 0 0 0 0 0 0 0 0 1 0 0 0 0 0 0 0 0 0 0 0 0 0 0 0]
[196882467718842912911510074650787475832616539342672875680111210336904365175643 0 0 0 0 0 0 0 0 0 0 1 0 0 0 0 0 0 0 0 0 0 0 0 0 0]
[76511125194746674874793420449904135781701826491990908439229042381262402764980 0 0 0 0 0 0 0 0 0 0 0 1 0 0 0 0 0 0 0 0 0 0 0 0 0]
[1388226048948312199814918010272283290727349617777876826246768129379762927619580 0 0 0 0 0 0 0 0 0 0 0 0 1 0 0 0 0 0 0 0 0 0 0 0 0]
[25382263354653198497437091174467558054447725020508359692852751627068003360490 0 0 0 0 0 0 0 0 0 0 0 0 0 1 0 0 0 0 0 0 0 0 0 0 0]
[202675521934919117905754768106494076059554649595880996282128385168401274461093 0 0 0 0 0 0 0 0 0 0 0 0 0 0 1 0 0 0 0 0 0 0 0 0 0]
[369815338639743998683959719819524067596756093431908035203469511169170352813110 0 0 0 0 0 0 0 0 0 0 0 0 0 0 0 1 0 0 0 0 0 0 0 0 0]
[921440474037359524946933636150508219566389947030004795554443195269116736993069 0 0 0 0 0 0 0 0 0 0 0 0 0 0 0 0 1 0 0 0 0 0 0 0 0]
[56867090755401322086507337078084986368702752908113733409305247371405326571186 0 0 0 0 0 0 0 0 0 0 0 0 0 0 0 0 0 1 0 0 0 0 0 0 0]
[1315042338109565940370182073653249110619448781817031898967365174381168477001411 0 0 0 0 0 0 0 0 0 0 0 0 0 0 0 0 0 0 1 0 0 0 0 0 0]
[1491979532827790221390758501280854245831650410470645635029536749317906080264782 0 0 0 0 0 0 0 0 0 0 0 0 0 0 0 0 0 0 0 1 0 0 0 0 0]
[512506502235260849778979855309182321371598189024523654351581196855488370767263 0 0 0 0 0 0 0 0 0 0 0 0 0 0 0 0 0 0 0 0 1 0 0 0 0]
[1037413211890901391480101787384792637044698730976176489071674333530744285553456 0 0 0 0 0 0 0 0 0 0 0 0 0 0 0 0 0 0 0 0 0 1 0 0 0]
[505905787630750842888969049348481727048656406954428621685979561660172459685704 0 0 0 0 0 0 0 0 0 0 0 0 0 0 0 0 0 0 0 0 0 0 1 0 0]
[244488254678674429116041547318685663786857434037445909012031057116397347299853 0 0 0 0 0 0 0 0 0 0 0 0 0 0 0 0 0 0 0 0 0 0 0 1 0]
[604018751840719211481122993143873200688248672262272011142218056944659836551667 0 0 0 0 0 0 0 0 0 0 0 0 0 0 0 0 0 0 0 0 0 0 0 0 1]
]
