[[1182905196143434987475875705894100709276520401746069919441039132234189774693503 0 0 0 0 0 0 0 0 0 0 0 0 0 0 0 0 0 0 0 0 0 0 0 0 0]
[454822459227719138062742719171910051604547367095648619007278786219516708375097 1 0 0 0 0 0 0 0 0 0 0 0 0 0 0 0 0 0 0 0 0 0 0 0 0]
[752990685797464129452466126777933141545418568733537789991302280720482875816566 0 1 0 0 0 0 0 0 0 0 0 0 0 0 0 0 0 0 0 0 0 0 0 0 0]
[215477223458673037840968477747933650007597650829558486284718956395461534948341 0 0 1 0 0 0 0 0 0 0 0 0 0 0 0 0 0 0 0 0 0 0 0 0 0]
[301820026146468353125153945116598260687772660811282310889473879280993053447850 0 0 0 1 0 0 0 0 0 0 0 0 0 0 0 0 0 0 0 0 0 0 0 0 0]
[156189426265420866043521619937835604800770825527436977137957418835428293440704 0 0 0 0 1 0 0 0 0 0 0 0 0 0 0 0 0 0 0 0 0 0 0 0 0]
[51411687672089974721740628749281767279045057955081891998855260037070739779014 0 0 0 0 0 1 0 0 0 0 0 0 0 0 0 0 0 0 0 0 0 0 0 0 0]
[471779069106996151493370736453836401058546391445081288003743503769369138134613 0 0 0 0 0 0 1 0 0 0 0 0 0 0 0 0 0 0 0 0 0 0 0 0 0]
[240680613396270202633670847851740778550953584452201507048978786967120380135630 0 0 0 0 0 0 0 1 0 0 0 0 0 0 0 0 0 0 0 0 0 0 0 0 0]
[1118565166492393090221431135989524343100506452054790741602220078787382226688437 0 0 0 0 0 0 0 0 1 0 0 0 0 0 0 0 0 0 0 0 0 0 0 0 0]
[785148479294604308152039003386705559466275246426676428001213541539965209389959 0 0 0 0 0 0 0 0 0 1 0 0 0 0 0 0 0 0 0 0 0 0 0 0 0]
[645734880845214056920120657899485522645701696753785140970258298179320811297261 0 0 0 0 0 0 0 0 0 0 1 0 0 0 0 0 0 0 0 0 0 0 0 0 0]
[1033819622175704468190710117534599805787658097657066388570618194078417504327436 0 0 0 0 0 0 0 0 0 0 0 1 0 0 0 0 0 0 0 0 0 0 0 0 0]
[1029550610614730970581953928927642527842601796001979327788585868293489285413599 0 0 0 0 0 0 0 0 0 0 0 0 1 0 0 0 0 0 0 0 0 0 0 0 0]
[669468041556129359356461561874474064528450553076084566171172440832743554834000 0 0 0 0 0 0 0 0 0 0 0 0 0 1 0 0 0 0 0 0 0 0 0 0 0]
[25761364928240048684421360643181181281213155712096439307167539616930675140061 0 0 0 0 0 0 0 0 0 0 0 0 0 0 1 0 0 0 0 0 0 0 0 0 0]
[1077347385285006742460982187879161329086648357420586462724037292342349059487872 0 0 0 0 0 0 0 0 0 0 0 0 0 0 0 1 0 0 0 0 0 0 0 0 0]
[442187174269856036782819758361619299399809878858059051573532689371822694689725 0 0 0 0 0 0 0 0 0 0 0 0 0 0 0 0 1 0 0 0 0 0 0 0 0]
[196815635534960377413710870462002804433365081506268034595982261249213555039420 0 0 0 0 0 0 0 0 0 0 0 0 0 0 0 0 0 1 0 0 0 0 0 0 0]
[594595570787038727241609237747336290421644168387908578362482741356239414803921 0 0 0 0 0 0 0 0 0 0 0 0 0 0 0 0 0 0 1 0 0 0 0 0 0]
[576578800738223354756802562134471346366492912106599634317104545513919954951397 0 0 0 0 0 0 0 0 0 0 0 0 0 0 0 0 0 0 0 1 0 0 0 0 0]
[1001349261862792050085289921111923968447436226630607797393066271876679710559237 0 0 0 0 0 0 0 0 0 0 0 0 0 0 0 0 0 0 0 0 1 0 0 0 0]
[236396239739543903750458173296852424245925788317889835312939505802893979929383 0 0 0 0 0 0 0 0 0 0 0 0 0 0 0 0 0 0 0 0 0 1 0 0 0]
[700158080615583488333406301024327204372888280606568373664983492483873796859238 0 0 0 0 0 0 0 0 0 0 0 0 0 0 0 0 0 0 0 0 0 0 1 0 0]
[282391546621658419182566814318944900092415222655788579369474634598552665405490 0 0 0 0 0 0 0 0 0 0 0 0 0 0 0 0 0 0 0 0 0 0 0 1 0]
[893122892743091880388087143427992085333146494342517190740122514088781855101385 0 0 0 0 0 0 0 0 0 0 0 0 0 0 0 0 0 0 0 0 0 0 0 0 1]
]
