[[1632596386981348439108757948052742270941389695489226597824440043499536957748469 0 0 0 0 0 0 0 0 0 0 0 0 0 0 0 0 0 0 0 0 0 0 0 0 0]
[196694968061149700561111317954118511553918980450117789391186297289423093846563 1 0 0 0 0 0 0 0 0 0 0 0 0 0 0 0 0 0 0 0 0 0 0 0 0]
[843864293071719592536443900689693370675087309640773505723658578675521445310772 0 1 0 0 0 0 0 0 0 0 0 0 0 0 0 0 0 0 0 0 0 0 0 0 0]
[78324636626278922972574709748235756635537579199099348739120289760166896640032 0 0 1 0 0 0 0 0 0 0 0 0 0 0 0 0 0 0 0 0 0 0 0 0 0]
[585027776718555626227618660966682340583131759495682680913388494749352274523710 0 0 0 1 0 0 0 0 0 0 0 0 0 0 0 0 0 0 0 0 0 0 0 0 0]
[628783742063206848950688581358126146962313784709175773924413897723636418421258 0 0 0 0 1 0 0 0 0 0 0 0 0 0 0 0 0 0 0 0 0 0 0 0 0]
[912621023722742743506415086044144046524677719991570270041198864995530773626996 0 0 0 0 0 1 0 0 0 0 0 0 0 0 0 0 0 0 0 0 0 0 0 0 0]
[500379097988625232224709171954426894066392082527443896163342575599815808456114 0 0 0 0 0 0 1 0 0 0 0 0 0 0 0 0 0 0 0 0 0 0 0 0 0]
[1226703418253055949742079876170425578910565123900413235203113614950583866335995 0 0 0 0 0 0 0 1 0 0 0 0 0 0 0 0 0 0 0 0 0 0 0 0 0]
[927685506339222007677282373667101425818649492459932807340426405408512479206714 0 0 0 0 0 0 0 0 1 0 0 0 0 0 0 0 0 0 0 0 0 0 0 0 0]
[1318971742077603042655876971258178792877803264534483249693189525126845815396060 0 0 0 0 0 0 0 0 0 1 0 0 0 0 0 0 0 0 0 0 0 0 0 0 0]
[1226228217666169468440673538140705213057656888706012282197112354049761536120241 0 0 0 0 0 0 0 0 0 0 1 0 0 0 0 0 0 0 0 0 0 0 0 0 0]
[315124945678836283294679194161488548937698553907712124240174064664252530058296 0 0 0 0 0 0 0 0 0 0 0 1 0 0 0 0 0 0 0 0 0 0 0 0 0]
[203393944322306264031551309815865183291710619863994617589759763745805102608615 0 0 0 0 0 0 0 0 0 0 0 0 1 0 0 0 0 0 0 0 0 0 0 0 0]
[373059021554219372374636021679136550286715338480347471135155391329596071379213 0 0 0 0 0 0 0 0 0 0 0 0 0 1 0 0 0 0 0 0 0 0 0 0 0]
[1342771239934798783331564587636061607952429448266485530194464630423849748563875 0 0 0 0 0 0 0 0 0 0 0 0 0 0 1 0 0 0 0 0 0 0 0 0 0]
[336105575620156765879114236489674828805659696796460238682463625202230669721796 0 0 0 0 0 0 0 0 0 0 0 0 0 0 0 1 0 0 0 0 0 0 0 0 0]
[1347503196563785174963152860629822236786293486746842601693808314799096777047648 0 0 0 0 0 0 0 0 0 0 0 0 0 0 0 0 1 0 0 0 0 0 0 0 0]
[735995668066773352875106989973583122113528266472092004779003639145969793505508 0 0 0 0 0 0 0 0 0 0 0 0 0 0 0 0 0 1 0 0 0 0 0 0 0]
[1251747997281884600676590461967766084322254399302924945373592453398649097538713 0 0 0 0 0 0 0 0 0 0 0 0 0 0 0 0 0 0 1 0 0 0 0 0 0]
[492769264255900490360924028472757647989745042519791927335790277546549280057044 0 0 0 0 0 0 0 0 0 0 0 0 0 0 0 0 0 0 0 1 0 0 0 0 0]
[542276339593943370695547296923774362642334676858096763669262395147435327575092 0 0 0 0 0 0 0 0 0 0 0 0 0 0 0 0 0 0 0 0 1 0 0 0 0]
[873224966374055730177551398249477030623819365534937459740837638360473015581546 0 0 0 0 0 0 0 0 0 0 0 0 0 0 0 0 0 0 0 0 0 1 0 0 0]
[234491504187500715659517142451850961631671127897645258667989686880246879971735 0 0 0 0 0 0 0 0 0 0 0 0 0 0 0 0 0 0 0 0 0 0 1 0 0]
[846874309262641821218364376143342882391894230262907334247139194654757234700184 0 0 0 0 0 0 0 0 0 0 0 0 0 0 0 0 0 0 0 0 0 0 0 1 0]
[184553736392534581432008065780234940339273601782010277343672429494153904485739 0 0 0 0 0 0 0 0 0 0 0 0 0 0 0 0 0 0 0 0 0 0 0 0 1]
]
