[[1059028836625507460664414282153032265218943871337003927111785686469959959 0 0 0 0 0 0 0 0 0 0 0 0 0 0 0 0 0 0 0 0 0 0 0]
[780093184365664991208157262963464902327742807154788362408977698524454442 1 0 0 0 0 0 0 0 0 0 0 0 0 0 0 0 0 0 0 0 0 0 0]
[668828905796585399633056744629614963599143305320659035013119328598906592 0 1 0 0 0 0 0 0 0 0 0 0 0 0 0 0 0 0 0 0 0 0 0]
[819633236578321432499023289044882716793334077569664303787485691987981809 0 0 1 0 0 0 0 0 0 0 0 0 0 0 0 0 0 0 0 0 0 0 0]
[338351061275652678493821328209108403081390685950423248995609538557396612 0 0 0 1 0 0 0 0 0 0 0 0 0 0 0 0 0 0 0 0 0 0 0]
[584722058187279793072207392058720075677415898542205666355331958077147450 0 0 0 0 1 0 0 0 0 0 0 0 0 0 0 0 0 0 0 0 0 0 0]
[16484866539146370182163734678090033169786777933430522197266508304996369 0 0 0 0 0 1 0 0 0 0 0 0 0 0 0 0 0 0 0 0 0 0 0]
[377931327450484500805795891989080329280382961590788341864671192750598153 0 0 0 0 0 0 1 0 0 0 0 0 0 0 0 0 0 0 0 0 0 0 0]
[506885257720401401367179093174399993328396114506638017457521755864859774 0 0 0 0 0 0 0 1 0 0 0 0 0 0 0 0 0 0 0 0 0 0 0]
[34853277707341457988630888665370373689546730760083969805432135497613633 0 0 0 0 0 0 0 0 1 0 0 0 0 0 0 0 0 0 0 0 0 0 0]
[863143320643345784867856981412952638615461559209727948675301622744899114 0 0 0 0 0 0 0 0 0 1 0 0 0 0 0 0 0 0 0 0 0 0 0]
[908050013676421609273629094748739632446873873800297524054345015413005749 0 0 0 0 0 0 0 0 0 0 1 0 0 0 0 0 0 0 0 0 0 0 0]
[719092284973343776034643226493635909526903268756825720389802701972187937 0 0 0 0 0 0 0 0 0 0 0 1 0 0 0 0 0 0 0 0 0 0 0]
[948751144275603686478785791979360015956917528648484485706311134070769545 0 0 0 0 0 0 0 0 0 0 0 0 1 0 0 0 0 0 0 0 0 0 0]
[402055366587244872114776611843171950570821370942508607979593717472268754 0 0 0 0 0 0 0 0 0 0 0 0 0 1 0 0 0 0 0 0 0 0 0]
[24921904273924663776465565692335992431711378224452795240054784706675032 0 0 0 0 0 0 0 0 0 0 0 0 0 0 1 0 0 0 0 0 0 0 0]
[708167685168524131358892396786626851986544804287602104232190727031809646 0 0 0 0 0 0 0 0 0 0 0 0 0 0 0 1 0 0 0 0 0 0 0]
[395408172730322303990514780408023559725834446817328951216185123983114007 0 0 0 0 0 0 0 0 0 0 0 0 0 0 0 0 1 0 0 0 0 0 0]
[372825879601333900073341089342015171696756822131265939047043372893292944 0 0 0 0 0 0 0 0 0 0 0 0 0 0 0 0 0 1 0 0 0 0 0]
[549185252502638124866210443838345935854454087145971183962617873283058040 0 0 0 0 0 0 0 0 0 0 0 0 0 0 0 0 0 0 1 0 0 0 0]
[590668620360144839315341003612248018692199490826795173811277602880518864 0 0 0 0 0 0 0 0 0 0 0 0 0 0 0 0 0 0 0 1 0 0 0]
[1013095531811157971327747453892334076212251523718958676289886540625409825 0 0 0 0 0 0 0 0 0 0 0 0 0 0 0 0 0 0 0 0 1 0 0]
[604044389449674926494448695291167959131951676622381141679724759342484243 0 0 0 0 0 0 0 0 0 0 0 0 0 0 0 0 0 0 0 0 0 1 0]
[324127907030206731305462740176780950289728165019522059662992249370365161 0 0 0 0 0 0 0 0 0 0 0 0 0 0 0 0 0 0 0 0 0 0 1]
]
