[[1302692931710884001723338595508238538507404012324843530622817334876494983 0 0 0 0 0 0 0 0 0 0 0 0 0 0 0 0 0 0 0 0 0 0 0]
[17053164980035172728837555590282579105807191861125532918014397418348875 1 0 0 0 0 0 0 0 0 0 0 0 0 0 0 0 0 0 0 0 0 0 0]
[179293663235227730266383483945087697376919894533781566646125827445214231 0 1 0 0 0 0 0 0 0 0 0 0 0 0 0 0 0 0 0 0 0 0 0]
[982982904460323533670341593301643026966622532806144966200499863671022317 0 0 1 0 0 0 0 0 0 0 0 0 0 0 0 0 0 0 0 0 0 0 0]
[798594635578662378565913153257757086427696238393119925135833223557699069 0 0 0 1 0 0 0 0 0 0 0 0 0 0 0 0 0 0 0 0 0 0 0]
[682037922122697063811576457419425901251321964327492029900970320723658803 0 0 0 0 1 0 0 0 0 0 0 0 0 0 0 0 0 0 0 0 0 0 0]
[829236643107382282001933175177210539839261657443735870252489353238556642 0 0 0 0 0 1 0 0 0 0 0 0 0 0 0 0 0 0 0 0 0 0 0]
[879659804923068234487808593880261031941534792888662663866421039254685694 0 0 0 0 0 0 1 0 0 0 0 0 0 0 0 0 0 0 0 0 0 0 0]
[1150516847822374705552271990390724751703181001958607928537481331152532933 0 0 0 0 0 0 0 1 0 0 0 0 0 0 0 0 0 0 0 0 0 0 0]
[646444200492572039737066633610862742673217933412313315546582992357613352 0 0 0 0 0 0 0 0 1 0 0 0 0 0 0 0 0 0 0 0 0 0 0]
[361463842756354168045519653860282077822005053220613766987283005107157655 0 0 0 0 0 0 0 0 0 1 0 0 0 0 0 0 0 0 0 0 0 0 0]
[714135066110101469443149348440835961491453014085268250444110210253781196 0 0 0 0 0 0 0 0 0 0 1 0 0 0 0 0 0 0 0 0 0 0 0]
[160035595980002369007370306663598185874489871232946291134889218777596885 0 0 0 0 0 0 0 0 0 0 0 1 0 0 0 0 0 0 0 0 0 0 0]
[1028068216215867308240885551293254050286724513369351575806407182626542528 0 0 0 0 0 0 0 0 0 0 0 0 1 0 0 0 0 0 0 0 0 0 0]
[1022117492791390495021049090590025872145874174306006810074798274655731944 0 0 0 0 0 0 0 0 0 0 0 0 0 1 0 0 0 0 0 0 0 0 0]
[618686885703291144287105618424315188969210176144918194277677289031117723 0 0 0 0 0 0 0 0 0 0 0 0 0 0 1 0 0 0 0 0 0 0 0]
[496882691643908099937981975240824947688000701162526930121894623441832380 0 0 0 0 0 0 0 0 0 0 0 0 0 0 0 1 0 0 0 0 0 0 0]
[238127455876713627655415706743370226547439042399915869939174019205179067 0 0 0 0 0 0 0 0 0 0 0 0 0 0 0 0 1 0 0 0 0 0 0]
[890020306377732067585774674873628847389934797245223747755288406124521457 0 0 0 0 0 0 0 0 0 0 0 0 0 0 0 0 0 1 0 0 0 0 0]
[1000661315892325354663682859006801229454175483824400267376172295047029407 0 0 0 0 0 0 0 0 0 0 0 0 0 0 0 0 0 0 1 0 0 0 0]
[796545976596831378278777825437904862148197687084183999857129885743911225 0 0 0 0 0 0 0 0 0 0 0 0 0 0 0 0 0 0 0 1 0 0 0]
[1213435345457116558600107443781328740887302089339316673699930271962943924 0 0 0 0 0 0 0 0 0 0 0 0 0 0 0 0 0 0 0 0 1 0 0]
[1175138636246908495194430361301879484713432444397588471001814366118351102 0 0 0 0 0 0 0 0 0 0 0 0 0 0 0 0 0 0 0 0 0 1 0]
[1016716092313412188621099125763369001569332184353868169282936032601012249 0 0 0 0 0 0 0 0 0 0 0 0 0 0 0 0 0 0 0 0 0 0 1]
]
