[[1121913339124475871805753071120956625177688911064412104089049260688491671 0 0 0 0 0 0 0 0 0 0 0 0 0 0 0 0 0 0 0 0 0 0 0]
[442774906581032587331927386195950630895124126030067089237559136960779777 1 0 0 0 0 0 0 0 0 0 0 0 0 0 0 0 0 0 0 0 0 0 0]
[948017196081031541756595574497833573892309712348172686901989268114212276 0 1 0 0 0 0 0 0 0 0 0 0 0 0 0 0 0 0 0 0 0 0 0]
[84271353026216961806586029946116404091074728309093675702117256177953480 0 0 1 0 0 0 0 0 0 0 0 0 0 0 0 0 0 0 0 0 0 0 0]
[1120503163726610919732007499298481189870320574037275809078950541199813103 0 0 0 1 0 0 0 0 0 0 0 0 0 0 0 0 0 0 0 0 0 0 0]
[723108088491685574549715262074928639095684640183895277038563176899482505 0 0 0 0 1 0 0 0 0 0 0 0 0 0 0 0 0 0 0 0 0 0 0]
[896352072601335757374754288590686037763407789128531758107016262996579791 0 0 0 0 0 1 0 0 0 0 0 0 0 0 0 0 0 0 0 0 0 0 0]
[350671942608427019420099933631942909306098034109367065073116642465891363 0 0 0 0 0 0 1 0 0 0 0 0 0 0 0 0 0 0 0 0 0 0 0]
[800769102627613411456082685974645897448646839454308406597358955709966162 0 0 0 0 0 0 0 1 0 0 0 0 0 0 0 0 0 0 0 0 0 0 0]
[229332664694046933749229535490592022651164668682741229179631973449355688 0 0 0 0 0 0 0 0 1 0 0 0 0 0 0 0 0 0 0 0 0 0 0]
[742235282764156290347514838337862447335415900668624837609625239662344794 0 0 0 0 0 0 0 0 0 1 0 0 0 0 0 0 0 0 0 0 0 0 0]
[617663047427240855250281255606852202893206308722214685298325496309646391 0 0 0 0 0 0 0 0 0 0 1 0 0 0 0 0 0 0 0 0 0 0 0]
[720771594718245122596058638031120975090477175300019407734206172621291233 0 0 0 0 0 0 0 0 0 0 0 1 0 0 0 0 0 0 0 0 0 0 0]
[966926919715042958752794014032546514717370161403290812561683222605737937 0 0 0 0 0 0 0 0 0 0 0 0 1 0 0 0 0 0 0 0 0 0 0]
[508228076235966476897865742978727819568745174474160282706749589151067597 0 0 0 0 0 0 0 0 0 0 0 0 0 1 0 0 0 0 0 0 0 0 0]
[529163523606224047985895323011519413097912523484987875636985803122590419 0 0 0 0 0 0 0 0 0 0 0 0 0 0 1 0 0 0 0 0 0 0 0]
[390686436339467317913336795885045203575292300503099056446054794347726474 0 0 0 0 0 0 0 0 0 0 0 0 0 0 0 1 0 0 0 0 0 0 0]
[903981053315520951996068460358904664541293954970859377371979090909153200 0 0 0 0 0 0 0 0 0 0 0 0 0 0 0 0 1 0 0 0 0 0 0]
[548979031295962517144132551325186283612599034229444525161791739018507984 0 0 0 0 0 0 0 0 0 0 0 0 0 0 0 0 0 1 0 0 0 0 0]
[901764642379426074739663621157311162148960551904204326764015194987982496 0 0 0 0 0 0 0 0 0 0 0 0 0 0 0 0 0 0 1 0 0 0 0]
[581205156581973415817978588590725738396666477778463259149198674831880011 0 0 0 0 0 0 0 0 0 0 0 0 0 0 0 0 0 0 0 1 0 0 0]
[962335531944914243541406181784300604128297658742949873810575360113155276 0 0 0 0 0 0 0 0 0 0 0 0 0 0 0 0 0 0 0 0 1 0 0]
[589013337045462608609073105552175808438525215186339395179390472480467428 0 0 0 0 0 0 0 0 0 0 0 0 0 0 0 0 0 0 0 0 0 1 0]
[390867369883167402109957741943136318806362702937527077413601390583940444 0 0 0 0 0 0 0 0 0 0 0 0 0 0 0 0 0 0 0 0 0 0 1]
]
