[[1054040126939195788291051818715645874841509623004362325815228826194277159 0 0 0 0 0 0 0 0 0 0 0 0 0 0 0 0 0 0 0 0 0 0 0]
[798596295715427267428719760907338185562098008579065342000912450893838115 1 0 0 0 0 0 0 0 0 0 0 0 0 0 0 0 0 0 0 0 0 0 0]
[437394908163051266541827893741339883710910806982220071669661894480515133 0 1 0 0 0 0 0 0 0 0 0 0 0 0 0 0 0 0 0 0 0 0 0]
[682457321070301885350539293893020474717357769867447394213836085882291101 0 0 1 0 0 0 0 0 0 0 0 0 0 0 0 0 0 0 0 0 0 0 0]
[880228103542311824982464410833166106763651621973247404148100184105262350 0 0 0 1 0 0 0 0 0 0 0 0 0 0 0 0 0 0 0 0 0 0 0]
[852051982013523479885758931942585542110163209935484902330004484160744097 0 0 0 0 1 0 0 0 0 0 0 0 0 0 0 0 0 0 0 0 0 0 0]
[747708753783406786290735125129404726307413569042921568808393983475578537 0 0 0 0 0 1 0 0 0 0 0 0 0 0 0 0 0 0 0 0 0 0 0]
[205971348356724752015817227077106027248292479626819830616612122600158335 0 0 0 0 0 0 1 0 0 0 0 0 0 0 0 0 0 0 0 0 0 0 0]
[593516041788411763250872632902167441653291380525639785163096418362990099 0 0 0 0 0 0 0 1 0 0 0 0 0 0 0 0 0 0 0 0 0 0 0]
[530284023934675142756747101323245275145925907593502987004709349936108761 0 0 0 0 0 0 0 0 1 0 0 0 0 0 0 0 0 0 0 0 0 0 0]
[243760048602245207393222408439965281528683537224994051060899990217615188 0 0 0 0 0 0 0 0 0 1 0 0 0 0 0 0 0 0 0 0 0 0 0]
[515034524014275187877271286924618742277733743486185849248917236695473582 0 0 0 0 0 0 0 0 0 0 1 0 0 0 0 0 0 0 0 0 0 0 0]
[24133592065266113137903601952382097432081990554438523453506074075484408 0 0 0 0 0 0 0 0 0 0 0 1 0 0 0 0 0 0 0 0 0 0 0]
[503315730490703142740578848144194928121118212589106642490820058001044676 0 0 0 0 0 0 0 0 0 0 0 0 1 0 0 0 0 0 0 0 0 0 0]
[748708447376657782507989088330852802810338970115223108307978798498383911 0 0 0 0 0 0 0 0 0 0 0 0 0 1 0 0 0 0 0 0 0 0 0]
[548821154947776605167146798596859956849756179308265822236723905621223873 0 0 0 0 0 0 0 0 0 0 0 0 0 0 1 0 0 0 0 0 0 0 0]
[317489412607772637097168165506071165996584687911032340820913344750689510 0 0 0 0 0 0 0 0 0 0 0 0 0 0 0 1 0 0 0 0 0 0 0]
[136255470953065646701937209900004909824127265571779943259013646129020683 0 0 0 0 0 0 0 0 0 0 0 0 0 0 0 0 1 0 0 0 0 0 0]
[561522654418989153672074112360974307011906677019306951737093774289623166 0 0 0 0 0 0 0 0 0 0 0 0 0 0 0 0 0 1 0 0 0 0 0]
[64624243560052657033628894541382964714637265735936537946920372000452876 0 0 0 0 0 0 0 0 0 0 0 0 0 0 0 0 0 0 1 0 0 0 0]
[168831825498176502720272648960439620904576921439813261881903526485689525 0 0 0 0 0 0 0 0 0 0 0 0 0 0 0 0 0 0 0 1 0 0 0]
[766383927299394391461427680607432797798886299988254364715758617614714049 0 0 0 0 0 0 0 0 0 0 0 0 0 0 0 0 0 0 0 0 1 0 0]
[686359914366228367641912329569653618465995838212166984074951275188837387 0 0 0 0 0 0 0 0 0 0 0 0 0 0 0 0 0 0 0 0 0 1 0]
[460384346140131031491280020082185965808267725267003991177961976545874599 0 0 0 0 0 0 0 0 0 0 0 0 0 0 0 0 0 0 0 0 0 0 1]
]
