[[1614054889166667219557872844413856401308526764906484023302387216715899159 0 0 0 0 0 0 0 0 0 0 0 0 0 0 0 0 0 0 0 0 0 0 0]
[720453251361483586991584587475203534476804034452398799207076048773029436 1 0 0 0 0 0 0 0 0 0 0 0 0 0 0 0 0 0 0 0 0 0 0]
[196987238408911858862150882143138195681326395666345742608846010814364378 0 1 0 0 0 0 0 0 0 0 0 0 0 0 0 0 0 0 0 0 0 0 0]
[1276476006355191006831718402272263890320614117879135365327921554727838048 0 0 1 0 0 0 0 0 0 0 0 0 0 0 0 0 0 0 0 0 0 0 0]
[281384632309804187057531171745990456340996880040662826012432353419790310 0 0 0 1 0 0 0 0 0 0 0 0 0 0 0 0 0 0 0 0 0 0 0]
[1466730668155214537929732650729027399114152899408632424412818419254554610 0 0 0 0 1 0 0 0 0 0 0 0 0 0 0 0 0 0 0 0 0 0 0]
[268392006990261345739958215060176461929756388116244781894784314517637173 0 0 0 0 0 1 0 0 0 0 0 0 0 0 0 0 0 0 0 0 0 0 0]
[1567777733874988087180582944510620945148985541217566935303032235332905105 0 0 0 0 0 0 1 0 0 0 0 0 0 0 0 0 0 0 0 0 0 0 0]
[139028894776710653084635343596151057404040961495117147942576360727679093 0 0 0 0 0 0 0 1 0 0 0 0 0 0 0 0 0 0 0 0 0 0 0]
[1005671501405212063942117113518821701582537837772996247463493747679968889 0 0 0 0 0 0 0 0 1 0 0 0 0 0 0 0 0 0 0 0 0 0 0]
[702275814206272782989637467473691871578350998447377338168400498753284088 0 0 0 0 0 0 0 0 0 1 0 0 0 0 0 0 0 0 0 0 0 0 0]
[740709904847380165547351676243040768023529697589863002251814226106235327 0 0 0 0 0 0 0 0 0 0 1 0 0 0 0 0 0 0 0 0 0 0 0]
[1269654401113813569302965885758728062932131030579380911285613892184708589 0 0 0 0 0 0 0 0 0 0 0 1 0 0 0 0 0 0 0 0 0 0 0]
[201480483479474259962332478708282865076678172102803114174289000045717099 0 0 0 0 0 0 0 0 0 0 0 0 1 0 0 0 0 0 0 0 0 0 0]
[1372284600969346441379268638554526497774483802594923591880527589867701829 0 0 0 0 0 0 0 0 0 0 0 0 0 1 0 0 0 0 0 0 0 0 0]
[1415911625831989905184131479385328065859769079195878438969856900378183084 0 0 0 0 0 0 0 0 0 0 0 0 0 0 1 0 0 0 0 0 0 0 0]
[1572766613779655607169095332852256989909005617503017067696409649046782231 0 0 0 0 0 0 0 0 0 0 0 0 0 0 0 1 0 0 0 0 0 0 0]
[124896439105092636026267470988838949672852060949143535765547256102507538 0 0 0 0 0 0 0 0 0 0 0 0 0 0 0 0 1 0 0 0 0 0 0]
[1608906086583366651831483131785589101156991082259757248964525852765221230 0 0 0 0 0 0 0 0 0 0 0 0 0 0 0 0 0 1 0 0 0 0 0]
[890535585647008314689431243058215477630440345799975383509020521042312394 0 0 0 0 0 0 0 0 0 0 0 0 0 0 0 0 0 0 1 0 0 0 0]
[920764571069190074398211230238622682265442331190809628344449521800585257 0 0 0 0 0 0 0 0 0 0 0 0 0 0 0 0 0 0 0 1 0 0 0]
[627326420672098742409653229295559726287905902491397553688348588799081088 0 0 0 0 0 0 0 0 0 0 0 0 0 0 0 0 0 0 0 0 1 0 0]
[796850120553093890345214101439802414858157948392199846307597411153169147 0 0 0 0 0 0 0 0 0 0 0 0 0 0 0 0 0 0 0 0 0 1 0]
[522025310955517637335209657341792901184788237917260710841302972704144922 0 0 0 0 0 0 0 0 0 0 0 0 0 0 0 0 0 0 0 0 0 0 1]
]
