[[967882351480097771726924077663411329356052983934074387820011094551599139 0 0 0 0 0 0 0 0 0 0 0 0 0 0 0 0 0 0 0 0 0 0 0]
[468287805728186717004882894918796753904063806304755809891664167003900671 1 0 0 0 0 0 0 0 0 0 0 0 0 0 0 0 0 0 0 0 0 0 0]
[9655368481888275525209971030474090671677296093364833027664588387637886 0 1 0 0 0 0 0 0 0 0 0 0 0 0 0 0 0 0 0 0 0 0 0]
[403119193226551688825883070522637898571241545233773737264235832222927580 0 0 1 0 0 0 0 0 0 0 0 0 0 0 0 0 0 0 0 0 0 0 0]
[160172565857389654042783611887486053310823648161228284608063535639117272 0 0 0 1 0 0 0 0 0 0 0 0 0 0 0 0 0 0 0 0 0 0 0]
[517111145514338517527462034265770108827792789111061162354454986668755486 0 0 0 0 1 0 0 0 0 0 0 0 0 0 0 0 0 0 0 0 0 0 0]
[782721415431147481821832330380909792803495599480043470581772326246571211 0 0 0 0 0 1 0 0 0 0 0 0 0 0 0 0 0 0 0 0 0 0 0]
[173632626014348758990521910581680837953420896996660001973219593886470772 0 0 0 0 0 0 1 0 0 0 0 0 0 0 0 0 0 0 0 0 0 0 0]
[14851703396105532409667843807471054516659346614670031202647793584611754 0 0 0 0 0 0 0 1 0 0 0 0 0 0 0 0 0 0 0 0 0 0 0]
[138653916790267852286554920727286034941605807193608809001437750472973412 0 0 0 0 0 0 0 0 1 0 0 0 0 0 0 0 0 0 0 0 0 0 0]
[47003136203824527847075244063497928747083293377318216459352336873378396 0 0 0 0 0 0 0 0 0 1 0 0 0 0 0 0 0 0 0 0 0 0 0]
[740596159864782710350718852108816940577834745780438701047856517808964127 0 0 0 0 0 0 0 0 0 0 1 0 0 0 0 0 0 0 0 0 0 0 0]
[129431949576219090618125333502472221266160770292081384932124563532229857 0 0 0 0 0 0 0 0 0 0 0 1 0 0 0 0 0 0 0 0 0 0 0]
[24558206519318127532675289994287920729222491700182727888012760996149714 0 0 0 0 0 0 0 0 0 0 0 0 1 0 0 0 0 0 0 0 0 0 0]
[517474994845548925996050782602250327554203751048040568028977551438702385 0 0 0 0 0 0 0 0 0 0 0 0 0 1 0 0 0 0 0 0 0 0 0]
[650409673195308550533511342614754978202744506595943158611577826189495356 0 0 0 0 0 0 0 0 0 0 0 0 0 0 1 0 0 0 0 0 0 0 0]
[431528102971109965942265548930328069399606727837124705888594785973473838 0 0 0 0 0 0 0 0 0 0 0 0 0 0 0 1 0 0 0 0 0 0 0]
[417302967757424044752705322338113497002454077851332876516178560326468853 0 0 0 0 0 0 0 0 0 0 0 0 0 0 0 0 1 0 0 0 0 0 0]
[935479191203542537983847526459907599765372278622238342452798671650451360 0 0 0 0 0 0 0 0 0 0 0 0 0 0 0 0 0 1 0 0 0 0 0]
[782248077465574646204102379614334551398141974020502099643347514686105826 0 0 0 0 0 0 0 0 0 0 0 0 0 0 0 0 0 0 1 0 0 0 0]
[107699916032859592909976474574533037219845867740397876706583787269933913 0 0 0 0 0 0 0 0 0 0 0 0 0 0 0 0 0 0 0 1 0 0 0]
[837531951015704185889079648241688590685851273132995976976674436740123093 0 0 0 0 0 0 0 0 0 0 0 0 0 0 0 0 0 0 0 0 1 0 0]
[99304520421449473484730127356608342662859491497244468749705510436684762 0 0 0 0 0 0 0 0 0 0 0 0 0 0 0 0 0 0 0 0 0 1 0]
[453859144684771278546369133231540816962236120912467558455054263633084961 0 0 0 0 0 0 0 0 0 0 0 0 0 0 0 0 0 0 0 0 0 0 1]
]
