[[1133889165645459654180518570308743061439258225630457705694157073442481633 0 0 0 0 0 0 0 0 0 0 0 0 0 0 0 0 0 0 0 0 0 0 0]
[370888956590295891101561462867087751438941523756393051215108939904918453 1 0 0 0 0 0 0 0 0 0 0 0 0 0 0 0 0 0 0 0 0 0 0]
[236698933894359452615642502591254083785667156048753026125039148535403333 0 1 0 0 0 0 0 0 0 0 0 0 0 0 0 0 0 0 0 0 0 0 0]
[319338104083976475090221297534066404560678990677686042986742022936183558 0 0 1 0 0 0 0 0 0 0 0 0 0 0 0 0 0 0 0 0 0 0 0]
[47929100158305257383717344712795522290919237949287467695563535748049718 0 0 0 1 0 0 0 0 0 0 0 0 0 0 0 0 0 0 0 0 0 0 0]
[1062601690740668500235580485472476294316118632311626231317925821496882615 0 0 0 0 1 0 0 0 0 0 0 0 0 0 0 0 0 0 0 0 0 0 0]
[167178143823527860694320344558958640718454237517454325914790026651675994 0 0 0 0 0 1 0 0 0 0 0 0 0 0 0 0 0 0 0 0 0 0 0]
[998110356776838841480012651174532840903931218228696716096665019006100944 0 0 0 0 0 0 1 0 0 0 0 0 0 0 0 0 0 0 0 0 0 0 0]
[105829664646156426198145794909194729190395642852759161774457809626659371 0 0 0 0 0 0 0 1 0 0 0 0 0 0 0 0 0 0 0 0 0 0 0]
[763959407117301377748588074835800319449862678559771582926549407375595894 0 0 0 0 0 0 0 0 1 0 0 0 0 0 0 0 0 0 0 0 0 0 0]
[940315521441247027083241637836249709237659884829548061163927134641043253 0 0 0 0 0 0 0 0 0 1 0 0 0 0 0 0 0 0 0 0 0 0 0]
[438366392002941412350851425318451809454531111660350252853673209723619035 0 0 0 0 0 0 0 0 0 0 1 0 0 0 0 0 0 0 0 0 0 0 0]
[465288167684934832637442356822793160623192590676083544585415483919230709 0 0 0 0 0 0 0 0 0 0 0 1 0 0 0 0 0 0 0 0 0 0 0]
[382123958054817945262753408184221591589883155616955834988377024084319110 0 0 0 0 0 0 0 0 0 0 0 0 1 0 0 0 0 0 0 0 0 0 0]
[10663633166699841612662198044785388271978647477144626825901396938255105 0 0 0 0 0 0 0 0 0 0 0 0 0 1 0 0 0 0 0 0 0 0 0]
[84281992137465770239915484258187854321945451337143921233277722501223929 0 0 0 0 0 0 0 0 0 0 0 0 0 0 1 0 0 0 0 0 0 0 0]
[619142139743413772542051087275883065143441492073789990272747993688953688 0 0 0 0 0 0 0 0 0 0 0 0 0 0 0 1 0 0 0 0 0 0 0]
[478657886510345379779645411410551396441981001454241130569923384813005599 0 0 0 0 0 0 0 0 0 0 0 0 0 0 0 0 1 0 0 0 0 0 0]
[847006590874968327819149777699904097879773430536895663688591976455765176 0 0 0 0 0 0 0 0 0 0 0 0 0 0 0 0 0 1 0 0 0 0 0]
[7799537149943201105234764712235582491877122339807001733547940510515718 0 0 0 0 0 0 0 0 0 0 0 0 0 0 0 0 0 0 1 0 0 0 0]
[190412796602621846823450179069682746795804917863978577813812441188790336 0 0 0 0 0 0 0 0 0 0 0 0 0 0 0 0 0 0 0 1 0 0 0]
[340229143790841684832311728401897976548771569539851937204314490366225738 0 0 0 0 0 0 0 0 0 0 0 0 0 0 0 0 0 0 0 0 1 0 0]
[630961026350048599771869314350307595599375563846894651061770468358704399 0 0 0 0 0 0 0 0 0 0 0 0 0 0 0 0 0 0 0 0 0 1 0]
[934567558221594839023645409873665309061127935449665675772423709592145937 0 0 0 0 0 0 0 0 0 0 0 0 0 0 0 0 0 0 0 0 0 0 1]
]
