[[1618289302543722687167654313037790171467830027308432288984208461602359521 0 0 0 0 0 0 0 0 0 0 0 0 0 0 0 0 0 0 0 0 0 0 0]
[263177431906979955436272098271560324702656823742344341001852772737508481 1 0 0 0 0 0 0 0 0 0 0 0 0 0 0 0 0 0 0 0 0 0 0]
[338329428636025911327786182623430769876219958478375671365453495256226565 0 1 0 0 0 0 0 0 0 0 0 0 0 0 0 0 0 0 0 0 0 0 0]
[56402883680287245624893601573837744266522272964476860646446463851090445 0 0 1 0 0 0 0 0 0 0 0 0 0 0 0 0 0 0 0 0 0 0 0]
[1364818462244111328355003872844454826306771669602083555108020590794832618 0 0 0 1 0 0 0 0 0 0 0 0 0 0 0 0 0 0 0 0 0 0 0]
[561373802010354733474116387489791360534857527772853597645242433535098416 0 0 0 0 1 0 0 0 0 0 0 0 0 0 0 0 0 0 0 0 0 0 0]
[214646969732761683607177959874870059906751036196877214230672977418734854 0 0 0 0 0 1 0 0 0 0 0 0 0 0 0 0 0 0 0 0 0 0 0]
[550705316325697683434344130626199561441071176354818921202894504052198798 0 0 0 0 0 0 1 0 0 0 0 0 0 0 0 0 0 0 0 0 0 0 0]
[485630566879892972741827525318512908156850191272710930791289638341234356 0 0 0 0 0 0 0 1 0 0 0 0 0 0 0 0 0 0 0 0 0 0 0]
[668619946902767597278247823366919113238751252442946397462513945996893975 0 0 0 0 0 0 0 0 1 0 0 0 0 0 0 0 0 0 0 0 0 0 0]
[1479126782412214536049435537106864188569734135509374387397442124636708297 0 0 0 0 0 0 0 0 0 1 0 0 0 0 0 0 0 0 0 0 0 0 0]
[107653583544424354594046961484203231333158833018094572194747322032159544 0 0 0 0 0 0 0 0 0 0 1 0 0 0 0 0 0 0 0 0 0 0 0]
[898003161366725134722133420583141062124729517498247999446101235500260390 0 0 0 0 0 0 0 0 0 0 0 1 0 0 0 0 0 0 0 0 0 0 0]
[369257822037632215457234883520128207045072006249475232445632385077463623 0 0 0 0 0 0 0 0 0 0 0 0 1 0 0 0 0 0 0 0 0 0 0]
[1544407260958976084192876227694269354820478038109246714562662829344885192 0 0 0 0 0 0 0 0 0 0 0 0 0 1 0 0 0 0 0 0 0 0 0]
[837377753642029561855572096737617771863347958705155254245001438874362873 0 0 0 0 0 0 0 0 0 0 0 0 0 0 1 0 0 0 0 0 0 0 0]
[453342232156751077136556843690400964187268827894188209574280295285618579 0 0 0 0 0 0 0 0 0 0 0 0 0 0 0 1 0 0 0 0 0 0 0]
[226117917575129555076751071117813544092564962300213981316730470664199073 0 0 0 0 0 0 0 0 0 0 0 0 0 0 0 0 1 0 0 0 0 0 0]
[1539993831709492538695307411253591244348789028282111473557196402080677626 0 0 0 0 0 0 0 0 0 0 0 0 0 0 0 0 0 1 0 0 0 0 0]
[1345872809542915878788886159337340730325103044669492278566918167863749161 0 0 0 0 0 0 0 0 0 0 0 0 0 0 0 0 0 0 1 0 0 0 0]
[995804324357084745695082805344634367470999257446523577139984992245565147 0 0 0 0 0 0 0 0 0 0 0 0 0 0 0 0 0 0 0 1 0 0 0]
[1493250835471113151273863511280843401680384306859320333632702833612670125 0 0 0 0 0 0 0 0 0 0 0 0 0 0 0 0 0 0 0 0 1 0 0]
[12920568145920525566518371570203630185095169035820817595389336422101604 0 0 0 0 0 0 0 0 0 0 0 0 0 0 0 0 0 0 0 0 0 1 0]
[848225915322744013945384754039128680094659030917431886281996557996071389 0 0 0 0 0 0 0 0 0 0 0 0 0 0 0 0 0 0 0 0 0 0 1]
]
