[[1279617835500143973201971411220396653199822336088475752897706626090389959 0 0 0 0 0 0 0 0 0 0 0 0 0 0 0 0 0 0 0 0 0 0 0]
[518697019085658116216437575501191367196703923392581968343820657676201335 1 0 0 0 0 0 0 0 0 0 0 0 0 0 0 0 0 0 0 0 0 0 0]
[1198503440954343739523326748783143118243452254879259142224731590770498629 0 1 0 0 0 0 0 0 0 0 0 0 0 0 0 0 0 0 0 0 0 0 0]
[94314757977582105537373644030850302820438962726731208428801061014576595 0 0 1 0 0 0 0 0 0 0 0 0 0 0 0 0 0 0 0 0 0 0 0]
[1098150789437594078483199997186920527651897355609470673296163217262952823 0 0 0 1 0 0 0 0 0 0 0 0 0 0 0 0 0 0 0 0 0 0 0]
[11089356160219503918616264076714016183017065285548246130356605090634319 0 0 0 0 1 0 0 0 0 0 0 0 0 0 0 0 0 0 0 0 0 0 0]
[409540887509459367822442766582503423037866912881528704028169153348604839 0 0 0 0 0 1 0 0 0 0 0 0 0 0 0 0 0 0 0 0 0 0 0]
[209475332672697225448495878749000976676953067389871280011972015871547771 0 0 0 0 0 0 1 0 0 0 0 0 0 0 0 0 0 0 0 0 0 0 0]
[552110872598672868412094167247262248386589834738001959411075475015771923 0 0 0 0 0 0 0 1 0 0 0 0 0 0 0 0 0 0 0 0 0 0 0]
[116694979345332202738406734467035464686314253945712181173707582430741400 0 0 0 0 0 0 0 0 1 0 0 0 0 0 0 0 0 0 0 0 0 0 0]
[765904001424966477433162824316474415610348294964813599905608343045419459 0 0 0 0 0 0 0 0 0 1 0 0 0 0 0 0 0 0 0 0 0 0 0]
[94598694024090090075848691307388284752859592349684869725774250459093436 0 0 0 0 0 0 0 0 0 0 1 0 0 0 0 0 0 0 0 0 0 0 0]
[290660592965004252367365909330322573093443555013949660245947483812532131 0 0 0 0 0 0 0 0 0 0 0 1 0 0 0 0 0 0 0 0 0 0 0]
[72925364628325293053395793052077130277176783065544103372630311866796981 0 0 0 0 0 0 0 0 0 0 0 0 1 0 0 0 0 0 0 0 0 0 0]
[921040863095734505681614419526621797230549491062343170488076595420552916 0 0 0 0 0 0 0 0 0 0 0 0 0 1 0 0 0 0 0 0 0 0 0]
[236491138328999305717911992872366350974840779101422688429693840780867060 0 0 0 0 0 0 0 0 0 0 0 0 0 0 1 0 0 0 0 0 0 0 0]
[759631420618780356798679281251381664521678749846348631141025327970428442 0 0 0 0 0 0 0 0 0 0 0 0 0 0 0 1 0 0 0 0 0 0 0]
[916373245439975609369219776110168996431759229878241873485000237818429918 0 0 0 0 0 0 0 0 0 0 0 0 0 0 0 0 1 0 0 0 0 0 0]
[221310622701131825243604468782746081466522194885789419425552316008523380 0 0 0 0 0 0 0 0 0 0 0 0 0 0 0 0 0 1 0 0 0 0 0]
[339064816591732914983468455504586643876056805009143021742135402545352850 0 0 0 0 0 0 0 0 0 0 0 0 0 0 0 0 0 0 1 0 0 0 0]
[690677699563802587445676569241403871245832160597861133857587154408259442 0 0 0 0 0 0 0 0 0 0 0 0 0 0 0 0 0 0 0 1 0 0 0]
[398185139518630169201169019320053504544045987898330774033799480036319342 0 0 0 0 0 0 0 0 0 0 0 0 0 0 0 0 0 0 0 0 1 0 0]
[88969642289092941839612700031835269029486138841950063230247201884389364 0 0 0 0 0 0 0 0 0 0 0 0 0 0 0 0 0 0 0 0 0 1 0]
[737564786581781610912282355003828264259528950060041691614735570105668009 0 0 0 0 0 0 0 0 0 0 0 0 0 0 0 0 0 0 0 0 0 0 1]
]
