[[1056208357158888848497199163539824988190924011610730768738029487058921767 0 0 0 0 0 0 0 0 0 0 0 0 0 0 0 0 0 0 0 0 0 0 0]
[229303044891478887126820617264348562330720651405117108635729014225446427 1 0 0 0 0 0 0 0 0 0 0 0 0 0 0 0 0 0 0 0 0 0 0]
[619730990693180847593772314921981268188655789253153686345829984080746515 0 1 0 0 0 0 0 0 0 0 0 0 0 0 0 0 0 0 0 0 0 0 0]
[130291371967370304928503469472360976702265120865698091371260102654149478 0 0 1 0 0 0 0 0 0 0 0 0 0 0 0 0 0 0 0 0 0 0 0]
[471451377927276468794735287998485960993141832951705109720977817867863195 0 0 0 1 0 0 0 0 0 0 0 0 0 0 0 0 0 0 0 0 0 0 0]
[103648147458596796679904810708117143297381079370350308549044231027033858 0 0 0 0 1 0 0 0 0 0 0 0 0 0 0 0 0 0 0 0 0 0 0]
[602915655442771574919218451079916916163037614244751628685087123373011994 0 0 0 0 0 1 0 0 0 0 0 0 0 0 0 0 0 0 0 0 0 0 0]
[664456457266779864405195891961552192999940323513092215483633220878881150 0 0 0 0 0 0 1 0 0 0 0 0 0 0 0 0 0 0 0 0 0 0 0]
[480070236204488875104188297252660621442557952089665846364074899942208974 0 0 0 0 0 0 0 1 0 0 0 0 0 0 0 0 0 0 0 0 0 0 0]
[766272753125708102789756843210906784494783021231371140118993111632199265 0 0 0 0 0 0 0 0 1 0 0 0 0 0 0 0 0 0 0 0 0 0 0]
[717740908380890439414825222935358330397421367997228206541766298811348299 0 0 0 0 0 0 0 0 0 1 0 0 0 0 0 0 0 0 0 0 0 0 0]
[902511820672442709876270335820897523906431564788850189394209876558715994 0 0 0 0 0 0 0 0 0 0 1 0 0 0 0 0 0 0 0 0 0 0 0]
[983566112625271398072320868708913062876671668415666475381034587860703784 0 0 0 0 0 0 0 0 0 0 0 1 0 0 0 0 0 0 0 0 0 0 0]
[111862628470200867655655961315013441348215208475691134486585639008329901 0 0 0 0 0 0 0 0 0 0 0 0 1 0 0 0 0 0 0 0 0 0 0]
[322690187857839544672616605689072047582889471302012052536230056990335881 0 0 0 0 0 0 0 0 0 0 0 0 0 1 0 0 0 0 0 0 0 0 0]
[616825483950936986265355789289539170757613838660062367128461216034016000 0 0 0 0 0 0 0 0 0 0 0 0 0 0 1 0 0 0 0 0 0 0 0]
[10237698709895359278952803503527361439185760777610642810748674060466994 0 0 0 0 0 0 0 0 0 0 0 0 0 0 0 1 0 0 0 0 0 0 0]
[580719240998848107581694022295440959004294455923245844802432536156949451 0 0 0 0 0 0 0 0 0 0 0 0 0 0 0 0 1 0 0 0 0 0 0]
[101585086887171234072466584056013418910304384373741165069857235558176460 0 0 0 0 0 0 0 0 0 0 0 0 0 0 0 0 0 1 0 0 0 0 0]
[993157092913045553034446563218656054748477517450907459504174173321005000 0 0 0 0 0 0 0 0 0 0 0 0 0 0 0 0 0 0 1 0 0 0 0]
[377661125621830184446502585334669152624690835438777171026521459983802812 0 0 0 0 0 0 0 0 0 0 0 0 0 0 0 0 0 0 0 1 0 0 0]
[15470542702034718767284542446737335338424927586333536677683325951408885 0 0 0 0 0 0 0 0 0 0 0 0 0 0 0 0 0 0 0 0 1 0 0]
[471190713277082554434088827796901907563003231910031178813290415691403611 0 0 0 0 0 0 0 0 0 0 0 0 0 0 0 0 0 0 0 0 0 1 0]
[966105890156206961462083683190403362659484094335967327111821333778719604 0 0 0 0 0 0 0 0 0 0 0 0 0 0 0 0 0 0 0 0 0 0 1]
]
