[[1422296087443233514288352612872650641730116908948585339988662049679684749 0 0 0 0 0 0 0 0 0 0 0 0 0 0 0 0 0 0 0 0 0 0 0]
[1183590313212462078867070161576491434948027295625853655095879673257194599 1 0 0 0 0 0 0 0 0 0 0 0 0 0 0 0 0 0 0 0 0 0 0]
[700691151529211282357429833008137695076843095571871146637057373087541670 0 1 0 0 0 0 0 0 0 0 0 0 0 0 0 0 0 0 0 0 0 0 0]
[242112291063184390515332039198797904129531077296915083002488606351397076 0 0 1 0 0 0 0 0 0 0 0 0 0 0 0 0 0 0 0 0 0 0 0]
[605674790832389839321411596414087348359321204668474137097604905519748267 0 0 0 1 0 0 0 0 0 0 0 0 0 0 0 0 0 0 0 0 0 0 0]
[1258951019710266857105489622433660265690103412241333311606826826071272339 0 0 0 0 1 0 0 0 0 0 0 0 0 0 0 0 0 0 0 0 0 0 0]
[757548919090062497388804324367177115417787426570609720094876759293405945 0 0 0 0 0 1 0 0 0 0 0 0 0 0 0 0 0 0 0 0 0 0 0]
[993113211720244235737738382639635768993244017670819188082554961125102073 0 0 0 0 0 0 1 0 0 0 0 0 0 0 0 0 0 0 0 0 0 0 0]
[1170327227571939002569202677123346963949484712141117045969332565047662115 0 0 0 0 0 0 0 1 0 0 0 0 0 0 0 0 0 0 0 0 0 0 0]
[798704949610759771163328924007239726349689498994120143926128239074851137 0 0 0 0 0 0 0 0 1 0 0 0 0 0 0 0 0 0 0 0 0 0 0]
[77769194617141344670505799991956742755272572433644647962430435601331114 0 0 0 0 0 0 0 0 0 1 0 0 0 0 0 0 0 0 0 0 0 0 0]
[1375057383050566900713528963572216431278903819365933933683970753673574640 0 0 0 0 0 0 0 0 0 0 1 0 0 0 0 0 0 0 0 0 0 0 0]
[275539094017982855529453243074436958046667647592953770818112627338734300 0 0 0 0 0 0 0 0 0 0 0 1 0 0 0 0 0 0 0 0 0 0 0]
[1013484997949101904999022161702089440363323087961222963673381574334178005 0 0 0 0 0 0 0 0 0 0 0 0 1 0 0 0 0 0 0 0 0 0 0]
[451274295581630217914771018748575222294814085006201259189268464849728764 0 0 0 0 0 0 0 0 0 0 0 0 0 1 0 0 0 0 0 0 0 0 0]
[1121673382994116648533102138922052570455446264922912995639322460418785844 0 0 0 0 0 0 0 0 0 0 0 0 0 0 1 0 0 0 0 0 0 0 0]
[989262142471784045497164898868049577923731770053434513161059843493714968 0 0 0 0 0 0 0 0 0 0 0 0 0 0 0 1 0 0 0 0 0 0 0]
[1392002096799790329723390518599107776183990458303045754589583497464628011 0 0 0 0 0 0 0 0 0 0 0 0 0 0 0 0 1 0 0 0 0 0 0]
[1231543499713373686870752688829658187018763211441317142589824725970200720 0 0 0 0 0 0 0 0 0 0 0 0 0 0 0 0 0 1 0 0 0 0 0]
[662905281624020693366690046867659602844428720226335393337422818858031332 0 0 0 0 0 0 0 0 0 0 0 0 0 0 0 0 0 0 1 0 0 0 0]
[1163870022697895040142528771676706583374280604100010209436910279100716443 0 0 0 0 0 0 0 0 0 0 0 0 0 0 0 0 0 0 0 1 0 0 0]
[208709085870952979053368019763380701618575334860688687131081851771804225 0 0 0 0 0 0 0 0 0 0 0 0 0 0 0 0 0 0 0 0 1 0 0]
[565724378606646158135241938000566651627196535761674820892350679879176200 0 0 0 0 0 0 0 0 0 0 0 0 0 0 0 0 0 0 0 0 0 1 0]
[1356879833781118494687851018089468023619253420030214104935600033583684250 0 0 0 0 0 0 0 0 0 0 0 0 0 0 0 0 0 0 0 0 0 0 1]
]
