[[912163709347169278344315618361175773209345566727823476718218774514741949 0 0 0 0 0 0 0 0 0 0 0 0 0 0 0 0 0 0 0 0 0 0 0]
[485994572632653692431335524771813766244058029124738877622499572034097701 1 0 0 0 0 0 0 0 0 0 0 0 0 0 0 0 0 0 0 0 0 0 0]
[197733498834052591586422667860056721899523525905718469416571770691561600 0 1 0 0 0 0 0 0 0 0 0 0 0 0 0 0 0 0 0 0 0 0 0]
[251713921172489804650972836524646601825420983495576742577854956479215227 0 0 1 0 0 0 0 0 0 0 0 0 0 0 0 0 0 0 0 0 0 0 0]
[632687467019312412707578675028193202381563549425323592414498608253248031 0 0 0 1 0 0 0 0 0 0 0 0 0 0 0 0 0 0 0 0 0 0 0]
[267686704893008527532317134121351438475966221350163857459202548584673850 0 0 0 0 1 0 0 0 0 0 0 0 0 0 0 0 0 0 0 0 0 0 0]
[315582769152364344835350584116533613135490028056205795582871077143132753 0 0 0 0 0 1 0 0 0 0 0 0 0 0 0 0 0 0 0 0 0 0 0]
[700457764139178763734729237977267633184713978980288438329136017970572172 0 0 0 0 0 0 1 0 0 0 0 0 0 0 0 0 0 0 0 0 0 0 0]
[562776416946601394738326898806214286116656153476259384858777918954303567 0 0 0 0 0 0 0 1 0 0 0 0 0 0 0 0 0 0 0 0 0 0 0]
[220629739691329684438370810206784771527593214285172138244092889626098787 0 0 0 0 0 0 0 0 1 0 0 0 0 0 0 0 0 0 0 0 0 0 0]
[853095477402382756740949664832025829812808964289414934440816363466654385 0 0 0 0 0 0 0 0 0 1 0 0 0 0 0 0 0 0 0 0 0 0 0]
[815154203097930088236768811016937413819553196147627023821866372161502940 0 0 0 0 0 0 0 0 0 0 1 0 0 0 0 0 0 0 0 0 0 0 0]
[568426097201734230090092803430126237501955345957824912227896214721614329 0 0 0 0 0 0 0 0 0 0 0 1 0 0 0 0 0 0 0 0 0 0 0]
[198419340135217657870923619604155754030027264016625698913565321723813923 0 0 0 0 0 0 0 0 0 0 0 0 1 0 0 0 0 0 0 0 0 0 0]
[516800171724247822506872706784530946281747253989697787369209753308957568 0 0 0 0 0 0 0 0 0 0 0 0 0 1 0 0 0 0 0 0 0 0 0]
[198128917937257567322642141667379289742876383587861969890894878940554580 0 0 0 0 0 0 0 0 0 0 0 0 0 0 1 0 0 0 0 0 0 0 0]
[692946952422713445669085425798031579983500447477636137435462766336717618 0 0 0 0 0 0 0 0 0 0 0 0 0 0 0 1 0 0 0 0 0 0 0]
[192027517351758783056093100149152584808639282438022493338070545189552852 0 0 0 0 0 0 0 0 0 0 0 0 0 0 0 0 1 0 0 0 0 0 0]
[423057416738466259957876177837848531546270249711417950059628576244469778 0 0 0 0 0 0 0 0 0 0 0 0 0 0 0 0 0 1 0 0 0 0 0]
[486613243795402115639435321627286994966171846990031026626879890897052170 0 0 0 0 0 0 0 0 0 0 0 0 0 0 0 0 0 0 1 0 0 0 0]
[68710841747605533505821669224376310851273304971621472499516315820145660 0 0 0 0 0 0 0 0 0 0 0 0 0 0 0 0 0 0 0 1 0 0 0]
[178860830057876426220031374845747650533202141764768219713990525819941173 0 0 0 0 0 0 0 0 0 0 0 0 0 0 0 0 0 0 0 0 1 0 0]
[316345260780487789985845366499247722454675476138160035675554917149350437 0 0 0 0 0 0 0 0 0 0 0 0 0 0 0 0 0 0 0 0 0 1 0]
[246785232451143031344508134946373003637455335994588633764638777334843730 0 0 0 0 0 0 0 0 0 0 0 0 0 0 0 0 0 0 0 0 0 0 1]
]
