[[1333209683297420723863264203370535798565822205739540995441114557829778933 0 0 0 0 0 0 0 0 0 0 0 0 0 0 0 0 0 0 0 0 0 0 0]
[543282439681536649452594135546531480385830435864143893845558812675133808 1 0 0 0 0 0 0 0 0 0 0 0 0 0 0 0 0 0 0 0 0 0 0]
[93066334429038360894402863263528925304685833841971346536573952082471006 0 1 0 0 0 0 0 0 0 0 0 0 0 0 0 0 0 0 0 0 0 0 0]
[954437670949596233115327265417163606967769777178902987136581083522915874 0 0 1 0 0 0 0 0 0 0 0 0 0 0 0 0 0 0 0 0 0 0 0]
[725431155268405029517620603768074725569576804618981273032247017071385877 0 0 0 1 0 0 0 0 0 0 0 0 0 0 0 0 0 0 0 0 0 0 0]
[51816400971050789045032347394590543244878437310621240391367830751704192 0 0 0 0 1 0 0 0 0 0 0 0 0 0 0 0 0 0 0 0 0 0 0]
[1311203830817187032956319262030018029365950004641722210690253088047102229 0 0 0 0 0 1 0 0 0 0 0 0 0 0 0 0 0 0 0 0 0 0 0]
[554386855536927356849270442173652193277264151286204447328598321970417117 0 0 0 0 0 0 1 0 0 0 0 0 0 0 0 0 0 0 0 0 0 0 0]
[157708123114684666457504413517406908483618328460055928393023647116330711 0 0 0 0 0 0 0 1 0 0 0 0 0 0 0 0 0 0 0 0 0 0 0]
[136461076075541351453840404795634699276163908131987814590388574544783739 0 0 0 0 0 0 0 0 1 0 0 0 0 0 0 0 0 0 0 0 0 0 0]
[519821774867211550948197815383476463511895046938652500971629334532129692 0 0 0 0 0 0 0 0 0 1 0 0 0 0 0 0 0 0 0 0 0 0 0]
[1212619949970490089062973007192748520429930014138928499895092577535126536 0 0 0 0 0 0 0 0 0 0 1 0 0 0 0 0 0 0 0 0 0 0 0]
[857138127031163649200994122018401216379519328342970101549960980220707389 0 0 0 0 0 0 0 0 0 0 0 1 0 0 0 0 0 0 0 0 0 0 0]
[754331486119490154079664745282907299377539418307086056083442665401023074 0 0 0 0 0 0 0 0 0 0 0 0 1 0 0 0 0 0 0 0 0 0 0]
[1301536199670436901925986089677285720113194667724152755463472868634743122 0 0 0 0 0 0 0 0 0 0 0 0 0 1 0 0 0 0 0 0 0 0 0]
[864110634100384003249414153555393071493143228618841661976186231054997301 0 0 0 0 0 0 0 0 0 0 0 0 0 0 1 0 0 0 0 0 0 0 0]
[59554664159635158879682599289397064877706815875050937857724507817852859 0 0 0 0 0 0 0 0 0 0 0 0 0 0 0 1 0 0 0 0 0 0 0]
[698288315641848530284213151809168844855602622735813010973825241292102534 0 0 0 0 0 0 0 0 0 0 0 0 0 0 0 0 1 0 0 0 0 0 0]
[1130952656771508611184697527025579285301557534031610243699409879184638956 0 0 0 0 0 0 0 0 0 0 0 0 0 0 0 0 0 1 0 0 0 0 0]
[546427971278582493445154149257694312267417933014940064359806674692834149 0 0 0 0 0 0 0 0 0 0 0 0 0 0 0 0 0 0 1 0 0 0 0]
[270656777973238917136959329513456106412459625536847559225578542018018869 0 0 0 0 0 0 0 0 0 0 0 0 0 0 0 0 0 0 0 1 0 0 0]
[951830453144199798253631534938294049325332906858536228425849037932351772 0 0 0 0 0 0 0 0 0 0 0 0 0 0 0 0 0 0 0 0 1 0 0]
[190727153856978197426920510502363368281941503623324503700819728152185629 0 0 0 0 0 0 0 0 0 0 0 0 0 0 0 0 0 0 0 0 0 1 0]
[223144503462725979813640698382513050784002708343429710750789011435817562 0 0 0 0 0 0 0 0 0 0 0 0 0 0 0 0 0 0 0 0 0 0 1]
]
