[[1383253752458596283749005509145584189417093430408589365181777439331978749 0 0 0 0 0 0 0 0 0 0 0 0 0 0 0 0 0 0 0 0 0 0 0]
[804132128509271759466399363917397094430482381725406339702873800067736823 1 0 0 0 0 0 0 0 0 0 0 0 0 0 0 0 0 0 0 0 0 0 0]
[992695944516894807545925847212969009879287780822129832984529038132551799 0 1 0 0 0 0 0 0 0 0 0 0 0 0 0 0 0 0 0 0 0 0 0]
[97701927323098163737059739706819980800877196609428146489409451004318693 0 0 1 0 0 0 0 0 0 0 0 0 0 0 0 0 0 0 0 0 0 0 0]
[155096306780197903355430048083557036801338353457554542015367847405825231 0 0 0 1 0 0 0 0 0 0 0 0 0 0 0 0 0 0 0 0 0 0 0]
[698040810258668099132928819732462266627613531781683922398177335107992647 0 0 0 0 1 0 0 0 0 0 0 0 0 0 0 0 0 0 0 0 0 0 0]
[785714838065758281191258146758192178587599294651451995674103408354739287 0 0 0 0 0 1 0 0 0 0 0 0 0 0 0 0 0 0 0 0 0 0 0]
[516578125693006111230481104537682304927346442823037115176548579014722513 0 0 0 0 0 0 1 0 0 0 0 0 0 0 0 0 0 0 0 0 0 0 0]
[443417417644753563674246653066711118524386005319732576082240650648484123 0 0 0 0 0 0 0 1 0 0 0 0 0 0 0 0 0 0 0 0 0 0 0]
[698296987513444346657527586754548120546581163435292600650192884530838398 0 0 0 0 0 0 0 0 1 0 0 0 0 0 0 0 0 0 0 0 0 0 0]
[1177123949740198542257768102881901143054196886814032633540739439493212197 0 0 0 0 0 0 0 0 0 1 0 0 0 0 0 0 0 0 0 0 0 0 0]
[839071815853025776883923530697710363479969576932296438545076278648168080 0 0 0 0 0 0 0 0 0 0 1 0 0 0 0 0 0 0 0 0 0 0 0]
[448562775325581202174269916089785336491595184808667709766114371323009043 0 0 0 0 0 0 0 0 0 0 0 1 0 0 0 0 0 0 0 0 0 0 0]
[117953585102592598958489750976540924019230865917332047463668858298922593 0 0 0 0 0 0 0 0 0 0 0 0 1 0 0 0 0 0 0 0 0 0 0]
[140002130517436509371371475989360129219913190367324360270805018018098988 0 0 0 0 0 0 0 0 0 0 0 0 0 1 0 0 0 0 0 0 0 0 0]
[695132067967882338016370609236993265927600415907125320655277311004807231 0 0 0 0 0 0 0 0 0 0 0 0 0 0 1 0 0 0 0 0 0 0 0]
[309039318164908022691539972066994177598999186546513584939109082255190503 0 0 0 0 0 0 0 0 0 0 0 0 0 0 0 1 0 0 0 0 0 0 0]
[198445237911547726415527000980324172253039739973873784092766133636954044 0 0 0 0 0 0 0 0 0 0 0 0 0 0 0 0 1 0 0 0 0 0 0]
[1221805402103181955782808521445695649636268018431312167461362270080186084 0 0 0 0 0 0 0 0 0 0 0 0 0 0 0 0 0 1 0 0 0 0 0]
[292736245403490005811791433892061589980779968930484054283620156744324714 0 0 0 0 0 0 0 0 0 0 0 0 0 0 0 0 0 0 1 0 0 0 0]
[955418964545898835415625325958331122778097933731665928731539349569411921 0 0 0 0 0 0 0 0 0 0 0 0 0 0 0 0 0 0 0 1 0 0 0]
[206337668590984781943366411957922942430545480811245171109677039884906762 0 0 0 0 0 0 0 0 0 0 0 0 0 0 0 0 0 0 0 0 1 0 0]
[710493062529380317682870025166492334625427119743905667505176823853358297 0 0 0 0 0 0 0 0 0 0 0 0 0 0 0 0 0 0 0 0 0 1 0]
[951114289489484894260958161626020887483927799437590040986302524090254327 0 0 0 0 0 0 0 0 0 0 0 0 0 0 0 0 0 0 0 0 0 0 1]
]
