[[1388887195641710582682916625300937765377447916145470308527613273228391641 0 0 0 0 0 0 0 0 0 0 0 0 0 0 0 0 0 0 0 0 0 0 0]
[12857808576139333752780577608010261171525380332831960529177317675233326 1 0 0 0 0 0 0 0 0 0 0 0 0 0 0 0 0 0 0 0 0 0 0]
[254026782159661023392116071040120360216515299610091102633617090089030445 0 1 0 0 0 0 0 0 0 0 0 0 0 0 0 0 0 0 0 0 0 0 0]
[711340724692775163158426476290410977925813033533050905450155640797726750 0 0 1 0 0 0 0 0 0 0 0 0 0 0 0 0 0 0 0 0 0 0 0]
[384489887589622780337368893696306192642585890233396461369500177090614510 0 0 0 1 0 0 0 0 0 0 0 0 0 0 0 0 0 0 0 0 0 0 0]
[617330094581621991682407371982725768129142422210182548938722916260763979 0 0 0 0 1 0 0 0 0 0 0 0 0 0 0 0 0 0 0 0 0 0 0]
[68527581288338470870539935774305567549515903649632748415638026390575259 0 0 0 0 0 1 0 0 0 0 0 0 0 0 0 0 0 0 0 0 0 0 0]
[1236148648863594359119997738131361636745818386648672031241183122892797397 0 0 0 0 0 0 1 0 0 0 0 0 0 0 0 0 0 0 0 0 0 0 0]
[1171575292398870029488152410704314185899000330108061977669579581654998050 0 0 0 0 0 0 0 1 0 0 0 0 0 0 0 0 0 0 0 0 0 0 0]
[965241012312684102821909426277385448928665345791162194254997406847645009 0 0 0 0 0 0 0 0 1 0 0 0 0 0 0 0 0 0 0 0 0 0 0]
[155511755321352387181723181846548571499260968948845980227184180694728050 0 0 0 0 0 0 0 0 0 1 0 0 0 0 0 0 0 0 0 0 0 0 0]
[1164451670767432977757878679989830279381875652811378898088633002015643229 0 0 0 0 0 0 0 0 0 0 1 0 0 0 0 0 0 0 0 0 0 0 0]
[60955369770178434541307459436163622510934863229611783231123398572614221 0 0 0 0 0 0 0 0 0 0 0 1 0 0 0 0 0 0 0 0 0 0 0]
[1061614568850546923707349220541917814332270605738766610719694448818138980 0 0 0 0 0 0 0 0 0 0 0 0 1 0 0 0 0 0 0 0 0 0 0]
[705869154994128060242766439018011093496369814653884316418913953240705506 0 0 0 0 0 0 0 0 0 0 0 0 0 1 0 0 0 0 0 0 0 0 0]
[1087318514133101654040559321754471458941853378623890071258028679080369255 0 0 0 0 0 0 0 0 0 0 0 0 0 0 1 0 0 0 0 0 0 0 0]
[58707548598399425460587257424405637188975136305073938332632369791443254 0 0 0 0 0 0 0 0 0 0 0 0 0 0 0 1 0 0 0 0 0 0 0]
[481940548690472982672547398448282954316058709393944741806104569508746770 0 0 0 0 0 0 0 0 0 0 0 0 0 0 0 0 1 0 0 0 0 0 0]
[906272602928433712846969745484634633074533765574342649754968340163134953 0 0 0 0 0 0 0 0 0 0 0 0 0 0 0 0 0 1 0 0 0 0 0]
[1240213727639197702362821737380614707138488036173918529543249361793107215 0 0 0 0 0 0 0 0 0 0 0 0 0 0 0 0 0 0 1 0 0 0 0]
[1339313808629079588352380894515080570165825857505399782342106851800032580 0 0 0 0 0 0 0 0 0 0 0 0 0 0 0 0 0 0 0 1 0 0 0]
[1231074005123151014158558821184103859602363932102720841368150136695122177 0 0 0 0 0 0 0 0 0 0 0 0 0 0 0 0 0 0 0 0 1 0 0]
[1072291361297032705514228588905327191916969799244469229812867563420394892 0 0 0 0 0 0 0 0 0 0 0 0 0 0 0 0 0 0 0 0 0 1 0]
[229917794334358905169884914405301722139971231173041523911043425137321079 0 0 0 0 0 0 0 0 0 0 0 0 0 0 0 0 0 0 0 0 0 0 1]
]
