[[1116628856482108517482298217122851814120197667709806044404023980859608337 0 0 0 0 0 0 0 0 0 0 0 0 0 0 0 0 0 0 0 0 0 0 0]
[293070614962354915981967021978642283674081645770637887526386833240265899 1 0 0 0 0 0 0 0 0 0 0 0 0 0 0 0 0 0 0 0 0 0 0]
[99130524840979567751717940649753598846629998893176334768371428979676702 0 1 0 0 0 0 0 0 0 0 0 0 0 0 0 0 0 0 0 0 0 0 0]
[50523592284706533451704586058788214141293494097804842363540323511066241 0 0 1 0 0 0 0 0 0 0 0 0 0 0 0 0 0 0 0 0 0 0 0]
[858771395639001661978608573830771553246772156893132168302471210488847833 0 0 0 1 0 0 0 0 0 0 0 0 0 0 0 0 0 0 0 0 0 0 0]
[174764395411036154543940678721466630763190550941368554846367655200396381 0 0 0 0 1 0 0 0 0 0 0 0 0 0 0 0 0 0 0 0 0 0 0]
[112607857730515236574166693224540532783967516330511852160140157294412027 0 0 0 0 0 1 0 0 0 0 0 0 0 0 0 0 0 0 0 0 0 0 0]
[74928071408253538126917420143306133847054887230829730876932070169472599 0 0 0 0 0 0 1 0 0 0 0 0 0 0 0 0 0 0 0 0 0 0 0]
[300547738636318237399718598979350098052677630429074610469112294288350859 0 0 0 0 0 0 0 1 0 0 0 0 0 0 0 0 0 0 0 0 0 0 0]
[709158848155123765991611736372488778430005674710938768110776057680295627 0 0 0 0 0 0 0 0 1 0 0 0 0 0 0 0 0 0 0 0 0 0 0]
[867221216975653187647480534890413629856785450233877761099713007677667602 0 0 0 0 0 0 0 0 0 1 0 0 0 0 0 0 0 0 0 0 0 0 0]
[764347324560424846318577922186369216885639714754511697740417808137863016 0 0 0 0 0 0 0 0 0 0 1 0 0 0 0 0 0 0 0 0 0 0 0]
[351110269542965390704928758128896746710108875024592676271470597524611097 0 0 0 0 0 0 0 0 0 0 0 1 0 0 0 0 0 0 0 0 0 0 0]
[570594822455654260358261067871947684644171641604211234014122066079526312 0 0 0 0 0 0 0 0 0 0 0 0 1 0 0 0 0 0 0 0 0 0 0]
[91619021772187456616420437703038250218257098663711662300125997662704865 0 0 0 0 0 0 0 0 0 0 0 0 0 1 0 0 0 0 0 0 0 0 0]
[375216987352489078811101551538954491776424083614971143397707733584424660 0 0 0 0 0 0 0 0 0 0 0 0 0 0 1 0 0 0 0 0 0 0 0]
[787993219649266641845726573485979427871689245323074581256299118223906519 0 0 0 0 0 0 0 0 0 0 0 0 0 0 0 1 0 0 0 0 0 0 0]
[722363251105144904425667655844329988697413407573516677006781416184700750 0 0 0 0 0 0 0 0 0 0 0 0 0 0 0 0 1 0 0 0 0 0 0]
[1058163917248426242523591948865642651418597287070144216214823742044423392 0 0 0 0 0 0 0 0 0 0 0 0 0 0 0 0 0 1 0 0 0 0 0]
[39722417691683555222211341946150311375005754178806344265186967109471112 0 0 0 0 0 0 0 0 0 0 0 0 0 0 0 0 0 0 1 0 0 0 0]
[902722839985125627611987454592096689534466724331194025383463168946349860 0 0 0 0 0 0 0 0 0 0 0 0 0 0 0 0 0 0 0 1 0 0 0]
[1074264562932913134238428000128029523489658927033546907588708601296438599 0 0 0 0 0 0 0 0 0 0 0 0 0 0 0 0 0 0 0 0 1 0 0]
[719086988328378986232467234933054657254591999580955646109530048032776229 0 0 0 0 0 0 0 0 0 0 0 0 0 0 0 0 0 0 0 0 0 1 0]
[529641491616037448259029215367621497153674541299529613031301504929077191 0 0 0 0 0 0 0 0 0 0 0 0 0 0 0 0 0 0 0 0 0 0 1]
]
