[[886876766892142084794408991862325547690328193468004025959958975001639883 0 0 0 0 0 0 0 0 0 0 0 0 0 0 0 0 0 0 0 0 0 0 0]
[7698564181846399696475588487274908276092299812468265522589050319071213 1 0 0 0 0 0 0 0 0 0 0 0 0 0 0 0 0 0 0 0 0 0 0]
[693032659085196324716338320181035955036971159723222269058810506307312403 0 1 0 0 0 0 0 0 0 0 0 0 0 0 0 0 0 0 0 0 0 0 0]
[293570972085361103080814915757191368116118605073971174851012103945113627 0 0 1 0 0 0 0 0 0 0 0 0 0 0 0 0 0 0 0 0 0 0 0]
[642349208129407669396700461883184900275110148473480996507459329040819655 0 0 0 1 0 0 0 0 0 0 0 0 0 0 0 0 0 0 0 0 0 0 0]
[421867112262732524030525022208561129103196194140887944121117978732985662 0 0 0 0 1 0 0 0 0 0 0 0 0 0 0 0 0 0 0 0 0 0 0]
[200494510979076767716960399155660531541554900057680430004635268914646655 0 0 0 0 0 1 0 0 0 0 0 0 0 0 0 0 0 0 0 0 0 0 0]
[529937905741704600934215213695723501633348620998036011300861715193379780 0 0 0 0 0 0 1 0 0 0 0 0 0 0 0 0 0 0 0 0 0 0 0]
[766179058936614347066906604447583071538150588054905650965233718191483656 0 0 0 0 0 0 0 1 0 0 0 0 0 0 0 0 0 0 0 0 0 0 0]
[173958457469567340536431137877576741955208215464616384792177158479995805 0 0 0 0 0 0 0 0 1 0 0 0 0 0 0 0 0 0 0 0 0 0 0]
[346528532851234896829738822569042031708413769433977134537368795316643032 0 0 0 0 0 0 0 0 0 1 0 0 0 0 0 0 0 0 0 0 0 0 0]
[687350411384432265324686114136330397439050450606976349278962906313288693 0 0 0 0 0 0 0 0 0 0 1 0 0 0 0 0 0 0 0 0 0 0 0]
[804357119585213249571933172601698012408249803184871294206119950180803676 0 0 0 0 0 0 0 0 0 0 0 1 0 0 0 0 0 0 0 0 0 0 0]
[453183480674959973237729183656112271264742308194760820603874624018044585 0 0 0 0 0 0 0 0 0 0 0 0 1 0 0 0 0 0 0 0 0 0 0]
[107228675757981090534667260243581844808844157156491782779885986986968701 0 0 0 0 0 0 0 0 0 0 0 0 0 1 0 0 0 0 0 0 0 0 0]
[281540764073288936049743229606854690183620607145634439919574330414272690 0 0 0 0 0 0 0 0 0 0 0 0 0 0 1 0 0 0 0 0 0 0 0]
[823046636557455350021942295760820757952946760757834249814020841426763699 0 0 0 0 0 0 0 0 0 0 0 0 0 0 0 1 0 0 0 0 0 0 0]
[388066510146754877197629390968725126080805553396525753552634330125300482 0 0 0 0 0 0 0 0 0 0 0 0 0 0 0 0 1 0 0 0 0 0 0]
[407521850774636172471418033399813773613880040170643979664016639766013214 0 0 0 0 0 0 0 0 0 0 0 0 0 0 0 0 0 1 0 0 0 0 0]
[783494657084061284021921791524822397566856541310757479979319924098724732 0 0 0 0 0 0 0 0 0 0 0 0 0 0 0 0 0 0 1 0 0 0 0]
[181336690575668727291855126822683034859939103552023818142002127504988513 0 0 0 0 0 0 0 0 0 0 0 0 0 0 0 0 0 0 0 1 0 0 0]
[593160301378937804997736563802678330057475778512158603357098606852851934 0 0 0 0 0 0 0 0 0 0 0 0 0 0 0 0 0 0 0 0 1 0 0]
[628237930084859187252148924730895489569312284398311500560369524189242675 0 0 0 0 0 0 0 0 0 0 0 0 0 0 0 0 0 0 0 0 0 1 0]
[363549965144296984993770404351831213717388579127926679742858613810627151 0 0 0 0 0 0 0 0 0 0 0 0 0 0 0 0 0 0 0 0 0 0 1]
]
