[[1194788323069526968136258740053132717155226366256259611704466436797015321 0 0 0 0 0 0 0 0 0 0 0 0 0 0 0 0 0 0 0 0 0 0 0]
[385939716720704862055577481191418745407326202809263993535994099407885064 1 0 0 0 0 0 0 0 0 0 0 0 0 0 0 0 0 0 0 0 0 0 0]
[499327329343589443549007329891338990327194949763408198644588312877647452 0 1 0 0 0 0 0 0 0 0 0 0 0 0 0 0 0 0 0 0 0 0 0]
[860725454162109214026260090077153338516734682219075390767188025758667790 0 0 1 0 0 0 0 0 0 0 0 0 0 0 0 0 0 0 0 0 0 0 0]
[144324018186955174046486414289754059135207750528856044165226172782622730 0 0 0 1 0 0 0 0 0 0 0 0 0 0 0 0 0 0 0 0 0 0 0]
[651665475616872677863416657151420232196685910304813130966123526858771459 0 0 0 0 1 0 0 0 0 0 0 0 0 0 0 0 0 0 0 0 0 0 0]
[1062330972889249933594546574728508279526174468283726686071138230211756341 0 0 0 0 0 1 0 0 0 0 0 0 0 0 0 0 0 0 0 0 0 0 0]
[340941654745688694347127832805251234566885177806858367060663704167583100 0 0 0 0 0 0 1 0 0 0 0 0 0 0 0 0 0 0 0 0 0 0 0]
[97328887670474534111136212568141598058060534330239487980260806278824928 0 0 0 0 0 0 0 1 0 0 0 0 0 0 0 0 0 0 0 0 0 0 0]
[978507068389589157637248659437848068968074728101947779131234118300650950 0 0 0 0 0 0 0 0 1 0 0 0 0 0 0 0 0 0 0 0 0 0 0]
[525209860974641608658469395017659810216985981994005269759179821106762700 0 0 0 0 0 0 0 0 0 1 0 0 0 0 0 0 0 0 0 0 0 0 0]
[368165278634892051070904810581180677405622842799472239789179916949401915 0 0 0 0 0 0 0 0 0 0 1 0 0 0 0 0 0 0 0 0 0 0 0]
[853490278809596540536161264060377407969447964574678097095598349200415030 0 0 0 0 0 0 0 0 0 0 0 1 0 0 0 0 0 0 0 0 0 0 0]
[180576305706448432066880990850869292742803688950118243844606427199600807 0 0 0 0 0 0 0 0 0 0 0 0 1 0 0 0 0 0 0 0 0 0 0]
[295311364910190963249442934351381369081260879978666532918866553440698064 0 0 0 0 0 0 0 0 0 0 0 0 0 1 0 0 0 0 0 0 0 0 0]
[274654595490914878786102521505712692325115960865254196484162116676330846 0 0 0 0 0 0 0 0 0 0 0 0 0 0 1 0 0 0 0 0 0 0 0]
[52721815463434409478228436738494506456824362653204511848905786768795587 0 0 0 0 0 0 0 0 0 0 0 0 0 0 0 1 0 0 0 0 0 0 0]
[554049090066264298713222571581592898772285775087510167019669083465290048 0 0 0 0 0 0 0 0 0 0 0 0 0 0 0 0 1 0 0 0 0 0 0]
[3691061048012715600085323717981650466136426150471223732671323441250281 0 0 0 0 0 0 0 0 0 0 0 0 0 0 0 0 0 1 0 0 0 0 0]
[707810876341077624721151316188134186937998218004855360134617517787057975 0 0 0 0 0 0 0 0 0 0 0 0 0 0 0 0 0 0 1 0 0 0 0]
[422876437869962490726618293733836256492958620623403532914049250369169313 0 0 0 0 0 0 0 0 0 0 0 0 0 0 0 0 0 0 0 1 0 0 0]
[965785684196834081595684864120806191712709153852263820344344102363970636 0 0 0 0 0 0 0 0 0 0 0 0 0 0 0 0 0 0 0 0 1 0 0]
[1110812788439081307681746681047851111425061000651595787054070404343325184 0 0 0 0 0 0 0 0 0 0 0 0 0 0 0 0 0 0 0 0 0 1 0]
[1159580748751737498669974234921416441359198702574688051486074585713693344 0 0 0 0 0 0 0 0 0 0 0 0 0 0 0 0 0 0 0 0 0 0 1]
]
