[[1056895254890448364143396858464740335974877615320744547002811901932689221 0 0 0 0 0 0 0 0 0 0 0 0 0 0 0 0 0 0 0 0 0 0 0]
[484717660208546761462377911543586222880796579796803459782900894954138065 1 0 0 0 0 0 0 0 0 0 0 0 0 0 0 0 0 0 0 0 0 0 0]
[346074031830115240871401144423398410393629871171561753715928462314600411 0 1 0 0 0 0 0 0 0 0 0 0 0 0 0 0 0 0 0 0 0 0 0]
[810989481657479336806057361140834814707562000909984002319710596689313865 0 0 1 0 0 0 0 0 0 0 0 0 0 0 0 0 0 0 0 0 0 0 0]
[70484106391520131827318811585928591384796758609706999209456110723635049 0 0 0 1 0 0 0 0 0 0 0 0 0 0 0 0 0 0 0 0 0 0 0]
[987356109969881808779768439268627761661743747665935987562520097840486941 0 0 0 0 1 0 0 0 0 0 0 0 0 0 0 0 0 0 0 0 0 0 0]
[554949383688866520264569435041547307252807725310728135329669272088451565 0 0 0 0 0 1 0 0 0 0 0 0 0 0 0 0 0 0 0 0 0 0 0]
[829011820609395489128450807959912075869543231054994870110921822126226867 0 0 0 0 0 0 1 0 0 0 0 0 0 0 0 0 0 0 0 0 0 0 0]
[266991723644082598389462852263196726873181476476173486224504032046390912 0 0 0 0 0 0 0 1 0 0 0 0 0 0 0 0 0 0 0 0 0 0 0]
[361953008274643745222707008711293552252993207171883487459905733676799744 0 0 0 0 0 0 0 0 1 0 0 0 0 0 0 0 0 0 0 0 0 0 0]
[374212507831045084593187237645988461576612476654015763133075985200623548 0 0 0 0 0 0 0 0 0 1 0 0 0 0 0 0 0 0 0 0 0 0 0]
[695759285156144841772356712742660999195173541200211676571230259503400429 0 0 0 0 0 0 0 0 0 0 1 0 0 0 0 0 0 0 0 0 0 0 0]
[717790000824494911110722543275584533905961923554839887363356204425698645 0 0 0 0 0 0 0 0 0 0 0 1 0 0 0 0 0 0 0 0 0 0 0]
[1025470156468168691621167207088164725181313610007285518667944922324749670 0 0 0 0 0 0 0 0 0 0 0 0 1 0 0 0 0 0 0 0 0 0 0]
[614961315583921613513399355145086249680186738402885301843736646845919516 0 0 0 0 0 0 0 0 0 0 0 0 0 1 0 0 0 0 0 0 0 0 0]
[345919582818127443304014513634892580961358111478272909369192580914171821 0 0 0 0 0 0 0 0 0 0 0 0 0 0 1 0 0 0 0 0 0 0 0]
[166156250308690394579522583311051485635159777809708849364932267801353637 0 0 0 0 0 0 0 0 0 0 0 0 0 0 0 1 0 0 0 0 0 0 0]
[670788633271639092505562322592292370426754181050548639153214243865097434 0 0 0 0 0 0 0 0 0 0 0 0 0 0 0 0 1 0 0 0 0 0 0]
[856589496750835353958637166805174564515697686864731696360218870950261128 0 0 0 0 0 0 0 0 0 0 0 0 0 0 0 0 0 1 0 0 0 0 0]
[10899406619548660056157868301398285925861750103636014639652596591966903 0 0 0 0 0 0 0 0 0 0 0 0 0 0 0 0 0 0 1 0 0 0 0]
[623477228748176393991257428504982296461943916896645003629312271527628565 0 0 0 0 0 0 0 0 0 0 0 0 0 0 0 0 0 0 0 1 0 0 0]
[323679049509694004128230354423048538123242385951350452839781607815739276 0 0 0 0 0 0 0 0 0 0 0 0 0 0 0 0 0 0 0 0 1 0 0]
[1009216503560615246990970689357549984826901502577704644135353666161515100 0 0 0 0 0 0 0 0 0 0 0 0 0 0 0 0 0 0 0 0 0 1 0]
[942619053342266944595466131095289662950021952601344343830753213809471549 0 0 0 0 0 0 0 0 0 0 0 0 0 0 0 0 0 0 0 0 0 0 1]
]
