[[1742961811265761211111622436553168492949617945368676890157413240182084083 0 0 0 0 0 0 0 0 0 0 0 0 0 0 0 0 0 0 0 0 0 0 0]
[384484322390575509150200936368488340638090974488799744264488049968749868 1 0 0 0 0 0 0 0 0 0 0 0 0 0 0 0 0 0 0 0 0 0 0]
[1006527889435494814275101448402293563043096604743742405572703590654598624 0 1 0 0 0 0 0 0 0 0 0 0 0 0 0 0 0 0 0 0 0 0 0]
[274603624170158442397630913599446164372235780669124435320802807510027627 0 0 1 0 0 0 0 0 0 0 0 0 0 0 0 0 0 0 0 0 0 0 0]
[889646585501682663216535288577538755675021383489809897567845063342122725 0 0 0 1 0 0 0 0 0 0 0 0 0 0 0 0 0 0 0 0 0 0 0]
[1163377349616490558972417711668978493365816582162573881619321360294656887 0 0 0 0 1 0 0 0 0 0 0 0 0 0 0 0 0 0 0 0 0 0 0]
[54513891202293773194135242934865659055424800219968493321812906029111230 0 0 0 0 0 1 0 0 0 0 0 0 0 0 0 0 0 0 0 0 0 0 0]
[760436248176020620393314687050919319219700997037726149449731066839397590 0 0 0 0 0 0 1 0 0 0 0 0 0 0 0 0 0 0 0 0 0 0 0]
[524540050153864172717080307704494348167158729304860769172772318089404760 0 0 0 0 0 0 0 1 0 0 0 0 0 0 0 0 0 0 0 0 0 0 0]
[520991750500630880447134753170557554408735549073460509200499954707007545 0 0 0 0 0 0 0 0 1 0 0 0 0 0 0 0 0 0 0 0 0 0 0]
[541106193818939540026033297254776251073506145537745320097947464801974572 0 0 0 0 0 0 0 0 0 1 0 0 0 0 0 0 0 0 0 0 0 0 0]
[646132322776040849813000194318871030036955258848124709118750864020013482 0 0 0 0 0 0 0 0 0 0 1 0 0 0 0 0 0 0 0 0 0 0 0]
[1281530688805909444444528819274211506791980939444929443847670632332135957 0 0 0 0 0 0 0 0 0 0 0 1 0 0 0 0 0 0 0 0 0 0 0]
[37489354403112299210093403404159891271297025658175158773610043010812981 0 0 0 0 0 0 0 0 0 0 0 0 1 0 0 0 0 0 0 0 0 0 0]
[803260767384488814531098579285976127551599100361422706692348459134770952 0 0 0 0 0 0 0 0 0 0 0 0 0 1 0 0 0 0 0 0 0 0 0]
[824977206842689988580143541799116167211467191307397737550405542233276439 0 0 0 0 0 0 0 0 0 0 0 0 0 0 1 0 0 0 0 0 0 0 0]
[1471758926085924964995240839905353859575250046769491865659271201612718244 0 0 0 0 0 0 0 0 0 0 0 0 0 0 0 1 0 0 0 0 0 0 0]
[1355937499246586235623720823328931877240220758898553889776891339545156005 0 0 0 0 0 0 0 0 0 0 0 0 0 0 0 0 1 0 0 0 0 0 0]
[1287050810590824836116461907276401642168532158184370347033999569328347679 0 0 0 0 0 0 0 0 0 0 0 0 0 0 0 0 0 1 0 0 0 0 0]
[1230586651372212268852061634266729980779641326734769957233228556709924427 0 0 0 0 0 0 0 0 0 0 0 0 0 0 0 0 0 0 1 0 0 0 0]
[299338226953637474229213139057121687600294695062597500962023885610818843 0 0 0 0 0 0 0 0 0 0 0 0 0 0 0 0 0 0 0 1 0 0 0]
[1006875819481924768101100539622020706878957306183977343751522253570021901 0 0 0 0 0 0 0 0 0 0 0 0 0 0 0 0 0 0 0 0 1 0 0]
[586349228826387094371156101831715399753921290624988368847868705944650548 0 0 0 0 0 0 0 0 0 0 0 0 0 0 0 0 0 0 0 0 0 1 0]
[351706062151253648138295566115101477388661878219274984297666721988248816 0 0 0 0 0 0 0 0 0 0 0 0 0 0 0 0 0 0 0 0 0 0 1]
]
