[[1595701784870575014578286778625595704779735306714544194657737012445631707 0 0 0 0 0 0 0 0 0 0 0 0 0 0 0 0 0 0 0 0 0 0 0]
[1387992788673392619416756119520768367943748508295511479510822461810658146 1 0 0 0 0 0 0 0 0 0 0 0 0 0 0 0 0 0 0 0 0 0 0]
[1109666113409982976663348529842507924530252408185267453113365232782547895 0 1 0 0 0 0 0 0 0 0 0 0 0 0 0 0 0 0 0 0 0 0 0]
[1142255822173091931362130632407870065430575030465671454592348187587089556 0 0 1 0 0 0 0 0 0 0 0 0 0 0 0 0 0 0 0 0 0 0 0]
[194288854600409742545562063930069252670749942933664487201304278815734934 0 0 0 1 0 0 0 0 0 0 0 0 0 0 0 0 0 0 0 0 0 0 0]
[981978824238530356647424508676001531621092475619241944006824833723963492 0 0 0 0 1 0 0 0 0 0 0 0 0 0 0 0 0 0 0 0 0 0 0]
[843372805118771826233615571830063234927769601986485921180316120587785538 0 0 0 0 0 1 0 0 0 0 0 0 0 0 0 0 0 0 0 0 0 0 0]
[795752091117288338182743090696358504012336792341840445008799168048423954 0 0 0 0 0 0 1 0 0 0 0 0 0 0 0 0 0 0 0 0 0 0 0]
[47214677801166332453034432581561483200559592346372441742299790503746882 0 0 0 0 0 0 0 1 0 0 0 0 0 0 0 0 0 0 0 0 0 0 0]
[389085618229072699810345742951830635860156987237351023672514683793649183 0 0 0 0 0 0 0 0 1 0 0 0 0 0 0 0 0 0 0 0 0 0 0]
[674318759889654531139971608278001736866046549450532079275663358020829965 0 0 0 0 0 0 0 0 0 1 0 0 0 0 0 0 0 0 0 0 0 0 0]
[974269096586788966217083677640490047540398530880477078326058235864625110 0 0 0 0 0 0 0 0 0 0 1 0 0 0 0 0 0 0 0 0 0 0 0]
[1309611253281806081167844801031377110913427489146163360517048676618389786 0 0 0 0 0 0 0 0 0 0 0 1 0 0 0 0 0 0 0 0 0 0 0]
[253313695496447631201860472517515709060176687999208743544301390808689890 0 0 0 0 0 0 0 0 0 0 0 0 1 0 0 0 0 0 0 0 0 0 0]
[1546901073500650751928157953508880355839707914222514076978233864611436840 0 0 0 0 0 0 0 0 0 0 0 0 0 1 0 0 0 0 0 0 0 0 0]
[606017068864064726980918795437468468073257075875921724325933430440354552 0 0 0 0 0 0 0 0 0 0 0 0 0 0 1 0 0 0 0 0 0 0 0]
[342532078186510599297826265394165804449072418732184441186979603902807554 0 0 0 0 0 0 0 0 0 0 0 0 0 0 0 1 0 0 0 0 0 0 0]
[359765757038582779951472405265623472093662741936058077288129761447238442 0 0 0 0 0 0 0 0 0 0 0 0 0 0 0 0 1 0 0 0 0 0 0]
[485574980476691704181356237125944845626602552040328764115133883084302267 0 0 0 0 0 0 0 0 0 0 0 0 0 0 0 0 0 1 0 0 0 0 0]
[415115069162305043850795255225086906575209585358749739460810024184070522 0 0 0 0 0 0 0 0 0 0 0 0 0 0 0 0 0 0 1 0 0 0 0]
[1593086650455959988152014814683244979556820683270498646199430630974634280 0 0 0 0 0 0 0 0 0 0 0 0 0 0 0 0 0 0 0 1 0 0 0]
[1580781008568321428747762745384773231501242109867105777032490174320641586 0 0 0 0 0 0 0 0 0 0 0 0 0 0 0 0 0 0 0 0 1 0 0]
[972158888865422275096177735858363805172750585978836660658206162305481253 0 0 0 0 0 0 0 0 0 0 0 0 0 0 0 0 0 0 0 0 0 1 0]
[1269857275004892009400770922218220809793568197412599327919353171736569264 0 0 0 0 0 0 0 0 0 0 0 0 0 0 0 0 0 0 0 0 0 0 1]
]
