[[1152791703164191939857827113136350460589563241292932686199721259815182121 0 0 0 0 0 0 0 0 0 0 0 0 0 0 0 0 0 0 0 0 0 0 0]
[991606652742170034734376687119167090226107172721531486600356420206863586 1 0 0 0 0 0 0 0 0 0 0 0 0 0 0 0 0 0 0 0 0 0 0]
[438949121441391182753495988239531153406381283763599188221054219484520384 0 1 0 0 0 0 0 0 0 0 0 0 0 0 0 0 0 0 0 0 0 0 0]
[975386390672339659841532948420231444846140313500581087399630672261432185 0 0 1 0 0 0 0 0 0 0 0 0 0 0 0 0 0 0 0 0 0 0 0]
[35251593101458610210973970079961656878793330418091771644182966090707730 0 0 0 1 0 0 0 0 0 0 0 0 0 0 0 0 0 0 0 0 0 0 0]
[1144740067437342016624630840472018994337275461230785566791095538423043638 0 0 0 0 1 0 0 0 0 0 0 0 0 0 0 0 0 0 0 0 0 0 0]
[853011459558577883143475529780975665558962127054412827638119083812796459 0 0 0 0 0 1 0 0 0 0 0 0 0 0 0 0 0 0 0 0 0 0 0]
[765032225142724134340466947548766267771984981841128106366179310430251507 0 0 0 0 0 0 1 0 0 0 0 0 0 0 0 0 0 0 0 0 0 0 0]
[392512610652555374519057336071322821242611276916309994791194331673283226 0 0 0 0 0 0 0 1 0 0 0 0 0 0 0 0 0 0 0 0 0 0 0]
[935490600623098388230199419979709411237109809008121229223722905922426822 0 0 0 0 0 0 0 0 1 0 0 0 0 0 0 0 0 0 0 0 0 0 0]
[920750920635314476671384828056644513244209571325742159180424482201033094 0 0 0 0 0 0 0 0 0 1 0 0 0 0 0 0 0 0 0 0 0 0 0]
[440201177108755657937556043806926598752834798989044236691651538318771778 0 0 0 0 0 0 0 0 0 0 1 0 0 0 0 0 0 0 0 0 0 0 0]
[161618893949969507794911676962681532879610920692284886830262187638706742 0 0 0 0 0 0 0 0 0 0 0 1 0 0 0 0 0 0 0 0 0 0 0]
[130502300498008547204946889973369063696859230188570151766362241728245648 0 0 0 0 0 0 0 0 0 0 0 0 1 0 0 0 0 0 0 0 0 0 0]
[93480999544299885788454703836029102852225863313943131307358735274240948 0 0 0 0 0 0 0 0 0 0 0 0 0 1 0 0 0 0 0 0 0 0 0]
[368980655869472283953029485469466008836224327701819710049505587112935042 0 0 0 0 0 0 0 0 0 0 0 0 0 0 1 0 0 0 0 0 0 0 0]
[624976886400441345582727222977461822247409612599125073031151626284287628 0 0 0 0 0 0 0 0 0 0 0 0 0 0 0 1 0 0 0 0 0 0 0]
[1123747069721961862657361330878479113623504643648286251183263474212075296 0 0 0 0 0 0 0 0 0 0 0 0 0 0 0 0 1 0 0 0 0 0 0]
[887478416276431127031536188957633329448897446774962496264217369875234298 0 0 0 0 0 0 0 0 0 0 0 0 0 0 0 0 0 1 0 0 0 0 0]
[110571539332373601744072576507717247172515976734526363311234342676827168 0 0 0 0 0 0 0 0 0 0 0 0 0 0 0 0 0 0 1 0 0 0 0]
[817325438772451122055571206711557262598029426953069446846697075255972660 0 0 0 0 0 0 0 0 0 0 0 0 0 0 0 0 0 0 0 1 0 0 0]
[757157009325792500510690901934019201547433910663413241911928832892416079 0 0 0 0 0 0 0 0 0 0 0 0 0 0 0 0 0 0 0 0 1 0 0]
[1125984818409936029899397331622874249301709725320905566475418333651582804 0 0 0 0 0 0 0 0 0 0 0 0 0 0 0 0 0 0 0 0 0 1 0]
[579387426296636576077911710927825464695726904752703898644854205995031548 0 0 0 0 0 0 0 0 0 0 0 0 0 0 0 0 0 0 0 0 0 0 1]
]
