[[1668498794324156400766432212876737557950196790275772712503906632209249979 0 0 0 0 0 0 0 0 0 0 0 0 0 0 0 0 0 0 0 0 0 0 0]
[493351621045643092111843304462551639419258372055958010756499712884347268 1 0 0 0 0 0 0 0 0 0 0 0 0 0 0 0 0 0 0 0 0 0 0]
[1092356001503029973987510247593239361239461050640252800182833847769167914 0 1 0 0 0 0 0 0 0 0 0 0 0 0 0 0 0 0 0 0 0 0 0]
[1281211879445534529550387230812303130657816263867818754567091725771522162 0 0 1 0 0 0 0 0 0 0 0 0 0 0 0 0 0 0 0 0 0 0 0]
[413465916807342636033588137418946284268648786813670651285396960052063290 0 0 0 1 0 0 0 0 0 0 0 0 0 0 0 0 0 0 0 0 0 0 0]
[626403378759943085743710315611914574252637896000888519351074838635091880 0 0 0 0 1 0 0 0 0 0 0 0 0 0 0 0 0 0 0 0 0 0 0]
[1186856748054536400699641621521348880475885706400263964438422034190970048 0 0 0 0 0 1 0 0 0 0 0 0 0 0 0 0 0 0 0 0 0 0 0]
[1365014451225426737485370806677623072086494087607963704013505289927751643 0 0 0 0 0 0 1 0 0 0 0 0 0 0 0 0 0 0 0 0 0 0 0]
[1451874782141616228298596649468167342601785600708004769248644200737215860 0 0 0 0 0 0 0 1 0 0 0 0 0 0 0 0 0 0 0 0 0 0 0]
[1352731810508783220720190002555856125514624647977426416357492108906304609 0 0 0 0 0 0 0 0 1 0 0 0 0 0 0 0 0 0 0 0 0 0 0]
[1499601341074137217973693871372365839930165416959295867536804798032913571 0 0 0 0 0 0 0 0 0 1 0 0 0 0 0 0 0 0 0 0 0 0 0]
[1347370296549149863024389017092494127799713920405424029209631763992898963 0 0 0 0 0 0 0 0 0 0 1 0 0 0 0 0 0 0 0 0 0 0 0]
[830063603346432168334683389165505725358718420241614402280261910771197141 0 0 0 0 0 0 0 0 0 0 0 1 0 0 0 0 0 0 0 0 0 0 0]
[278221957682763067674722264155112584035129386171584480746080388613930978 0 0 0 0 0 0 0 0 0 0 0 0 1 0 0 0 0 0 0 0 0 0 0]
[1600681730507914037866046522172749741426914376839559339412109589516165492 0 0 0 0 0 0 0 0 0 0 0 0 0 1 0 0 0 0 0 0 0 0 0]
[1115213611278643891861655767649576194652251413858599650262642312099044790 0 0 0 0 0 0 0 0 0 0 0 0 0 0 1 0 0 0 0 0 0 0 0]
[1214652065523139882901291761594982170637879573499770161892676072016232452 0 0 0 0 0 0 0 0 0 0 0 0 0 0 0 1 0 0 0 0 0 0 0]
[211438935862624523163719307071330424724247072615672595960495416870639533 0 0 0 0 0 0 0 0 0 0 0 0 0 0 0 0 1 0 0 0 0 0 0]
[1566975568659433268862794601516212608231664536971036918302325105318983618 0 0 0 0 0 0 0 0 0 0 0 0 0 0 0 0 0 1 0 0 0 0 0]
[1282235749869550504801908794440061048257859449728588995408479353764526724 0 0 0 0 0 0 0 0 0 0 0 0 0 0 0 0 0 0 1 0 0 0 0]
[1298383323931569218739781024992174566229580456889341128102359896674592356 0 0 0 0 0 0 0 0 0 0 0 0 0 0 0 0 0 0 0 1 0 0 0]
[1625101252742423385155920712318458896585268443323947304052479780242382047 0 0 0 0 0 0 0 0 0 0 0 0 0 0 0 0 0 0 0 0 1 0 0]
[527916149427018298700195554110569494863708648280114986271199506197666976 0 0 0 0 0 0 0 0 0 0 0 0 0 0 0 0 0 0 0 0 0 1 0]
[1407326886330279632262800941807049289988740110382278894343187980188990851 0 0 0 0 0 0 0 0 0 0 0 0 0 0 0 0 0 0 0 0 0 0 1]
]
