[[1149334065779453103838003292006942833002024629632779081550830120443676109 0 0 0 0 0 0 0 0 0 0 0 0 0 0 0 0 0 0 0 0 0 0 0]
[280360076914353532226188296066889092638212957365417718892895626524923124 1 0 0 0 0 0 0 0 0 0 0 0 0 0 0 0 0 0 0 0 0 0 0]
[668935073994570544941761523811291398278839101320715362287459217872482304 0 1 0 0 0 0 0 0 0 0 0 0 0 0 0 0 0 0 0 0 0 0 0]
[867346152990141786459790150876234349847179018026842368894071333759815 0 0 1 0 0 0 0 0 0 0 0 0 0 0 0 0 0 0 0 0 0 0 0]
[701827558323617003156350182921709176550003154289511813195950094303797762 0 0 0 1 0 0 0 0 0 0 0 0 0 0 0 0 0 0 0 0 0 0 0]
[455455646814263861073640010769268234533834202636581988546189661191385614 0 0 0 0 1 0 0 0 0 0 0 0 0 0 0 0 0 0 0 0 0 0 0]
[247450971336145055793491112976872209220827545012834924946595449589853605 0 0 0 0 0 1 0 0 0 0 0 0 0 0 0 0 0 0 0 0 0 0 0]
[382945948142969553902654623882393878426874155001769850944334831112897188 0 0 0 0 0 0 1 0 0 0 0 0 0 0 0 0 0 0 0 0 0 0 0]
[738390812282187252440720713589351970682533490596601170541728160032110249 0 0 0 0 0 0 0 1 0 0 0 0 0 0 0 0 0 0 0 0 0 0 0]
[1073788268892869618712832428433899211434448727480043257202698999790001174 0 0 0 0 0 0 0 0 1 0 0 0 0 0 0 0 0 0 0 0 0 0 0]
[506338036199512507436939620359744563889224392467499902680791959120713969 0 0 0 0 0 0 0 0 0 1 0 0 0 0 0 0 0 0 0 0 0 0 0]
[775879826290833795899095314754418666913333337681607088059157440248317013 0 0 0 0 0 0 0 0 0 0 1 0 0 0 0 0 0 0 0 0 0 0 0]
[914929012388394093556583986963110962097390893449370596579843882232583596 0 0 0 0 0 0 0 0 0 0 0 1 0 0 0 0 0 0 0 0 0 0 0]
[918643691686356802966670662204621609314250148247154234959014107700039196 0 0 0 0 0 0 0 0 0 0 0 0 1 0 0 0 0 0 0 0 0 0 0]
[203787969862065864331446472775724435656929515079012533822696117809276847 0 0 0 0 0 0 0 0 0 0 0 0 0 1 0 0 0 0 0 0 0 0 0]
[764131370883777891421060549859577608320645503718150277725643125780367283 0 0 0 0 0 0 0 0 0 0 0 0 0 0 1 0 0 0 0 0 0 0 0]
[676760117394427911936122067249511853251820211946253758449862281648201137 0 0 0 0 0 0 0 0 0 0 0 0 0 0 0 1 0 0 0 0 0 0 0]
[440874824086445151820621216216286861481979894500784993792029674093655650 0 0 0 0 0 0 0 0 0 0 0 0 0 0 0 0 1 0 0 0 0 0 0]
[1071594492336322253227918112278598055468294317232085830208636618244220206 0 0 0 0 0 0 0 0 0 0 0 0 0 0 0 0 0 1 0 0 0 0 0]
[886031327971108253323462308857217498410419897732970175395173088947545680 0 0 0 0 0 0 0 0 0 0 0 0 0 0 0 0 0 0 1 0 0 0 0]
[1122697657948978483142640732723528469363697338696926680297936040579832769 0 0 0 0 0 0 0 0 0 0 0 0 0 0 0 0 0 0 0 1 0 0 0]
[101960646132225326143992529862909269772625817162991348022203893714036800 0 0 0 0 0 0 0 0 0 0 0 0 0 0 0 0 0 0 0 0 1 0 0]
[220258457083983401208896818369895331827105380045847837417143520390786972 0 0 0 0 0 0 0 0 0 0 0 0 0 0 0 0 0 0 0 0 0 1 0]
[125009370765613769980384251567151554581117778904762075457817753640098365 0 0 0 0 0 0 0 0 0 0 0 0 0 0 0 0 0 0 0 0 0 0 1]
]
