[[1311636640800693650941574138698750038574994235244083647285297329030316503 0 0 0 0 0 0 0 0 0 0 0 0 0 0 0 0 0 0 0 0 0 0 0]
[1060431329876588786058359599975053489093947297256291738725452772139876408 1 0 0 0 0 0 0 0 0 0 0 0 0 0 0 0 0 0 0 0 0 0 0]
[231095527912300991933548924957514919464174945256963971904244112212840545 0 1 0 0 0 0 0 0 0 0 0 0 0 0 0 0 0 0 0 0 0 0 0]
[1236413032171872771855170300023671910651042852907415227454002714566632473 0 0 1 0 0 0 0 0 0 0 0 0 0 0 0 0 0 0 0 0 0 0 0]
[483212516775793358749735966811267166113716779684819451930572934480032387 0 0 0 1 0 0 0 0 0 0 0 0 0 0 0 0 0 0 0 0 0 0 0]
[461739081946649511650128639613975856612972652473979345906182947988936880 0 0 0 0 1 0 0 0 0 0 0 0 0 0 0 0 0 0 0 0 0 0 0]
[268601848579019673131594386320006876143252624695766027576828890538327022 0 0 0 0 0 1 0 0 0 0 0 0 0 0 0 0 0 0 0 0 0 0 0]
[670779435281463271142748220499091694344429466923443691831414069914788011 0 0 0 0 0 0 1 0 0 0 0 0 0 0 0 0 0 0 0 0 0 0 0]
[1117912902595009809089003071700983087573038303983847475500061299650114029 0 0 0 0 0 0 0 1 0 0 0 0 0 0 0 0 0 0 0 0 0 0 0]
[1279235120509413878042965487413960515358164375424376403961096292040506140 0 0 0 0 0 0 0 0 1 0 0 0 0 0 0 0 0 0 0 0 0 0 0]
[653899508595895493354826025185647516075479094199552850855265695644155631 0 0 0 0 0 0 0 0 0 1 0 0 0 0 0 0 0 0 0 0 0 0 0]
[570570918339854594011165810198219185704196867178018819388826937004843217 0 0 0 0 0 0 0 0 0 0 1 0 0 0 0 0 0 0 0 0 0 0 0]
[549050670359707001052394957469767857365948701543523375596028743794620997 0 0 0 0 0 0 0 0 0 0 0 1 0 0 0 0 0 0 0 0 0 0 0]
[779611442552239078465772492842194918429442219356302012590380400942124772 0 0 0 0 0 0 0 0 0 0 0 0 1 0 0 0 0 0 0 0 0 0 0]
[221039384872729508904350560874613517864982577070829618700448656365898249 0 0 0 0 0 0 0 0 0 0 0 0 0 1 0 0 0 0 0 0 0 0 0]
[896374470943475919283803782974481722700784831900268758732698353587367256 0 0 0 0 0 0 0 0 0 0 0 0 0 0 1 0 0 0 0 0 0 0 0]
[1086472234389727925029255260800734518414910680598450375191823796680769393 0 0 0 0 0 0 0 0 0 0 0 0 0 0 0 1 0 0 0 0 0 0 0]
[1144716534904696179663186271857386912392937797941225694713157206646048716 0 0 0 0 0 0 0 0 0 0 0 0 0 0 0 0 1 0 0 0 0 0 0]
[74080774233212645108073886998067665417085760213682494429890013005169895 0 0 0 0 0 0 0 0 0 0 0 0 0 0 0 0 0 1 0 0 0 0 0]
[450049800205151932429086575282458970075214951096971901683856110882677211 0 0 0 0 0 0 0 0 0 0 0 0 0 0 0 0 0 0 1 0 0 0 0]
[1142914507365082933279247946740583525038152811136964813816853892759559831 0 0 0 0 0 0 0 0 0 0 0 0 0 0 0 0 0 0 0 1 0 0 0]
[1136118638555054082401824694378553333682690335402534190208306122027153126 0 0 0 0 0 0 0 0 0 0 0 0 0 0 0 0 0 0 0 0 1 0 0]
[1198896463690523957092735676529344206927957370787578169409659899592108848 0 0 0 0 0 0 0 0 0 0 0 0 0 0 0 0 0 0 0 0 0 1 0]
[670813562722396309982204440005747760063304158194168217440021395370466929 0 0 0 0 0 0 0 0 0 0 0 0 0 0 0 0 0 0 0 0 0 0 1]
]
