[[917103766356322162537976833524034196707999464172354217988547456832841751 0 0 0 0 0 0 0 0 0 0 0 0 0 0 0 0 0 0 0 0 0 0 0]
[528571877573154513536280397924470644947427354308180450872602379445713873 1 0 0 0 0 0 0 0 0 0 0 0 0 0 0 0 0 0 0 0 0 0 0]
[485603206033956107803695704358503615919611463399163491809088159394792618 0 1 0 0 0 0 0 0 0 0 0 0 0 0 0 0 0 0 0 0 0 0 0]
[494419243320349170364967760673046217140763122616147532417069641757252852 0 0 1 0 0 0 0 0 0 0 0 0 0 0 0 0 0 0 0 0 0 0 0]
[15299274887739265015746498279381158055329229651822065537408528833800187 0 0 0 1 0 0 0 0 0 0 0 0 0 0 0 0 0 0 0 0 0 0 0]
[842963643435809678970763668243953278534877417054069558724878361646666389 0 0 0 0 1 0 0 0 0 0 0 0 0 0 0 0 0 0 0 0 0 0 0]
[498216814562056956768559733662820985841749377286416038862201467443151885 0 0 0 0 0 1 0 0 0 0 0 0 0 0 0 0 0 0 0 0 0 0 0]
[95225541383093920924188433871775006496636382605940011611414489432402096 0 0 0 0 0 0 1 0 0 0 0 0 0 0 0 0 0 0 0 0 0 0 0]
[11886380378709779428835243693319950686074699015094487197373764247243234 0 0 0 0 0 0 0 1 0 0 0 0 0 0 0 0 0 0 0 0 0 0 0]
[693699368279340600094078272540851165573507708679664483339484836431853735 0 0 0 0 0 0 0 0 1 0 0 0 0 0 0 0 0 0 0 0 0 0 0]
[656668958051017551433557016529382182771264606491989426710147105991665326 0 0 0 0 0 0 0 0 0 1 0 0 0 0 0 0 0 0 0 0 0 0 0]
[915506251225590740329592375093333241360977383897287222499028232565971777 0 0 0 0 0 0 0 0 0 0 1 0 0 0 0 0 0 0 0 0 0 0 0]
[512623413287711572267899322953340401401802300672803063097200989314541669 0 0 0 0 0 0 0 0 0 0 0 1 0 0 0 0 0 0 0 0 0 0 0]
[746661140882917201452292766297355935633949898257145898950801634835201481 0 0 0 0 0 0 0 0 0 0 0 0 1 0 0 0 0 0 0 0 0 0 0]
[215494006068709565103975645765667822290597374570461208229851945294536243 0 0 0 0 0 0 0 0 0 0 0 0 0 1 0 0 0 0 0 0 0 0 0]
[666194898046775985753639494953544358670822597574312888976773288001081520 0 0 0 0 0 0 0 0 0 0 0 0 0 0 1 0 0 0 0 0 0 0 0]
[478350861655207131654979320907446941186216343573531065235406112906333313 0 0 0 0 0 0 0 0 0 0 0 0 0 0 0 1 0 0 0 0 0 0 0]
[743821091618452380341052100264341240677777217515709502451322132947550882 0 0 0 0 0 0 0 0 0 0 0 0 0 0 0 0 1 0 0 0 0 0 0]
[859756965201497961803497586428480551340717807501317583210483385250876221 0 0 0 0 0 0 0 0 0 0 0 0 0 0 0 0 0 1 0 0 0 0 0]
[702271181340972569588893744071911146547144172138287757940216179034903272 0 0 0 0 0 0 0 0 0 0 0 0 0 0 0 0 0 0 1 0 0 0 0]
[14370075951976723995682660597136130658269527275253543032445809036108360 0 0 0 0 0 0 0 0 0 0 0 0 0 0 0 0 0 0 0 1 0 0 0]
[782554156879486111245407749817445149735411571368454452075305738056874606 0 0 0 0 0 0 0 0 0 0 0 0 0 0 0 0 0 0 0 0 1 0 0]
[886351645691048182164854670979163778186630706592614343233596505271736833 0 0 0 0 0 0 0 0 0 0 0 0 0 0 0 0 0 0 0 0 0 1 0]
[304563658102557530580026671926485455970568115052369546444353243073704335 0 0 0 0 0 0 0 0 0 0 0 0 0 0 0 0 0 0 0 0 0 0 1]
]
