[[1323133238003175226395574683635774639039601724825113898440853327506575729 0 0 0 0 0 0 0 0 0 0 0 0 0 0 0 0 0 0 0 0 0 0 0]
[292361539387718962491732825423577058361508573009704032252713924784556538 1 0 0 0 0 0 0 0 0 0 0 0 0 0 0 0 0 0 0 0 0 0 0]
[125033745204821358323426764158639219194626672645951652589937968810590923 0 1 0 0 0 0 0 0 0 0 0 0 0 0 0 0 0 0 0 0 0 0 0]
[234859176487182169153129570896942288294629671179678408146599253256803998 0 0 1 0 0 0 0 0 0 0 0 0 0 0 0 0 0 0 0 0 0 0 0]
[934138727596192919102643961977549035473064727114045998617779416448594280 0 0 0 1 0 0 0 0 0 0 0 0 0 0 0 0 0 0 0 0 0 0 0]
[300169416150987879487375104054889002501535070237995662027289259728782282 0 0 0 0 1 0 0 0 0 0 0 0 0 0 0 0 0 0 0 0 0 0 0]
[422911560008612054957642087347947492336714263106077719707856820985425331 0 0 0 0 0 1 0 0 0 0 0 0 0 0 0 0 0 0 0 0 0 0 0]
[1089517962777544185526168284642515735047895964177410608707021253377073373 0 0 0 0 0 0 1 0 0 0 0 0 0 0 0 0 0 0 0 0 0 0 0]
[288489722190827881325175622071734648827533364791468480920559239038221506 0 0 0 0 0 0 0 1 0 0 0 0 0 0 0 0 0 0 0 0 0 0 0]
[539192127929520870369326549718645289775592111014028278067854892714069939 0 0 0 0 0 0 0 0 1 0 0 0 0 0 0 0 0 0 0 0 0 0 0]
[538991809208538199386302977160869259905791704465365599532124198047870039 0 0 0 0 0 0 0 0 0 1 0 0 0 0 0 0 0 0 0 0 0 0 0]
[288175490791345389735097321790070055939574973485904109403436218712138013 0 0 0 0 0 0 0 0 0 0 1 0 0 0 0 0 0 0 0 0 0 0 0]
[1033818522870613356866376789080230242675436755300679656655202046706925333 0 0 0 0 0 0 0 0 0 0 0 1 0 0 0 0 0 0 0 0 0 0 0]
[273549700511468067189257404254078046826536788803816471857709801267473263 0 0 0 0 0 0 0 0 0 0 0 0 1 0 0 0 0 0 0 0 0 0 0]
[786737959344771270404895003151568638300657724241089041684980251518617279 0 0 0 0 0 0 0 0 0 0 0 0 0 1 0 0 0 0 0 0 0 0 0]
[285652014963401906241561392336083521509715778045657669306216819990637238 0 0 0 0 0 0 0 0 0 0 0 0 0 0 1 0 0 0 0 0 0 0 0]
[721953601502273030197354883508540042528413738258951754392827741183227680 0 0 0 0 0 0 0 0 0 0 0 0 0 0 0 1 0 0 0 0 0 0 0]
[983500516707118100454023930410781901661563469751578944937058986143533130 0 0 0 0 0 0 0 0 0 0 0 0 0 0 0 0 1 0 0 0 0 0 0]
[525908057493900055823626880974098548455598009852709147262630136355546048 0 0 0 0 0 0 0 0 0 0 0 0 0 0 0 0 0 1 0 0 0 0 0]
[735061421932557680203745247424435251354809550568728564007652990510748627 0 0 0 0 0 0 0 0 0 0 0 0 0 0 0 0 0 0 1 0 0 0 0]
[882020969656492740230222246711514066902654472368029749273076487648260550 0 0 0 0 0 0 0 0 0 0 0 0 0 0 0 0 0 0 0 1 0 0 0]
[966687849070879446932531327460464653961863575378001288675121772118205232 0 0 0 0 0 0 0 0 0 0 0 0 0 0 0 0 0 0 0 0 1 0 0]
[130868204248903020116311588132909018955255615836498349103913745444704977 0 0 0 0 0 0 0 0 0 0 0 0 0 0 0 0 0 0 0 0 0 1 0]
[999277993862222720188187016845298731942254934550037041023723650676432024 0 0 0 0 0 0 0 0 0 0 0 0 0 0 0 0 0 0 0 0 0 0 1]
]
