[[1069093314511714603145214580525928725176711767140504885733017343197737473 0 0 0 0 0 0 0 0 0 0 0 0 0 0 0 0 0 0 0 0 0 0 0]
[966418699679232697318006378499089017173057293799739255464846010507345264 1 0 0 0 0 0 0 0 0 0 0 0 0 0 0 0 0 0 0 0 0 0 0]
[135481146954387001991188545298215609792263058285511594255777513133175095 0 1 0 0 0 0 0 0 0 0 0 0 0 0 0 0 0 0 0 0 0 0 0]
[855427751950158750502775159854721530351978158488117881266661854114725236 0 0 1 0 0 0 0 0 0 0 0 0 0 0 0 0 0 0 0 0 0 0 0]
[1046703336226965269155387097892260438596697107551661117735181207836483673 0 0 0 1 0 0 0 0 0 0 0 0 0 0 0 0 0 0 0 0 0 0 0]
[1050555195818986269199362777105795174316875773696697076507220422254189448 0 0 0 0 1 0 0 0 0 0 0 0 0 0 0 0 0 0 0 0 0 0 0]
[187873090326509302832936608138403604605188246121441889126847444708264337 0 0 0 0 0 1 0 0 0 0 0 0 0 0 0 0 0 0 0 0 0 0 0]
[949172533361174378745495021419331317145379505062036003285547964720099259 0 0 0 0 0 0 1 0 0 0 0 0 0 0 0 0 0 0 0 0 0 0 0]
[585673742813595236401610446137689655769700984025727037908920307198323326 0 0 0 0 0 0 0 1 0 0 0 0 0 0 0 0 0 0 0 0 0 0 0]
[481455944331126329058920484248265427212910470040636033765145447983668319 0 0 0 0 0 0 0 0 1 0 0 0 0 0 0 0 0 0 0 0 0 0 0]
[387240745298609003377983647383189444130797730287748061489884529638065683 0 0 0 0 0 0 0 0 0 1 0 0 0 0 0 0 0 0 0 0 0 0 0]
[1060005173122470459364197034751030565510964622790938717712707840103128522 0 0 0 0 0 0 0 0 0 0 1 0 0 0 0 0 0 0 0 0 0 0 0]
[524906568432888949110040070837920240398605761713311162093396068854039631 0 0 0 0 0 0 0 0 0 0 0 1 0 0 0 0 0 0 0 0 0 0 0]
[810424979550359197948629806594845187903450066190696852340557261232421583 0 0 0 0 0 0 0 0 0 0 0 0 1 0 0 0 0 0 0 0 0 0 0]
[182597409002202873018378006293368316919070401921888928710449306544435632 0 0 0 0 0 0 0 0 0 0 0 0 0 1 0 0 0 0 0 0 0 0 0]
[661400866647140666564105502581608011965068962991750847694844569318267994 0 0 0 0 0 0 0 0 0 0 0 0 0 0 1 0 0 0 0 0 0 0 0]
[752072088634061352082598129368269438700082875604280977275417502027452077 0 0 0 0 0 0 0 0 0 0 0 0 0 0 0 1 0 0 0 0 0 0 0]
[792321685116520181171415724429644392679022857535180589743252380460408058 0 0 0 0 0 0 0 0 0 0 0 0 0 0 0 0 1 0 0 0 0 0 0]
[299364218509738052018490839841068866066977623175389338542979131801552547 0 0 0 0 0 0 0 0 0 0 0 0 0 0 0 0 0 1 0 0 0 0 0]
[800568620137894702193472769489335646730927402878566364062861759447215652 0 0 0 0 0 0 0 0 0 0 0 0 0 0 0 0 0 0 1 0 0 0 0]
[273722286325735107656495737786145954272573381698032544905371209469798269 0 0 0 0 0 0 0 0 0 0 0 0 0 0 0 0 0 0 0 1 0 0 0]
[416102995152455113079028021730085267455310956502193314615106705433816819 0 0 0 0 0 0 0 0 0 0 0 0 0 0 0 0 0 0 0 0 1 0 0]
[150420642850945939047255992262692007137435603826712246693034533290154355 0 0 0 0 0 0 0 0 0 0 0 0 0 0 0 0 0 0 0 0 0 1 0]
[109303059878648294665388794749117315260989886032286244841471677979481930 0 0 0 0 0 0 0 0 0 0 0 0 0 0 0 0 0 0 0 0 0 0 1]
]
