[[1650223663012294576908036579790085164245700738760667799170050197509714827 0 0 0 0 0 0 0 0 0 0 0 0 0 0 0 0 0 0 0 0 0 0 0]
[1529054169805636604317608290338440065658635608193365589097000215365018581 1 0 0 0 0 0 0 0 0 0 0 0 0 0 0 0 0 0 0 0 0 0 0]
[828543880725227519540738942492827337380083839191394851889831005153325905 0 1 0 0 0 0 0 0 0 0 0 0 0 0 0 0 0 0 0 0 0 0 0]
[903537746896830425788353810061421617704006999645555798314340034786829560 0 0 1 0 0 0 0 0 0 0 0 0 0 0 0 0 0 0 0 0 0 0 0]
[1488921603852677877825907479654748779505585653392377899720944671446093551 0 0 0 1 0 0 0 0 0 0 0 0 0 0 0 0 0 0 0 0 0 0 0]
[709689413565406573803671388498175323158830511685617212488611961620389935 0 0 0 0 1 0 0 0 0 0 0 0 0 0 0 0 0 0 0 0 0 0 0]
[1331952946118835115827378494365598822365701908703641946937783257430942034 0 0 0 0 0 1 0 0 0 0 0 0 0 0 0 0 0 0 0 0 0 0 0]
[1437355431817977372271086765604488651492380981783931074453209264554771133 0 0 0 0 0 0 1 0 0 0 0 0 0 0 0 0 0 0 0 0 0 0 0]
[1101244448044405136988450656834303277590383793954984167566031895194358099 0 0 0 0 0 0 0 1 0 0 0 0 0 0 0 0 0 0 0 0 0 0 0]
[301961172903322088420737644676938020250667810902135374146804121373988807 0 0 0 0 0 0 0 0 1 0 0 0 0 0 0 0 0 0 0 0 0 0 0]
[1253097951514191289129598058411333547828723804825529595134740895494145402 0 0 0 0 0 0 0 0 0 1 0 0 0 0 0 0 0 0 0 0 0 0 0]
[1522825735777652716959239125167035151225631418231372479077657769374492035 0 0 0 0 0 0 0 0 0 0 1 0 0 0 0 0 0 0 0 0 0 0 0]
[840207582377309651151127878885925345985990330455821419441113219999000947 0 0 0 0 0 0 0 0 0 0 0 1 0 0 0 0 0 0 0 0 0 0 0]
[422919548415262226650055123028773095701298616456650844075564962036551937 0 0 0 0 0 0 0 0 0 0 0 0 1 0 0 0 0 0 0 0 0 0 0]
[477370485423847393982880869254106009400221161854266583177756382172755879 0 0 0 0 0 0 0 0 0 0 0 0 0 1 0 0 0 0 0 0 0 0 0]
[1032080501426446841402927392932614655966981553950175720724052878123008081 0 0 0 0 0 0 0 0 0 0 0 0 0 0 1 0 0 0 0 0 0 0 0]
[1466915201570238012094481242168577473489434152040718246514566491591181540 0 0 0 0 0 0 0 0 0 0 0 0 0 0 0 1 0 0 0 0 0 0 0]
[307257646874680565911167287529518841254643777487149720447475289016133152 0 0 0 0 0 0 0 0 0 0 0 0 0 0 0 0 1 0 0 0 0 0 0]
[555756793635810916580904692245615046404333388850556211489485555271249886 0 0 0 0 0 0 0 0 0 0 0 0 0 0 0 0 0 1 0 0 0 0 0]
[675773083219828219740138126667397255146204423826089410547760897346570139 0 0 0 0 0 0 0 0 0 0 0 0 0 0 0 0 0 0 1 0 0 0 0]
[1058605325696764800287789925202972166905259909897446585199975059335395873 0 0 0 0 0 0 0 0 0 0 0 0 0 0 0 0 0 0 0 1 0 0 0]
[418774717837223606833383222922237238177894908087442793726915105365206463 0 0 0 0 0 0 0 0 0 0 0 0 0 0 0 0 0 0 0 0 1 0 0]
[1647578930040768237603301443626882962654734271913070679478074714083141289 0 0 0 0 0 0 0 0 0 0 0 0 0 0 0 0 0 0 0 0 0 1 0]
[914957680873988179758596994095906631593565401703777972386454257762532636 0 0 0 0 0 0 0 0 0 0 0 0 0 0 0 0 0 0 0 0 0 0 1]
]
