[[1346783587296421373458729518938793985076209545500944715551328139230130083 0 0 0 0 0 0 0 0 0 0 0 0 0 0 0 0 0 0 0 0 0 0 0]
[1001750478148038004538605128296564237357734481469458665297315136334923593 1 0 0 0 0 0 0 0 0 0 0 0 0 0 0 0 0 0 0 0 0 0 0]
[1296036111736325840166037594046143876247310980517028576378709320513514616 0 1 0 0 0 0 0 0 0 0 0 0 0 0 0 0 0 0 0 0 0 0 0]
[599000224237644643492586728190827952759092823642161920099024281509065930 0 0 1 0 0 0 0 0 0 0 0 0 0 0 0 0 0 0 0 0 0 0 0]
[42036824610595076908350566026976298539236370499615212228326152669760037 0 0 0 1 0 0 0 0 0 0 0 0 0 0 0 0 0 0 0 0 0 0 0]
[333274154798721174659948604966121207236661634736070841528490638100840213 0 0 0 0 1 0 0 0 0 0 0 0 0 0 0 0 0 0 0 0 0 0 0]
[675657911605206455436109722343166813131045991401010678477985251103600199 0 0 0 0 0 1 0 0 0 0 0 0 0 0 0 0 0 0 0 0 0 0 0]
[266594793001751581170984826233546769732684604196648533746141039137762277 0 0 0 0 0 0 1 0 0 0 0 0 0 0 0 0 0 0 0 0 0 0 0]
[189377137905202741457697255592379477582581259969160221088686449409468270 0 0 0 0 0 0 0 1 0 0 0 0 0 0 0 0 0 0 0 0 0 0 0]
[616823752172290114236220046922073047754856920984025901916083805010489709 0 0 0 0 0 0 0 0 1 0 0 0 0 0 0 0 0 0 0 0 0 0 0]
[479993620447443160890167161601497439761050803082624274428711892929218234 0 0 0 0 0 0 0 0 0 1 0 0 0 0 0 0 0 0 0 0 0 0 0]
[1242272977947171597509854332070915640845296637049111983491293672296451706 0 0 0 0 0 0 0 0 0 0 1 0 0 0 0 0 0 0 0 0 0 0 0]
[599646574146568425505158252032284022406521449522418098184378985769870595 0 0 0 0 0 0 0 0 0 0 0 1 0 0 0 0 0 0 0 0 0 0 0]
[1288543045709309329416639083747110066899071095132775301827952176880800934 0 0 0 0 0 0 0 0 0 0 0 0 1 0 0 0 0 0 0 0 0 0 0]
[749703530951279819333459422111734729873604050563444056652369935791734190 0 0 0 0 0 0 0 0 0 0 0 0 0 1 0 0 0 0 0 0 0 0 0]
[575699638148741505534420300444225243801554578468158421672716212211677746 0 0 0 0 0 0 0 0 0 0 0 0 0 0 1 0 0 0 0 0 0 0 0]
[341804819096888174780542385696381813902001999853603034679620590764758519 0 0 0 0 0 0 0 0 0 0 0 0 0 0 0 1 0 0 0 0 0 0 0]
[1204645320707849938459222387534535398840839550100710159978421936883334 0 0 0 0 0 0 0 0 0 0 0 0 0 0 0 0 1 0 0 0 0 0 0]
[1181189774265100482638881453803702611803205384983123435788549802891854283 0 0 0 0 0 0 0 0 0 0 0 0 0 0 0 0 0 1 0 0 0 0 0]
[1248180907143191592659325368584386592171716285084261771193287220246147447 0 0 0 0 0 0 0 0 0 0 0 0 0 0 0 0 0 0 1 0 0 0 0]
[980080418681576765994709650861057690900796409304537918980762756182760082 0 0 0 0 0 0 0 0 0 0 0 0 0 0 0 0 0 0 0 1 0 0 0]
[340747774747361120174276815413903393706893628043023199409793122440400074 0 0 0 0 0 0 0 0 0 0 0 0 0 0 0 0 0 0 0 0 1 0 0]
[943009612295034269417308048232045577049405151741215937294249921354907551 0 0 0 0 0 0 0 0 0 0 0 0 0 0 0 0 0 0 0 0 0 1 0]
[279940487117422577142483889636357197381673334123534791332223248253026962 0 0 0 0 0 0 0 0 0 0 0 0 0 0 0 0 0 0 0 0 0 0 1]
]
