[[1466520248338033325676445340849352285335746368180920891980463053600802299 0 0 0 0 0 0 0 0 0 0 0 0 0 0 0 0 0 0 0 0 0 0 0]
[1319299404119222552338536677585400496295926446547637639782384184469219290 1 0 0 0 0 0 0 0 0 0 0 0 0 0 0 0 0 0 0 0 0 0 0]
[524875681730282280894927313956372155229028950563876772769810861088238847 0 1 0 0 0 0 0 0 0 0 0 0 0 0 0 0 0 0 0 0 0 0 0]
[610349940214221478625631666626009652502671222168684254025468596788557940 0 0 1 0 0 0 0 0 0 0 0 0 0 0 0 0 0 0 0 0 0 0 0]
[942956283156770506514426178698954952156942691009701724490883902069596685 0 0 0 1 0 0 0 0 0 0 0 0 0 0 0 0 0 0 0 0 0 0 0]
[1161809471367754555216162625321038839212582006374550562633932113274304228 0 0 0 0 1 0 0 0 0 0 0 0 0 0 0 0 0 0 0 0 0 0 0]
[748065816309652231667098757319807483746321218012576219214000078306162179 0 0 0 0 0 1 0 0 0 0 0 0 0 0 0 0 0 0 0 0 0 0 0]
[289835355222605274174078883102215847114460449545622683963242776400388266 0 0 0 0 0 0 1 0 0 0 0 0 0 0 0 0 0 0 0 0 0 0 0]
[88680933170695327956566858308617730427525831849238001953464218977425604 0 0 0 0 0 0 0 1 0 0 0 0 0 0 0 0 0 0 0 0 0 0 0]
[632979810025240467082107423511665196896825655496634240467124168043538372 0 0 0 0 0 0 0 0 1 0 0 0 0 0 0 0 0 0 0 0 0 0 0]
[992483838496191242456171185071438507289645120047218267532123701121960339 0 0 0 0 0 0 0 0 0 1 0 0 0 0 0 0 0 0 0 0 0 0 0]
[264981376402535927761278179681843390769743703765058625407948996794690792 0 0 0 0 0 0 0 0 0 0 1 0 0 0 0 0 0 0 0 0 0 0 0]
[1012707819120367052114926969303374797397546058031727904893419652986237764 0 0 0 0 0 0 0 0 0 0 0 1 0 0 0 0 0 0 0 0 0 0 0]
[685986004061487440397828193825279607196374338671012486108892765351659721 0 0 0 0 0 0 0 0 0 0 0 0 1 0 0 0 0 0 0 0 0 0 0]
[223131147414780350614907120133322510622210295623181365104366117185077580 0 0 0 0 0 0 0 0 0 0 0 0 0 1 0 0 0 0 0 0 0 0 0]
[1410654551193909522210795109289744327504030922624438869347201936156842236 0 0 0 0 0 0 0 0 0 0 0 0 0 0 1 0 0 0 0 0 0 0 0]
[616481951178366176329313450254435548489701339825269440013765877518574470 0 0 0 0 0 0 0 0 0 0 0 0 0 0 0 1 0 0 0 0 0 0 0]
[40249240183024412344115716131026086850307636965692567225914677727240382 0 0 0 0 0 0 0 0 0 0 0 0 0 0 0 0 1 0 0 0 0 0 0]
[51440983334341900383758117706531617394860830715777290154392355635112279 0 0 0 0 0 0 0 0 0 0 0 0 0 0 0 0 0 1 0 0 0 0 0]
[15777810571794164290059777211769727478630580804763369252431535902724609 0 0 0 0 0 0 0 0 0 0 0 0 0 0 0 0 0 0 1 0 0 0 0]
[93255892239917364600323920175007918473847266606163486785136461597991218 0 0 0 0 0 0 0 0 0 0 0 0 0 0 0 0 0 0 0 1 0 0 0]
[5471690804064548799387525152016031373483209236281986033298474622953755 0 0 0 0 0 0 0 0 0 0 0 0 0 0 0 0 0 0 0 0 1 0 0]
[385201204737918216678237981243884047110773906029604874124406835830114611 0 0 0 0 0 0 0 0 0 0 0 0 0 0 0 0 0 0 0 0 0 1 0]
[1068594060646185381161991773739160689244327208124490883078648219738640837 0 0 0 0 0 0 0 0 0 0 0 0 0 0 0 0 0 0 0 0 0 0 1]
]
