[[1625736534795385072453344018462347190903652023977713271287987386129029233 0 0 0 0 0 0 0 0 0 0 0 0 0 0 0 0 0 0 0 0 0 0 0]
[1086997089269215676644231176187223802699118483232062307638473219538493032 1 0 0 0 0 0 0 0 0 0 0 0 0 0 0 0 0 0 0 0 0 0 0]
[1603967888043890726143791895500262720420984826032245299550054399231429211 0 1 0 0 0 0 0 0 0 0 0 0 0 0 0 0 0 0 0 0 0 0 0]
[976480855184489418562053043350026237130104305260753555996866029936858662 0 0 1 0 0 0 0 0 0 0 0 0 0 0 0 0 0 0 0 0 0 0 0]
[1139441285260406680574299012951622728522646879512085316116328081753362964 0 0 0 1 0 0 0 0 0 0 0 0 0 0 0 0 0 0 0 0 0 0 0]
[736209394248414095430357845486261035650739152135665727514102574423204234 0 0 0 0 1 0 0 0 0 0 0 0 0 0 0 0 0 0 0 0 0 0 0]
[975085715329690287647893006388038349469822035354380687113866940643726255 0 0 0 0 0 1 0 0 0 0 0 0 0 0 0 0 0 0 0 0 0 0 0]
[1120571477643688785481066336501904398594273163287537385168161153306618310 0 0 0 0 0 0 1 0 0 0 0 0 0 0 0 0 0 0 0 0 0 0 0]
[621914983679100414932008470233298728709496188512028630429514496606142567 0 0 0 0 0 0 0 1 0 0 0 0 0 0 0 0 0 0 0 0 0 0 0]
[740687227727021441105732287584233571840227157148162735622864345189419294 0 0 0 0 0 0 0 0 1 0 0 0 0 0 0 0 0 0 0 0 0 0 0]
[18823865326270972844284260531056630962667080682378543036678044065482865 0 0 0 0 0 0 0 0 0 1 0 0 0 0 0 0 0 0 0 0 0 0 0]
[762262220708257227261981301002544410996123994922285414568492549347611666 0 0 0 0 0 0 0 0 0 0 1 0 0 0 0 0 0 0 0 0 0 0 0]
[721610884062694742346953198567729186872795272428131566413976230924152356 0 0 0 0 0 0 0 0 0 0 0 1 0 0 0 0 0 0 0 0 0 0 0]
[1487789247131164592213275094161227911715866358342114622982660464862433443 0 0 0 0 0 0 0 0 0 0 0 0 1 0 0 0 0 0 0 0 0 0 0]
[1572791218432967201028250900856310928888097984162167967442051408111211685 0 0 0 0 0 0 0 0 0 0 0 0 0 1 0 0 0 0 0 0 0 0 0]
[1313540065577172479340752950495905572637636421943070379345253423145124845 0 0 0 0 0 0 0 0 0 0 0 0 0 0 1 0 0 0 0 0 0 0 0]
[1030851537851682627780608726406956967392353766380353122145770343495112543 0 0 0 0 0 0 0 0 0 0 0 0 0 0 0 1 0 0 0 0 0 0 0]
[303280708698800617265335305710174132474293920450816545141126301998431773 0 0 0 0 0 0 0 0 0 0 0 0 0 0 0 0 1 0 0 0 0 0 0]
[1260236878292198239011387656021744286974424492735349529196519365301665899 0 0 0 0 0 0 0 0 0 0 0 0 0 0 0 0 0 1 0 0 0 0 0]
[804080014956994772494921880768438799883587154758967707502873829194087280 0 0 0 0 0 0 0 0 0 0 0 0 0 0 0 0 0 0 1 0 0 0 0]
[1426024598482016756379698428571564222049673435641944730112248175643902263 0 0 0 0 0 0 0 0 0 0 0 0 0 0 0 0 0 0 0 1 0 0 0]
[113070095329785040993816983833047202799290321914226567158085530955350951 0 0 0 0 0 0 0 0 0 0 0 0 0 0 0 0 0 0 0 0 1 0 0]
[148993557988272141054958952670048885443502108790142506579894303702584829 0 0 0 0 0 0 0 0 0 0 0 0 0 0 0 0 0 0 0 0 0 1 0]
[1561510389779630252615189938051346522159378455520443535410674140349282942 0 0 0 0 0 0 0 0 0 0 0 0 0 0 0 0 0 0 0 0 0 0 1]
]
