[[1579114886557578554907969881251330347469014440902111503024657037274647547 0 0 0 0 0 0 0 0 0 0 0 0 0 0 0 0 0 0 0 0 0 0 0]
[137442135807700505193644557346044391955527030644689227881687467929926548 1 0 0 0 0 0 0 0 0 0 0 0 0 0 0 0 0 0 0 0 0 0 0]
[753522018257225150522638966731230852302076091362711429909364184087915717 0 1 0 0 0 0 0 0 0 0 0 0 0 0 0 0 0 0 0 0 0 0 0]
[852534991601570223685662670933044360545338097494435086992210804737548216 0 0 1 0 0 0 0 0 0 0 0 0 0 0 0 0 0 0 0 0 0 0 0]
[189035541120830903310395599260194220277359499435815894270375494886663802 0 0 0 1 0 0 0 0 0 0 0 0 0 0 0 0 0 0 0 0 0 0 0]
[760631374114943576525184371652055708445728324155702206725056335770920198 0 0 0 0 1 0 0 0 0 0 0 0 0 0 0 0 0 0 0 0 0 0 0]
[598518277023702560195191999268474380638954435012382723479320342244393867 0 0 0 0 0 1 0 0 0 0 0 0 0 0 0 0 0 0 0 0 0 0 0]
[707656439663644226547195818069148496460912480408073375185530377548952998 0 0 0 0 0 0 1 0 0 0 0 0 0 0 0 0 0 0 0 0 0 0 0]
[451654397590736901679865317279703498014971191235839707874765192129226259 0 0 0 0 0 0 0 1 0 0 0 0 0 0 0 0 0 0 0 0 0 0 0]
[1328774899680215939136316692133658697997046103984003223276343767545593202 0 0 0 0 0 0 0 0 1 0 0 0 0 0 0 0 0 0 0 0 0 0 0]
[464159032499392319781388159264208547447716317859785719660321617245438269 0 0 0 0 0 0 0 0 0 1 0 0 0 0 0 0 0 0 0 0 0 0 0]
[1540509286305254538132314128281982770220461119979785270498723771396552816 0 0 0 0 0 0 0 0 0 0 1 0 0 0 0 0 0 0 0 0 0 0 0]
[1305620403246357321233938019139167085865195114306672420819132261881020864 0 0 0 0 0 0 0 0 0 0 0 1 0 0 0 0 0 0 0 0 0 0 0]
[1010858570784319736695015460936351426712196150851348046079157835388804385 0 0 0 0 0 0 0 0 0 0 0 0 1 0 0 0 0 0 0 0 0 0 0]
[656218183775509375182614714242784769879198021408444645069940300280216220 0 0 0 0 0 0 0 0 0 0 0 0 0 1 0 0 0 0 0 0 0 0 0]
[361114128558015558839810683440981228488372300593050939899252624470210385 0 0 0 0 0 0 0 0 0 0 0 0 0 0 1 0 0 0 0 0 0 0 0]
[553991988383200657893793556035349987752397868213326404580858883267077568 0 0 0 0 0 0 0 0 0 0 0 0 0 0 0 1 0 0 0 0 0 0 0]
[1187623743136450349851883433894591824314013207796881128606897150804857374 0 0 0 0 0 0 0 0 0 0 0 0 0 0 0 0 1 0 0 0 0 0 0]
[14583962507599784102447398837874820266096435193569746592048197893471664 0 0 0 0 0 0 0 0 0 0 0 0 0 0 0 0 0 1 0 0 0 0 0]
[808382273886203484501952523630566840413221080765281060228619329082053630 0 0 0 0 0 0 0 0 0 0 0 0 0 0 0 0 0 0 1 0 0 0 0]
[899616942408333779125790847246688959044957284557903741932382919529496311 0 0 0 0 0 0 0 0 0 0 0 0 0 0 0 0 0 0 0 1 0 0 0]
[1287545405291433528534408656933390577435635557318738830191014051192233662 0 0 0 0 0 0 0 0 0 0 0 0 0 0 0 0 0 0 0 0 1 0 0]
[1394662372947541738306332690326694685884814544988699282445041086702167774 0 0 0 0 0 0 0 0 0 0 0 0 0 0 0 0 0 0 0 0 0 1 0]
[775064560696962670075856840346958435837742141413221804883373936677183311 0 0 0 0 0 0 0 0 0 0 0 0 0 0 0 0 0 0 0 0 0 0 1]
]
