[[994529530578842038961266178553436945937163105632840990744027996215052857 0 0 0 0 0 0 0 0 0 0 0 0 0 0 0 0 0 0 0 0 0 0 0]
[165790332804648495356265627459257285824771000891900668799921517285485383 1 0 0 0 0 0 0 0 0 0 0 0 0 0 0 0 0 0 0 0 0 0 0]
[909381213385064604416658810637804655447726582100685707152473855672310047 0 1 0 0 0 0 0 0 0 0 0 0 0 0 0 0 0 0 0 0 0 0 0]
[258725284015079769300434135704669703781345769136976122465689500677405076 0 0 1 0 0 0 0 0 0 0 0 0 0 0 0 0 0 0 0 0 0 0 0]
[729773445511441277068188050232712096932800256187070263103057689715710343 0 0 0 1 0 0 0 0 0 0 0 0 0 0 0 0 0 0 0 0 0 0 0]
[468801739358018817478125737019759437753195038204667339273708718708356391 0 0 0 0 1 0 0 0 0 0 0 0 0 0 0 0 0 0 0 0 0 0 0]
[31871858204771869838750695829409867393216030164701168812398111386953428 0 0 0 0 0 1 0 0 0 0 0 0 0 0 0 0 0 0 0 0 0 0 0]
[954442104802369977391481939802000752525208538047557086263446129763507105 0 0 0 0 0 0 1 0 0 0 0 0 0 0 0 0 0 0 0 0 0 0 0]
[633047684484817555926371728695111557586753871926079036608232952833102274 0 0 0 0 0 0 0 1 0 0 0 0 0 0 0 0 0 0 0 0 0 0 0]
[582906984372622038642485675084073546564406235827064865476304216047277591 0 0 0 0 0 0 0 0 1 0 0 0 0 0 0 0 0 0 0 0 0 0 0]
[731837360941644257122761183812498360490746912997587204364512779446525217 0 0 0 0 0 0 0 0 0 1 0 0 0 0 0 0 0 0 0 0 0 0 0]
[834994573109517851362869867454376945991963800112556854756030064250322594 0 0 0 0 0 0 0 0 0 0 1 0 0 0 0 0 0 0 0 0 0 0 0]
[679253492810673169707906980012651310049210485054860617643274614887692958 0 0 0 0 0 0 0 0 0 0 0 1 0 0 0 0 0 0 0 0 0 0 0]
[724306239383628997837134200448481557884942411296647093741476861903730215 0 0 0 0 0 0 0 0 0 0 0 0 1 0 0 0 0 0 0 0 0 0 0]
[172098548740787620346235958103779398860627205346222721217443225353036614 0 0 0 0 0 0 0 0 0 0 0 0 0 1 0 0 0 0 0 0 0 0 0]
[434847459454295139014568868688510017139288781232478578718288366609894336 0 0 0 0 0 0 0 0 0 0 0 0 0 0 1 0 0 0 0 0 0 0 0]
[964748030207434763235038910307641634166076942317014865982740090194583600 0 0 0 0 0 0 0 0 0 0 0 0 0 0 0 1 0 0 0 0 0 0 0]
[402230281759712996279758276397376380479952146054817340318478600147923631 0 0 0 0 0 0 0 0 0 0 0 0 0 0 0 0 1 0 0 0 0 0 0]
[706002215515604488164997976326295083428131689080442266298473132342316967 0 0 0 0 0 0 0 0 0 0 0 0 0 0 0 0 0 1 0 0 0 0 0]
[705755743870040482241167817518328066051417401644049137106892772194607533 0 0 0 0 0 0 0 0 0 0 0 0 0 0 0 0 0 0 1 0 0 0 0]
[593833629147935186325787807210032726828654924290376734182093014906185830 0 0 0 0 0 0 0 0 0 0 0 0 0 0 0 0 0 0 0 1 0 0 0]
[541373935747380445179191192565727838317014701605316604998255152262137102 0 0 0 0 0 0 0 0 0 0 0 0 0 0 0 0 0 0 0 0 1 0 0]
[128140135881392596289716379717003931196936207386528923380791450953306904 0 0 0 0 0 0 0 0 0 0 0 0 0 0 0 0 0 0 0 0 0 1 0]
[503256156344865800429816578793531886430499032282122609129384649632843336 0 0 0 0 0 0 0 0 0 0 0 0 0 0 0 0 0 0 0 0 0 0 1]
]
