[[1731171402295009772421316214164560128593894928129410950715610429920376677 0 0 0 0 0 0 0 0 0 0 0 0 0 0 0 0 0 0 0 0 0 0 0]
[3731424398929486038042813920759650214877112666223563765916127985795722 1 0 0 0 0 0 0 0 0 0 0 0 0 0 0 0 0 0 0 0 0 0 0]
[1174017590703244959511696986282236365753322053924155201019556939724012421 0 1 0 0 0 0 0 0 0 0 0 0 0 0 0 0 0 0 0 0 0 0 0]
[1574169665824460770836748703067398036669958676597172969833863172513026246 0 0 1 0 0 0 0 0 0 0 0 0 0 0 0 0 0 0 0 0 0 0 0]
[1317956962933168643439028800955708097061406491014532756172903294544211918 0 0 0 1 0 0 0 0 0 0 0 0 0 0 0 0 0 0 0 0 0 0 0]
[985345697039055109422032824620794000075965644636263730847788364816132987 0 0 0 0 1 0 0 0 0 0 0 0 0 0 0 0 0 0 0 0 0 0 0]
[858874309670411157069518660813669502913164661833792276022562630544622437 0 0 0 0 0 1 0 0 0 0 0 0 0 0 0 0 0 0 0 0 0 0 0]
[1217942958199578419454692428105224471873060435694012274015366538691404168 0 0 0 0 0 0 1 0 0 0 0 0 0 0 0 0 0 0 0 0 0 0 0]
[807840125621103840919687637993483538740928452486528776350635405811668631 0 0 0 0 0 0 0 1 0 0 0 0 0 0 0 0 0 0 0 0 0 0 0]
[1548358178821889201779258495780840500640292036394115913378059334814953532 0 0 0 0 0 0 0 0 1 0 0 0 0 0 0 0 0 0 0 0 0 0 0]
[1318699039871377141419483599022223974101232293260641076680157535526584128 0 0 0 0 0 0 0 0 0 1 0 0 0 0 0 0 0 0 0 0 0 0 0]
[427573555222444196126794768381241740586386346190073092223481511079214653 0 0 0 0 0 0 0 0 0 0 1 0 0 0 0 0 0 0 0 0 0 0 0]
[1453747352672572622207270609041918038066436640105424455026429952752587574 0 0 0 0 0 0 0 0 0 0 0 1 0 0 0 0 0 0 0 0 0 0 0]
[1544908751697349775059334062006050835581859077501461476164584743043923989 0 0 0 0 0 0 0 0 0 0 0 0 1 0 0 0 0 0 0 0 0 0 0]
[1041162713833972145781919434048893888508904643135916393871171939645752339 0 0 0 0 0 0 0 0 0 0 0 0 0 1 0 0 0 0 0 0 0 0 0]
[1016793253122862134961422966920599416745520697095096802275466346249819783 0 0 0 0 0 0 0 0 0 0 0 0 0 0 1 0 0 0 0 0 0 0 0]
[631821102124316655268849168681570907004437260817775810680186217897559961 0 0 0 0 0 0 0 0 0 0 0 0 0 0 0 1 0 0 0 0 0 0 0]
[1611660777725780768142292885478602802837850479844046439198878532048682698 0 0 0 0 0 0 0 0 0 0 0 0 0 0 0 0 1 0 0 0 0 0 0]
[1356563536797851835816085018847184063929580110837961037173339814094411845 0 0 0 0 0 0 0 0 0 0 0 0 0 0 0 0 0 1 0 0 0 0 0]
[579949960785575279539867650031649186106525215298988250123431469310598887 0 0 0 0 0 0 0 0 0 0 0 0 0 0 0 0 0 0 1 0 0 0 0]
[50297746560561126896151578223782239312104543547665253342924500021520308 0 0 0 0 0 0 0 0 0 0 0 0 0 0 0 0 0 0 0 1 0 0 0]
[1467513832502173839635290828995883905559505854602171316327816741190287841 0 0 0 0 0 0 0 0 0 0 0 0 0 0 0 0 0 0 0 0 1 0 0]
[84681959669321598463997915744525186486638009992414213833441823065400953 0 0 0 0 0 0 0 0 0 0 0 0 0 0 0 0 0 0 0 0 0 1 0]
[511856536561613471478843238119176507344272072363637609534748090856207148 0 0 0 0 0 0 0 0 0 0 0 0 0 0 0 0 0 0 0 0 0 0 1]
]
