[[1170968355679219511699632646906940184724707963646368381624043268097044049 0 0 0 0 0 0 0 0 0 0 0 0 0 0 0 0 0 0 0 0 0 0 0]
[566733587140791388714523733712013439707268160285452171672400578001754123 1 0 0 0 0 0 0 0 0 0 0 0 0 0 0 0 0 0 0 0 0 0 0]
[906962566418922766780507972416302534953742364657193286992625283447360582 0 1 0 0 0 0 0 0 0 0 0 0 0 0 0 0 0 0 0 0 0 0 0]
[971423162974358695105398168886453898767043763916998359910314290903957605 0 0 1 0 0 0 0 0 0 0 0 0 0 0 0 0 0 0 0 0 0 0 0]
[464745888052685198524677158354872808262937403911245331253049198249000898 0 0 0 1 0 0 0 0 0 0 0 0 0 0 0 0 0 0 0 0 0 0 0]
[1051399397575724517340325996621976026989091770044924524063106693224827613 0 0 0 0 1 0 0 0 0 0 0 0 0 0 0 0 0 0 0 0 0 0 0]
[828695424594219142759484635891993788190865449681109537351034952939670073 0 0 0 0 0 1 0 0 0 0 0 0 0 0 0 0 0 0 0 0 0 0 0]
[404245354630989738859141471876605823354191506674969515233480447273469947 0 0 0 0 0 0 1 0 0 0 0 0 0 0 0 0 0 0 0 0 0 0 0]
[866513753274054024169695373508097479624439087106115292194108272184593548 0 0 0 0 0 0 0 1 0 0 0 0 0 0 0 0 0 0 0 0 0 0 0]
[861565811423403689168059870123599662375987795681259724522246209455555272 0 0 0 0 0 0 0 0 1 0 0 0 0 0 0 0 0 0 0 0 0 0 0]
[1138434672841199984997940527657962203085759109940618380058274934584822075 0 0 0 0 0 0 0 0 0 1 0 0 0 0 0 0 0 0 0 0 0 0 0]
[1097259560704985003927534218662914479276095452761198587302755236515051556 0 0 0 0 0 0 0 0 0 0 1 0 0 0 0 0 0 0 0 0 0 0 0]
[922799143301696567459891301424655805382911519915902692421343387453533221 0 0 0 0 0 0 0 0 0 0 0 1 0 0 0 0 0 0 0 0 0 0 0]
[267981698810257840943823517560534153264722077450614360417119237085705921 0 0 0 0 0 0 0 0 0 0 0 0 1 0 0 0 0 0 0 0 0 0 0]
[50484574101365126489786607909469062000848453713256668640120679434236415 0 0 0 0 0 0 0 0 0 0 0 0 0 1 0 0 0 0 0 0 0 0 0]
[708681866356863491103895195728162530215305977734672766095365344308994038 0 0 0 0 0 0 0 0 0 0 0 0 0 0 1 0 0 0 0 0 0 0 0]
[174424335761882016794661937503481146715998477988648928834464291025003767 0 0 0 0 0 0 0 0 0 0 0 0 0 0 0 1 0 0 0 0 0 0 0]
[1168396018589486575281010340244409368907107323201709569102764096967946465 0 0 0 0 0 0 0 0 0 0 0 0 0 0 0 0 1 0 0 0 0 0 0]
[965238156819612499927942420277511074905304565083977063743981427483288070 0 0 0 0 0 0 0 0 0 0 0 0 0 0 0 0 0 1 0 0 0 0 0]
[835228693982454076887060187029361935147120281024253842170324215933262369 0 0 0 0 0 0 0 0 0 0 0 0 0 0 0 0 0 0 1 0 0 0 0]
[372399065435848094487112115996300202468594181309718993796355944199224489 0 0 0 0 0 0 0 0 0 0 0 0 0 0 0 0 0 0 0 1 0 0 0]
[896151465573319282095599586541559593602039499571735160130030487088977603 0 0 0 0 0 0 0 0 0 0 0 0 0 0 0 0 0 0 0 0 1 0 0]
[960520211649999554081927805968919825802154123629517133681974126818032135 0 0 0 0 0 0 0 0 0 0 0 0 0 0 0 0 0 0 0 0 0 1 0]
[584832254872450386258941549109619399893130533353363050441415059948267074 0 0 0 0 0 0 0 0 0 0 0 0 0 0 0 0 0 0 0 0 0 0 1]
]
