[[1444407386494142152116547913504115037509725861457066977990057518387250819 0 0 0 0 0 0 0 0 0 0 0 0 0 0 0 0 0 0 0 0 0 0 0]
[1132998511579093036809100139532248066472639780222093728373480760449200339 1 0 0 0 0 0 0 0 0 0 0 0 0 0 0 0 0 0 0 0 0 0 0]
[1128422963172837515513645881227735675906972395656039384553506497468483564 0 1 0 0 0 0 0 0 0 0 0 0 0 0 0 0 0 0 0 0 0 0 0]
[21156392963998225383185268977504487989994250492260479594231583138995780 0 0 1 0 0 0 0 0 0 0 0 0 0 0 0 0 0 0 0 0 0 0 0]
[1139825038733439139990682212660040831501062183861742423889084634156625442 0 0 0 1 0 0 0 0 0 0 0 0 0 0 0 0 0 0 0 0 0 0 0]
[727938539766655455629242924431238148694713363737785719643117546970754222 0 0 0 0 1 0 0 0 0 0 0 0 0 0 0 0 0 0 0 0 0 0 0]
[744648575002195000081873448303727793451188733670656154530200349431646291 0 0 0 0 0 1 0 0 0 0 0 0 0 0 0 0 0 0 0 0 0 0 0]
[565062672734739074054186015362001373697021688975777677580592496866219698 0 0 0 0 0 0 1 0 0 0 0 0 0 0 0 0 0 0 0 0 0 0 0]
[1026959884887927042382710142122433452637822530806299005082740514460716608 0 0 0 0 0 0 0 1 0 0 0 0 0 0 0 0 0 0 0 0 0 0 0]
[1154445679388848255271824895059650818320333208700427938268874290044472694 0 0 0 0 0 0 0 0 1 0 0 0 0 0 0 0 0 0 0 0 0 0 0]
[973941996964544223981126545738863728361648802320838179845548828080251760 0 0 0 0 0 0 0 0 0 1 0 0 0 0 0 0 0 0 0 0 0 0 0]
[242602053846668826896792830687233818792856985081847582351083732669292949 0 0 0 0 0 0 0 0 0 0 1 0 0 0 0 0 0 0 0 0 0 0 0]
[397419655626683518587771541261134645207702257183469934896862388056288880 0 0 0 0 0 0 0 0 0 0 0 1 0 0 0 0 0 0 0 0 0 0 0]
[522946127640094331766459438651123410960524693535401730956785354180537871 0 0 0 0 0 0 0 0 0 0 0 0 1 0 0 0 0 0 0 0 0 0 0]
[827729684745343499471685592864312400542769563097958880534813747745431843 0 0 0 0 0 0 0 0 0 0 0 0 0 1 0 0 0 0 0 0 0 0 0]
[957981294556551239683714441777790456282219177189475395990301136390199806 0 0 0 0 0 0 0 0 0 0 0 0 0 0 1 0 0 0 0 0 0 0 0]
[802248554166820278375846359508485424949606660731855897477805942562359024 0 0 0 0 0 0 0 0 0 0 0 0 0 0 0 1 0 0 0 0 0 0 0]
[1000699778684628675714537972456991843414980822158368749713257103683801585 0 0 0 0 0 0 0 0 0 0 0 0 0 0 0 0 1 0 0 0 0 0 0]
[1078981205695443231740457774203640107746470606984832534361821314660549211 0 0 0 0 0 0 0 0 0 0 0 0 0 0 0 0 0 1 0 0 0 0 0]
[66862945401141421500578402312473674690720953279870605803865576008220882 0 0 0 0 0 0 0 0 0 0 0 0 0 0 0 0 0 0 1 0 0 0 0]
[675094989824913645606091162607365155722343474568012720407294851466097624 0 0 0 0 0 0 0 0 0 0 0 0 0 0 0 0 0 0 0 1 0 0 0]
[1139580083628493831911874516155079056652140791320386568501316240733680042 0 0 0 0 0 0 0 0 0 0 0 0 0 0 0 0 0 0 0 0 1 0 0]
[194887126462571100308739120491240235199185977120675108373180001840581024 0 0 0 0 0 0 0 0 0 0 0 0 0 0 0 0 0 0 0 0 0 1 0]
[190387141874001715082634190593411152080405915396942559552155453701494689 0 0 0 0 0 0 0 0 0 0 0 0 0 0 0 0 0 0 0 0 0 0 1]
]
