[[1087447061277212217771503274664512081549106114362413235897066468017237131 0 0 0 0 0 0 0 0 0 0 0 0 0 0 0 0 0 0 0 0 0 0 0]
[763177322024103396270853852682819467672602365084667970485385178331000359 1 0 0 0 0 0 0 0 0 0 0 0 0 0 0 0 0 0 0 0 0 0 0]
[880067492824310523625701749628937603879078243499295232284962000450407736 0 1 0 0 0 0 0 0 0 0 0 0 0 0 0 0 0 0 0 0 0 0 0]
[1037605033592508208129988136895652050508622165586645789118821499937983528 0 0 1 0 0 0 0 0 0 0 0 0 0 0 0 0 0 0 0 0 0 0 0]
[292555995520317413217052740772045114154489060402022891347993085321002103 0 0 0 1 0 0 0 0 0 0 0 0 0 0 0 0 0 0 0 0 0 0 0]
[442922774395237891432843426220184113705907689701647116564583375043785247 0 0 0 0 1 0 0 0 0 0 0 0 0 0 0 0 0 0 0 0 0 0 0]
[831270896657852727873923297471305361723053158337398523468744715184699177 0 0 0 0 0 1 0 0 0 0 0 0 0 0 0 0 0 0 0 0 0 0 0]
[755069281209065282929277749783882000322492485648089359845060551821233280 0 0 0 0 0 0 1 0 0 0 0 0 0 0 0 0 0 0 0 0 0 0 0]
[799645979212794783609168821207155050378114920254316173023664323239853377 0 0 0 0 0 0 0 1 0 0 0 0 0 0 0 0 0 0 0 0 0 0 0]
[1059879198802761322265664202003061863562799535603673436209102146524154711 0 0 0 0 0 0 0 0 1 0 0 0 0 0 0 0 0 0 0 0 0 0 0]
[557823427964499502993865105388269568073327554763204292511053677763894944 0 0 0 0 0 0 0 0 0 1 0 0 0 0 0 0 0 0 0 0 0 0 0]
[788858099389542026041685718848975100613337177911112634354334381557533630 0 0 0 0 0 0 0 0 0 0 1 0 0 0 0 0 0 0 0 0 0 0 0]
[586215324365023595988407343845535860763058590547014443000152326908072532 0 0 0 0 0 0 0 0 0 0 0 1 0 0 0 0 0 0 0 0 0 0 0]
[723966264474983619381232277574814729562984921595912197277716710609527667 0 0 0 0 0 0 0 0 0 0 0 0 1 0 0 0 0 0 0 0 0 0 0]
[292981202659547294231417408521882640018823453534028386662162691490101480 0 0 0 0 0 0 0 0 0 0 0 0 0 1 0 0 0 0 0 0 0 0 0]
[188730292017882190564587361870226245088786085338885746478486803903062441 0 0 0 0 0 0 0 0 0 0 0 0 0 0 1 0 0 0 0 0 0 0 0]
[120968879175370426481359477268218838471172473154425736600959266936860297 0 0 0 0 0 0 0 0 0 0 0 0 0 0 0 1 0 0 0 0 0 0 0]
[77270114707246298864687825156864011260180035246747704314212108183022230 0 0 0 0 0 0 0 0 0 0 0 0 0 0 0 0 1 0 0 0 0 0 0]
[1002699573771544461733995915712688895655207370616075813049801640426835470 0 0 0 0 0 0 0 0 0 0 0 0 0 0 0 0 0 1 0 0 0 0 0]
[396173580404542408156065964111127877145762749369860988497303937998998190 0 0 0 0 0 0 0 0 0 0 0 0 0 0 0 0 0 0 1 0 0 0 0]
[59483502314814682547026291397210382274406692997438897117532695153757329 0 0 0 0 0 0 0 0 0 0 0 0 0 0 0 0 0 0 0 1 0 0 0]
[613657025925309631520188923131986012888529660902860374028211053573893412 0 0 0 0 0 0 0 0 0 0 0 0 0 0 0 0 0 0 0 0 1 0 0]
[346279425973274016069492405593648941416466455162172244442140254743034406 0 0 0 0 0 0 0 0 0 0 0 0 0 0 0 0 0 0 0 0 0 1 0]
[409615678982134276519466171588436585939003208361200839168337856677637362 0 0 0 0 0 0 0 0 0 0 0 0 0 0 0 0 0 0 0 0 0 0 1]
]
