[[1313060866100133067340771575161378600408056593253048039933445180197339269 0 0 0 0 0 0 0 0 0 0 0 0 0 0 0 0 0 0 0 0 0 0 0]
[483679397262101746657794894983632007387725112062439991413021568829857402 1 0 0 0 0 0 0 0 0 0 0 0 0 0 0 0 0 0 0 0 0 0 0]
[728588875884946099674634981116925242875451925603130495023002547448484440 0 1 0 0 0 0 0 0 0 0 0 0 0 0 0 0 0 0 0 0 0 0 0]
[285238822744252510348088895119031899847217369194269687326069926334769553 0 0 1 0 0 0 0 0 0 0 0 0 0 0 0 0 0 0 0 0 0 0 0]
[18688265999910483994157337975216687549279706425507782621517824255275068 0 0 0 1 0 0 0 0 0 0 0 0 0 0 0 0 0 0 0 0 0 0 0]
[976896267514914331197262210234014295789645661402590047984587873350895608 0 0 0 0 1 0 0 0 0 0 0 0 0 0 0 0 0 0 0 0 0 0 0]
[948733697099496047398595960179913586958234589339302478817382505243063164 0 0 0 0 0 1 0 0 0 0 0 0 0 0 0 0 0 0 0 0 0 0 0]
[857489252209910537404898700516547536205452279180223500728567177855241762 0 0 0 0 0 0 1 0 0 0 0 0 0 0 0 0 0 0 0 0 0 0 0]
[721975328329664493369605100097901028611636115567972102900249350532576131 0 0 0 0 0 0 0 1 0 0 0 0 0 0 0 0 0 0 0 0 0 0 0]
[1058110697706533419952408878407861345446267565628368647195271389693597163 0 0 0 0 0 0 0 0 1 0 0 0 0 0 0 0 0 0 0 0 0 0 0]
[553205622005484495483952836220418771857403941388016674939771654958440430 0 0 0 0 0 0 0 0 0 1 0 0 0 0 0 0 0 0 0 0 0 0 0]
[1216643616052121854604406369902013666019530527654045876651103225023307918 0 0 0 0 0 0 0 0 0 0 1 0 0 0 0 0 0 0 0 0 0 0 0]
[1132786157834545052511212793291444063053424048358596809529823324903509966 0 0 0 0 0 0 0 0 0 0 0 1 0 0 0 0 0 0 0 0 0 0 0]
[120740577405624105053556658742965228839565198135416027893383118238552126 0 0 0 0 0 0 0 0 0 0 0 0 1 0 0 0 0 0 0 0 0 0 0]
[947483402833578531182622217984243887288848389666544539374216185165442953 0 0 0 0 0 0 0 0 0 0 0 0 0 1 0 0 0 0 0 0 0 0 0]
[875013450690138443654681734257436050395805992744489971207006448371786360 0 0 0 0 0 0 0 0 0 0 0 0 0 0 1 0 0 0 0 0 0 0 0]
[637315207376846051427705155444192242739101084769848474444880553200638010 0 0 0 0 0 0 0 0 0 0 0 0 0 0 0 1 0 0 0 0 0 0 0]
[832175296489718651799466353624246906216212481260502520069325755036059039 0 0 0 0 0 0 0 0 0 0 0 0 0 0 0 0 1 0 0 0 0 0 0]
[144264162588657297916115951030550422404706760121145113251341639916264436 0 0 0 0 0 0 0 0 0 0 0 0 0 0 0 0 0 1 0 0 0 0 0]
[638770346334628155326894757980859204222651576809281277443925531769888291 0 0 0 0 0 0 0 0 0 0 0 0 0 0 0 0 0 0 1 0 0 0 0]
[1292805814528060340727967395995057784667129905733856402410090969149342386 0 0 0 0 0 0 0 0 0 0 0 0 0 0 0 0 0 0 0 1 0 0 0]
[1158793749703636229252286914605831471830385626711841307620326507130856774 0 0 0 0 0 0 0 0 0 0 0 0 0 0 0 0 0 0 0 0 1 0 0]
[474771697439178582326405488295477870692352007256728485759440567814233255 0 0 0 0 0 0 0 0 0 0 0 0 0 0 0 0 0 0 0 0 0 1 0]
[1126575510593903916075793007270461697556047606544644578981689491146118874 0 0 0 0 0 0 0 0 0 0 0 0 0 0 0 0 0 0 0 0 0 0 1]
]
