[[1305953896580680134214996752808709829632982761667174939277441621494288701 0 0 0 0 0 0 0 0 0 0 0 0 0 0 0 0 0 0 0 0 0 0 0]
[333067742151662280236572886306475743214168046577627953943129731723007430 1 0 0 0 0 0 0 0 0 0 0 0 0 0 0 0 0 0 0 0 0 0 0]
[344117939208801529346065437378469946376424731502428044434309036391125656 0 1 0 0 0 0 0 0 0 0 0 0 0 0 0 0 0 0 0 0 0 0 0]
[504710045354785558937001895554689070844583852870730403957760611052978554 0 0 1 0 0 0 0 0 0 0 0 0 0 0 0 0 0 0 0 0 0 0 0]
[70807732271227441456796594028670229926470434268677267534234188442558275 0 0 0 1 0 0 0 0 0 0 0 0 0 0 0 0 0 0 0 0 0 0 0]
[943517587477547761719646627558453957303516295382955616386770809942421394 0 0 0 0 1 0 0 0 0 0 0 0 0 0 0 0 0 0 0 0 0 0 0]
[1118336391852689946241119139733135339790370420667067320124956846752026534 0 0 0 0 0 1 0 0 0 0 0 0 0 0 0 0 0 0 0 0 0 0 0]
[1231396361161741908688096102556077002174378602029591939254212002830756172 0 0 0 0 0 0 1 0 0 0 0 0 0 0 0 0 0 0 0 0 0 0 0]
[650916748540152698141921857690928876752836708472878838688646721872446573 0 0 0 0 0 0 0 1 0 0 0 0 0 0 0 0 0 0 0 0 0 0 0]
[328783833198263917679728604736659867022729249828911403783047909127612975 0 0 0 0 0 0 0 0 1 0 0 0 0 0 0 0 0 0 0 0 0 0 0]
[259033017554623527328425355409869560831102132937380856945627407074050264 0 0 0 0 0 0 0 0 0 1 0 0 0 0 0 0 0 0 0 0 0 0 0]
[204598547544338608172943121888712485911943699854336574428520658431807167 0 0 0 0 0 0 0 0 0 0 1 0 0 0 0 0 0 0 0 0 0 0 0]
[1179117666287589920745912346105026483437149709637026024465622825701067658 0 0 0 0 0 0 0 0 0 0 0 1 0 0 0 0 0 0 0 0 0 0 0]
[38015864930999976191404042361887821863677236646910600300347936654829812 0 0 0 0 0 0 0 0 0 0 0 0 1 0 0 0 0 0 0 0 0 0 0]
[601385011672402852647721571320289254200852133357635177856583727836610971 0 0 0 0 0 0 0 0 0 0 0 0 0 1 0 0 0 0 0 0 0 0 0]
[86224486737879390563492188751736985392497500272843181133426038742147572 0 0 0 0 0 0 0 0 0 0 0 0 0 0 1 0 0 0 0 0 0 0 0]
[142637157665553482562242287548042335667570722685806524415207707494406188 0 0 0 0 0 0 0 0 0 0 0 0 0 0 0 1 0 0 0 0 0 0 0]
[475192682920614738255014423162578682290949168980067380908929148779736667 0 0 0 0 0 0 0 0 0 0 0 0 0 0 0 0 1 0 0 0 0 0 0]
[1251792815442540476405037914389357049247647817143719614421350793272802191 0 0 0 0 0 0 0 0 0 0 0 0 0 0 0 0 0 1 0 0 0 0 0]
[908708241187658061300941817415330604741639550826002678415156345878486990 0 0 0 0 0 0 0 0 0 0 0 0 0 0 0 0 0 0 1 0 0 0 0]
[394264383793470425172474579941219918218163067946452489756600173064444209 0 0 0 0 0 0 0 0 0 0 0 0 0 0 0 0 0 0 0 1 0 0 0]
[1009261087830687503708909971697624767029326875107315502042285251109756144 0 0 0 0 0 0 0 0 0 0 0 0 0 0 0 0 0 0 0 0 1 0 0]
[762161317496510087667974293486385226921265198186908285713717359588386577 0 0 0 0 0 0 0 0 0 0 0 0 0 0 0 0 0 0 0 0 0 1 0]
[9898534899054239375391014684585298200178838290907881802175119584198153 0 0 0 0 0 0 0 0 0 0 0 0 0 0 0 0 0 0 0 0 0 0 1]
]
