[[1416348248217128842185078645515482630209060308784048176997386307200109871 0 0 0 0 0 0 0 0 0 0 0 0 0 0 0 0 0 0 0 0 0 0 0]
[1073329051785130361330236988440693758601637220470332435571228756096491066 1 0 0 0 0 0 0 0 0 0 0 0 0 0 0 0 0 0 0 0 0 0 0]
[56326896394306746554921448022350126593567903882533590495179805755570401 0 1 0 0 0 0 0 0 0 0 0 0 0 0 0 0 0 0 0 0 0 0 0]
[1053707504363320409698789996874174764874661696205330847911323636420633272 0 0 1 0 0 0 0 0 0 0 0 0 0 0 0 0 0 0 0 0 0 0 0]
[549774227176410390355364623846537250961464874008493409198730567309539434 0 0 0 1 0 0 0 0 0 0 0 0 0 0 0 0 0 0 0 0 0 0 0]
[1326211322293808744115298546041653364273773879726873988099647259151416308 0 0 0 0 1 0 0 0 0 0 0 0 0 0 0 0 0 0 0 0 0 0 0]
[829815478526094569652475845704000421520812011688955360778702106631728326 0 0 0 0 0 1 0 0 0 0 0 0 0 0 0 0 0 0 0 0 0 0 0]
[713102124926294140545588232424446466750310630555710209418977653394300837 0 0 0 0 0 0 1 0 0 0 0 0 0 0 0 0 0 0 0 0 0 0 0]
[511387273818690810909297477003174050737599955857333209546913264592810592 0 0 0 0 0 0 0 1 0 0 0 0 0 0 0 0 0 0 0 0 0 0 0]
[608144160966102504337636929135700743691534553951134322682945130824699023 0 0 0 0 0 0 0 0 1 0 0 0 0 0 0 0 0 0 0 0 0 0 0]
[1176669083532488791799584148064930186079027700325456040879103596710625403 0 0 0 0 0 0 0 0 0 1 0 0 0 0 0 0 0 0 0 0 0 0 0]
[916907123941438301863468239032376856888258931542560883838147094550692279 0 0 0 0 0 0 0 0 0 0 1 0 0 0 0 0 0 0 0 0 0 0 0]
[349072163700000116608255593636888146566129442962207563912298961937050118 0 0 0 0 0 0 0 0 0 0 0 1 0 0 0 0 0 0 0 0 0 0 0]
[1323111962141362019233392387090014699937114124768199627612010813297891723 0 0 0 0 0 0 0 0 0 0 0 0 1 0 0 0 0 0 0 0 0 0 0]
[1381322343647733345224767853295747248570304167970227734014103464565639592 0 0 0 0 0 0 0 0 0 0 0 0 0 1 0 0 0 0 0 0 0 0 0]
[469322003686685234964252246324278337312675500824086714469500693204736267 0 0 0 0 0 0 0 0 0 0 0 0 0 0 1 0 0 0 0 0 0 0 0]
[1095692079169633762854625157529862351970876823424252965416004610344766465 0 0 0 0 0 0 0 0 0 0 0 0 0 0 0 1 0 0 0 0 0 0 0]
[733249621216709342372299945884589909964848115731366841223697572494673359 0 0 0 0 0 0 0 0 0 0 0 0 0 0 0 0 1 0 0 0 0 0 0]
[135551255563084099374174346648556915767615283510442813665799749537143609 0 0 0 0 0 0 0 0 0 0 0 0 0 0 0 0 0 1 0 0 0 0 0]
[802719958314090985076428763687248207151056438241395423837716601059584736 0 0 0 0 0 0 0 0 0 0 0 0 0 0 0 0 0 0 1 0 0 0 0]
[821263763585947490197446986916346544964999120461503139403038721334995600 0 0 0 0 0 0 0 0 0 0 0 0 0 0 0 0 0 0 0 1 0 0 0]
[1030731961460459998085033311405104802494094836200125190270940062199346272 0 0 0 0 0 0 0 0 0 0 0 0 0 0 0 0 0 0 0 0 1 0 0]
[1325442206237857316197778480284697881658303954048659774536730898305544680 0 0 0 0 0 0 0 0 0 0 0 0 0 0 0 0 0 0 0 0 0 1 0]
[809550706851020533237788582497897071204289466925418369519588444608881596 0 0 0 0 0 0 0 0 0 0 0 0 0 0 0 0 0 0 0 0 0 0 1]
]
