[[947883583067837942502151266782709383395509634371529033548253043971018181 0 0 0 0 0 0 0 0 0 0 0 0 0 0 0 0 0 0 0 0 0 0 0]
[249355861236780510400167582725077624898719309441115239842892913375380928 1 0 0 0 0 0 0 0 0 0 0 0 0 0 0 0 0 0 0 0 0 0 0]
[433457730479117917495520696257793076392514282155022820812391994069706180 0 1 0 0 0 0 0 0 0 0 0 0 0 0 0 0 0 0 0 0 0 0 0]
[513617295559851164663051860148407779222295640283953461414748196349938829 0 0 1 0 0 0 0 0 0 0 0 0 0 0 0 0 0 0 0 0 0 0 0]
[829488810286559859637648354137609421537040592895527711885273870088810575 0 0 0 1 0 0 0 0 0 0 0 0 0 0 0 0 0 0 0 0 0 0 0]
[10105700528953356819724083924600429322299841592348601375141369563132139 0 0 0 0 1 0 0 0 0 0 0 0 0 0 0 0 0 0 0 0 0 0 0]
[261631275871785396952124548215422253190918880075196208330322992034544881 0 0 0 0 0 1 0 0 0 0 0 0 0 0 0 0 0 0 0 0 0 0 0]
[577817451451116804062328827675361109033671536818315421206754947369901651 0 0 0 0 0 0 1 0 0 0 0 0 0 0 0 0 0 0 0 0 0 0 0]
[30480015567198776462802081397558041751191037412655102019307185137390133 0 0 0 0 0 0 0 1 0 0 0 0 0 0 0 0 0 0 0 0 0 0 0]
[369614033944830623711493301555072724006455811988538265958535192092516979 0 0 0 0 0 0 0 0 1 0 0 0 0 0 0 0 0 0 0 0 0 0 0]
[188088970846442806463394210894100385933899032802148269842324582852285675 0 0 0 0 0 0 0 0 0 1 0 0 0 0 0 0 0 0 0 0 0 0 0]
[168584489630094858237435431650493774005998565594664982385495005645200351 0 0 0 0 0 0 0 0 0 0 1 0 0 0 0 0 0 0 0 0 0 0 0]
[459305982569752740966757809568433821857168985036399718609677111288675412 0 0 0 0 0 0 0 0 0 0 0 1 0 0 0 0 0 0 0 0 0 0 0]
[539833374965107475328282800904530876064038420786838204912220717511451727 0 0 0 0 0 0 0 0 0 0 0 0 1 0 0 0 0 0 0 0 0 0 0]
[786414761656005232076623961077332531063751294938410117571481504734663013 0 0 0 0 0 0 0 0 0 0 0 0 0 1 0 0 0 0 0 0 0 0 0]
[805823681515383059815062032918902967841202590469750485333034000505653041 0 0 0 0 0 0 0 0 0 0 0 0 0 0 1 0 0 0 0 0 0 0 0]
[550942463503244658648691952592860081532845534904439431037893297634767209 0 0 0 0 0 0 0 0 0 0 0 0 0 0 0 1 0 0 0 0 0 0 0]
[774093395127175605213349636742989015715048175085741749390994418714747913 0 0 0 0 0 0 0 0 0 0 0 0 0 0 0 0 1 0 0 0 0 0 0]
[680393891019343204583762977815879273025406100896661091330665950394600146 0 0 0 0 0 0 0 0 0 0 0 0 0 0 0 0 0 1 0 0 0 0 0]
[813311566953589389627069446533919182894604433326351810014463443510800258 0 0 0 0 0 0 0 0 0 0 0 0 0 0 0 0 0 0 1 0 0 0 0]
[469186901627353870710454106233790547018676511280435544456353763400006735 0 0 0 0 0 0 0 0 0 0 0 0 0 0 0 0 0 0 0 1 0 0 0]
[234972977171061248255739911202527098929873909641147889856555784168911939 0 0 0 0 0 0 0 0 0 0 0 0 0 0 0 0 0 0 0 0 1 0 0]
[622278040965196523536826294220798791750834452663533798561415529821363740 0 0 0 0 0 0 0 0 0 0 0 0 0 0 0 0 0 0 0 0 0 1 0]
[781581408625069886363695754774935172609459072271788754282207214919424093 0 0 0 0 0 0 0 0 0 0 0 0 0 0 0 0 0 0 0 0 0 0 1]
]
