[[1355050712929266422790880965388862631576432741597924051691782349296097859 0 0 0 0 0 0 0 0 0 0 0 0 0 0 0 0 0 0 0 0 0 0 0]
[239952971724800967923868413457112703914813789522320448780732470183335378 1 0 0 0 0 0 0 0 0 0 0 0 0 0 0 0 0 0 0 0 0 0 0]
[986563125478821629804260503138312508977604297227254926931376948689766877 0 1 0 0 0 0 0 0 0 0 0 0 0 0 0 0 0 0 0 0 0 0 0]
[795805961019631629300752185149351591210798513741545925846654546263841285 0 0 1 0 0 0 0 0 0 0 0 0 0 0 0 0 0 0 0 0 0 0 0]
[381957087365024613681652421855671220976650336665758809139523621231215183 0 0 0 1 0 0 0 0 0 0 0 0 0 0 0 0 0 0 0 0 0 0 0]
[552251031019197409488591743058493047510422179331744615538929283244440133 0 0 0 0 1 0 0 0 0 0 0 0 0 0 0 0 0 0 0 0 0 0 0]
[1259598985376510925275097230706146031465375295240565726309167096929619314 0 0 0 0 0 1 0 0 0 0 0 0 0 0 0 0 0 0 0 0 0 0 0]
[332933763492033559898120168196080485447613345945508063465024895616553165 0 0 0 0 0 0 1 0 0 0 0 0 0 0 0 0 0 0 0 0 0 0 0]
[835746040746448196876421076511630711267839348609224467108832000595854692 0 0 0 0 0 0 0 1 0 0 0 0 0 0 0 0 0 0 0 0 0 0 0]
[405299614079935522366591944633204588277846432266621888620426733565914624 0 0 0 0 0 0 0 0 1 0 0 0 0 0 0 0 0 0 0 0 0 0 0]
[873997598324688801909301978255864626916106649784359475787406932242636 0 0 0 0 0 0 0 0 0 1 0 0 0 0 0 0 0 0 0 0 0 0 0]
[918555875855582556016964302033697345833147819748549295136182750632802258 0 0 0 0 0 0 0 0 0 0 1 0 0 0 0 0 0 0 0 0 0 0 0]
[703792382815924606334218996958104974958449007828288517571720324577673101 0 0 0 0 0 0 0 0 0 0 0 1 0 0 0 0 0 0 0 0 0 0 0]
[494579010206282392117819678220070776884813429780536184907845897100403609 0 0 0 0 0 0 0 0 0 0 0 0 1 0 0 0 0 0 0 0 0 0 0]
[229332443227186245929055692180458060640025490232914908748234626007657796 0 0 0 0 0 0 0 0 0 0 0 0 0 1 0 0 0 0 0 0 0 0 0]
[547067165462966141964208762094336170031579558123136863900584498528304680 0 0 0 0 0 0 0 0 0 0 0 0 0 0 1 0 0 0 0 0 0 0 0]
[915363823495930348112449581604173386866829740340757147585342965114257213 0 0 0 0 0 0 0 0 0 0 0 0 0 0 0 1 0 0 0 0 0 0 0]
[1009658785564443006727194030311384061442836946146552534122531509353607381 0 0 0 0 0 0 0 0 0 0 0 0 0 0 0 0 1 0 0 0 0 0 0]
[794314670995776675513102988822082156172728136497783745543890771435778138 0 0 0 0 0 0 0 0 0 0 0 0 0 0 0 0 0 1 0 0 0 0 0]
[871369446327091787374754950018440745058277137942168428344530438983090951 0 0 0 0 0 0 0 0 0 0 0 0 0 0 0 0 0 0 1 0 0 0 0]
[181362581032927978035145397421331842763666553363589802329733971153061884 0 0 0 0 0 0 0 0 0 0 0 0 0 0 0 0 0 0 0 1 0 0 0]
[770528101873856951717181795755270903436868456461252832668713816182561006 0 0 0 0 0 0 0 0 0 0 0 0 0 0 0 0 0 0 0 0 1 0 0]
[1018011445705167392102628403826308421994521459795038205295616754256086127 0 0 0 0 0 0 0 0 0 0 0 0 0 0 0 0 0 0 0 0 0 1 0]
[1263622001025896236412799724219471267332375342958207807557951293811832328 0 0 0 0 0 0 0 0 0 0 0 0 0 0 0 0 0 0 0 0 0 0 1]
]
