[[1561206071205445202615503300396912930179712885286745264132406839665286203 0 0 0 0 0 0 0 0 0 0 0 0 0 0 0 0 0 0 0 0 0 0 0]
[556215530066178612302383376994512169105520488366949022725946541274775748 1 0 0 0 0 0 0 0 0 0 0 0 0 0 0 0 0 0 0 0 0 0 0]
[1258715588367053847879947391539546722190265345654297736402454716474347684 0 1 0 0 0 0 0 0 0 0 0 0 0 0 0 0 0 0 0 0 0 0 0]
[476106417844458345440881718654540717470633899283681537712298833125754986 0 0 1 0 0 0 0 0 0 0 0 0 0 0 0 0 0 0 0 0 0 0 0]
[1440198525072616438407010150034800282214242221165537292927838024941967735 0 0 0 1 0 0 0 0 0 0 0 0 0 0 0 0 0 0 0 0 0 0 0]
[885757857778173199515660696671205910590508960178134194133237479264372037 0 0 0 0 1 0 0 0 0 0 0 0 0 0 0 0 0 0 0 0 0 0 0]
[866798432104624819190954009227905987510619974488713212587077553766694998 0 0 0 0 0 1 0 0 0 0 0 0 0 0 0 0 0 0 0 0 0 0 0]
[1514385136230107872086281205614182662273877223727499206677026149979073387 0 0 0 0 0 0 1 0 0 0 0 0 0 0 0 0 0 0 0 0 0 0 0]
[15448149961185023256147976096981429728852368641311611247387790341573417 0 0 0 0 0 0 0 1 0 0 0 0 0 0 0 0 0 0 0 0 0 0 0]
[1067484745612900839602854032997884716828106801728490187842887207793132891 0 0 0 0 0 0 0 0 1 0 0 0 0 0 0 0 0 0 0 0 0 0 0]
[176653776151798017411611257361693038110568394366990338161458849733881260 0 0 0 0 0 0 0 0 0 1 0 0 0 0 0 0 0 0 0 0 0 0 0]
[1248643458607859503154069257588453405726784960792215658696275607454951823 0 0 0 0 0 0 0 0 0 0 1 0 0 0 0 0 0 0 0 0 0 0 0]
[1508406462152562587602950419471943308289665313866030285437707301933086438 0 0 0 0 0 0 0 0 0 0 0 1 0 0 0 0 0 0 0 0 0 0 0]
[49936945490021612258329250677698374310325615551636648759244008651849684 0 0 0 0 0 0 0 0 0 0 0 0 1 0 0 0 0 0 0 0 0 0 0]
[902040065853037180498704682228427883633816655636566012944207400608349415 0 0 0 0 0 0 0 0 0 0 0 0 0 1 0 0 0 0 0 0 0 0 0]
[22770384190077731462862570977178148720511795166166398101740696255582190 0 0 0 0 0 0 0 0 0 0 0 0 0 0 1 0 0 0 0 0 0 0 0]
[1122425613705978502251375959799187479507392862883796968348410229495482383 0 0 0 0 0 0 0 0 0 0 0 0 0 0 0 1 0 0 0 0 0 0 0]
[310130574689010508291311665666703718144884312679574363551180468465669681 0 0 0 0 0 0 0 0 0 0 0 0 0 0 0 0 1 0 0 0 0 0 0]
[1142436859158777196610800627104284217252965659551775461736024776601613706 0 0 0 0 0 0 0 0 0 0 0 0 0 0 0 0 0 1 0 0 0 0 0]
[1305204826042842261871075702197778968365696557983791264745470917618455226 0 0 0 0 0 0 0 0 0 0 0 0 0 0 0 0 0 0 1 0 0 0 0]
[1112363687905625880267616105677056789826735207184015960795029582070051717 0 0 0 0 0 0 0 0 0 0 0 0 0 0 0 0 0 0 0 1 0 0 0]
[723526692367162936776078075642209716425400716385455011668893807859740074 0 0 0 0 0 0 0 0 0 0 0 0 0 0 0 0 0 0 0 0 1 0 0]
[916088914847784636147158950779961733712330271218315144825163250135796510 0 0 0 0 0 0 0 0 0 0 0 0 0 0 0 0 0 0 0 0 0 1 0]
[909719803543271259793634246279850483655066197823622893764655406993303760 0 0 0 0 0 0 0 0 0 0 0 0 0 0 0 0 0 0 0 0 0 0 1]
]
