[[1543928860046314413448023894588785712717581487427868256225470884804677557 0 0 0 0 0 0 0 0 0 0 0 0 0 0 0 0 0 0 0 0 0 0 0]
[702163960589645194753381044892010196289475397493372907843421864900063833 1 0 0 0 0 0 0 0 0 0 0 0 0 0 0 0 0 0 0 0 0 0 0]
[1481106841464977424399737782509004857526118042638196427850689227806075077 0 1 0 0 0 0 0 0 0 0 0 0 0 0 0 0 0 0 0 0 0 0 0]
[1108822665977571794820880879050085458182481331444665531049284841056078032 0 0 1 0 0 0 0 0 0 0 0 0 0 0 0 0 0 0 0 0 0 0 0]
[1056866585388620900706966385078162732311786268564033565941348249816026764 0 0 0 1 0 0 0 0 0 0 0 0 0 0 0 0 0 0 0 0 0 0 0]
[338746308227647362561579767179382654792819157539784376519036369430265879 0 0 0 0 1 0 0 0 0 0 0 0 0 0 0 0 0 0 0 0 0 0 0]
[156089377305757537112666884872971706828337528329798541644282820632176771 0 0 0 0 0 1 0 0 0 0 0 0 0 0 0 0 0 0 0 0 0 0 0]
[499300179776714567336039519435217383915879491609155874935458970726670614 0 0 0 0 0 0 1 0 0 0 0 0 0 0 0 0 0 0 0 0 0 0 0]
[1302868638006462452428387476428540110627158359545296497208135123428175036 0 0 0 0 0 0 0 1 0 0 0 0 0 0 0 0 0 0 0 0 0 0 0]
[1493517545146741400333535629133308998250619117754907091413370179197950083 0 0 0 0 0 0 0 0 1 0 0 0 0 0 0 0 0 0 0 0 0 0 0]
[229865429930597971044104953083743302201190778521945287517939100422082861 0 0 0 0 0 0 0 0 0 1 0 0 0 0 0 0 0 0 0 0 0 0 0]
[1134516240914518047531782573536326517073693741996801891443111857030134338 0 0 0 0 0 0 0 0 0 0 1 0 0 0 0 0 0 0 0 0 0 0 0]
[1482689862121735944763384424841891905811933976797449228250379505828206290 0 0 0 0 0 0 0 0 0 0 0 1 0 0 0 0 0 0 0 0 0 0 0]
[228813832950773678683778553648221900448200876604536126639128445245263784 0 0 0 0 0 0 0 0 0 0 0 0 1 0 0 0 0 0 0 0 0 0 0]
[1025812962927146116898455194305329129010352723765618421382166237492361160 0 0 0 0 0 0 0 0 0 0 0 0 0 1 0 0 0 0 0 0 0 0 0]
[1130621966619755152915258773457127086918034526071488355894782507583312856 0 0 0 0 0 0 0 0 0 0 0 0 0 0 1 0 0 0 0 0 0 0 0]
[882015233160441449652871027649520221162928344316065565404687991461195857 0 0 0 0 0 0 0 0 0 0 0 0 0 0 0 1 0 0 0 0 0 0 0]
[400731151513893229283093814859355635562470205906507237706019038007875529 0 0 0 0 0 0 0 0 0 0 0 0 0 0 0 0 1 0 0 0 0 0 0]
[830078874337313841541839138887386705454825313145814349091707687943112009 0 0 0 0 0 0 0 0 0 0 0 0 0 0 0 0 0 1 0 0 0 0 0]
[1151065857906120568917411330346596615352871933203733047756367000487987301 0 0 0 0 0 0 0 0 0 0 0 0 0 0 0 0 0 0 1 0 0 0 0]
[486780543444995508842933963155038507201160242144890588387203975194293033 0 0 0 0 0 0 0 0 0 0 0 0 0 0 0 0 0 0 0 1 0 0 0]
[273315386128989452058291487166714840710331807432444727428349093518197224 0 0 0 0 0 0 0 0 0 0 0 0 0 0 0 0 0 0 0 0 1 0 0]
[378958724978221341687316278166832842180491576715749519415962223764021750 0 0 0 0 0 0 0 0 0 0 0 0 0 0 0 0 0 0 0 0 0 1 0]
[1465433185816769956495179173759226609823289469735432504813980566853517092 0 0 0 0 0 0 0 0 0 0 0 0 0 0 0 0 0 0 0 0 0 0 1]
]
