[[885748650624793606522436695671569221577209904505283416282994989681463909 0 0 0 0 0 0 0 0 0 0 0 0 0 0 0 0 0 0 0 0 0 0 0]
[376099569568013526139859701916733625160292734475814299359628698423128038 1 0 0 0 0 0 0 0 0 0 0 0 0 0 0 0 0 0 0 0 0 0 0]
[163721356647219653616660504726501860932408016532642896491021987720674736 0 1 0 0 0 0 0 0 0 0 0 0 0 0 0 0 0 0 0 0 0 0 0]
[884557422480483831184265022315498282580408881728077712927052023063313042 0 0 1 0 0 0 0 0 0 0 0 0 0 0 0 0 0 0 0 0 0 0 0]
[391863383538391997667590691114365862593218734592621929111833569501181654 0 0 0 1 0 0 0 0 0 0 0 0 0 0 0 0 0 0 0 0 0 0 0]
[359237532741213635631209597821606077634412974958366111492689160342126165 0 0 0 0 1 0 0 0 0 0 0 0 0 0 0 0 0 0 0 0 0 0 0]
[303475512821209758425789763717066099468467140697015034800054653428465123 0 0 0 0 0 1 0 0 0 0 0 0 0 0 0 0 0 0 0 0 0 0 0]
[413925814180398844086514724571807883202043962395573814120976599864467916 0 0 0 0 0 0 1 0 0 0 0 0 0 0 0 0 0 0 0 0 0 0 0]
[459235820655433657196337376321713514861020096514630286786052278714157268 0 0 0 0 0 0 0 1 0 0 0 0 0 0 0 0 0 0 0 0 0 0 0]
[190250073165184890525569401531935150583960447983909466206343097658256146 0 0 0 0 0 0 0 0 1 0 0 0 0 0 0 0 0 0 0 0 0 0 0]
[645949793967112914905989178231050144528793949673844018457539362252278119 0 0 0 0 0 0 0 0 0 1 0 0 0 0 0 0 0 0 0 0 0 0 0]
[114129554924535577930141530692823375077063384748195862210527311369245705 0 0 0 0 0 0 0 0 0 0 1 0 0 0 0 0 0 0 0 0 0 0 0]
[428779828109393679489525633474565495635144338335588766617032117731421857 0 0 0 0 0 0 0 0 0 0 0 1 0 0 0 0 0 0 0 0 0 0 0]
[415381955533039429683023253436132139430705435257803077248260263256411408 0 0 0 0 0 0 0 0 0 0 0 0 1 0 0 0 0 0 0 0 0 0 0]
[843672926951658460929934543829117111724257804882587758915053756949555481 0 0 0 0 0 0 0 0 0 0 0 0 0 1 0 0 0 0 0 0 0 0 0]
[799275771832782098411847588460969745696902348696162892022752550340905478 0 0 0 0 0 0 0 0 0 0 0 0 0 0 1 0 0 0 0 0 0 0 0]
[283167365595897173799461008324807814481758587033419296991844079767573983 0 0 0 0 0 0 0 0 0 0 0 0 0 0 0 1 0 0 0 0 0 0 0]
[661366784693028865751372902641906883947916192649156859964546140637742751 0 0 0 0 0 0 0 0 0 0 0 0 0 0 0 0 1 0 0 0 0 0 0]
[508883288197040239292968669641003722808073320968269929242874031081052989 0 0 0 0 0 0 0 0 0 0 0 0 0 0 0 0 0 1 0 0 0 0 0]
[83876308155870914993899673595128073392473460194478868603337506896979236 0 0 0 0 0 0 0 0 0 0 0 0 0 0 0 0 0 0 1 0 0 0 0]
[116769932744557341741266132856896203860758996769390025187161199865743808 0 0 0 0 0 0 0 0 0 0 0 0 0 0 0 0 0 0 0 1 0 0 0]
[595372036491932821924402824505421830097277189586217424987861277477327826 0 0 0 0 0 0 0 0 0 0 0 0 0 0 0 0 0 0 0 0 1 0 0]
[734590441496539580362214818321671233376647898254345699797928221046592729 0 0 0 0 0 0 0 0 0 0 0 0 0 0 0 0 0 0 0 0 0 1 0]
[326961482151743193595664859789543628700070400937249447034392002258042324 0 0 0 0 0 0 0 0 0 0 0 0 0 0 0 0 0 0 0 0 0 0 1]
]
