[[963533616786009837733147835966008980954252547170784949511017085697041721 0 0 0 0 0 0 0 0 0 0 0 0 0 0 0 0 0 0 0 0 0 0 0]
[740259181820854402016050339146454658152416215260348391204219412480039900 1 0 0 0 0 0 0 0 0 0 0 0 0 0 0 0 0 0 0 0 0 0 0]
[430023159548267877859480889302052725680812746981362310392261371704233593 0 1 0 0 0 0 0 0 0 0 0 0 0 0 0 0 0 0 0 0 0 0 0]
[543691769672470214291428825582403763303267540626089009844306810774734720 0 0 1 0 0 0 0 0 0 0 0 0 0 0 0 0 0 0 0 0 0 0 0]
[497546610661458390124411874126936113882109005594978959848431713549401368 0 0 0 1 0 0 0 0 0 0 0 0 0 0 0 0 0 0 0 0 0 0 0]
[924229398543048355342396056406964595047603001686926955075147135974124865 0 0 0 0 1 0 0 0 0 0 0 0 0 0 0 0 0 0 0 0 0 0 0]
[291737860927458067160993719981052271184538982736065029039105514333679833 0 0 0 0 0 1 0 0 0 0 0 0 0 0 0 0 0 0 0 0 0 0 0]
[362630741453082707208712327903937278518382508008987427352488535486144670 0 0 0 0 0 0 1 0 0 0 0 0 0 0 0 0 0 0 0 0 0 0 0]
[150479218288476283033212283622024392944340715863865702354761829076843798 0 0 0 0 0 0 0 1 0 0 0 0 0 0 0 0 0 0 0 0 0 0 0]
[30224436061055964011998803193624387703452268355518063048925624850334399 0 0 0 0 0 0 0 0 1 0 0 0 0 0 0 0 0 0 0 0 0 0 0]
[168024746580651385925849713488349274133477957878079174673208387879822987 0 0 0 0 0 0 0 0 0 1 0 0 0 0 0 0 0 0 0 0 0 0 0]
[180272195631582816884962830852349443035507979275657141809776816302205103 0 0 0 0 0 0 0 0 0 0 1 0 0 0 0 0 0 0 0 0 0 0 0]
[872260589679889278609273592445292391279420442983603489287666868771768460 0 0 0 0 0 0 0 0 0 0 0 1 0 0 0 0 0 0 0 0 0 0 0]
[785838241590525188308672467117386877733367492876400040115226331830171275 0 0 0 0 0 0 0 0 0 0 0 0 1 0 0 0 0 0 0 0 0 0 0]
[204295002046232740873129665020220140170474678818712695036984788065871690 0 0 0 0 0 0 0 0 0 0 0 0 0 1 0 0 0 0 0 0 0 0 0]
[260911543803615666336134964969581535509049221391911831858491691405323350 0 0 0 0 0 0 0 0 0 0 0 0 0 0 1 0 0 0 0 0 0 0 0]
[46213359652895765039924625515020089067880482191469814853478704275958903 0 0 0 0 0 0 0 0 0 0 0 0 0 0 0 1 0 0 0 0 0 0 0]
[178879338161240057724429252827512313832677787314526950355412822304741032 0 0 0 0 0 0 0 0 0 0 0 0 0 0 0 0 1 0 0 0 0 0 0]
[175140285762405802213338218697156505896297911555774397256336809859080127 0 0 0 0 0 0 0 0 0 0 0 0 0 0 0 0 0 1 0 0 0 0 0]
[210764064304911525421966620874243618082307733011447909073002664806070572 0 0 0 0 0 0 0 0 0 0 0 0 0 0 0 0 0 0 1 0 0 0 0]
[91222285038399585160101576926291210728234262961261458358328648450204013 0 0 0 0 0 0 0 0 0 0 0 0 0 0 0 0 0 0 0 1 0 0 0]
[429584987601523835913819605378046622859371250776775393123615382264156570 0 0 0 0 0 0 0 0 0 0 0 0 0 0 0 0 0 0 0 0 1 0 0]
[715837930246376832372591719311770756312783356289661802107732778236842134 0 0 0 0 0 0 0 0 0 0 0 0 0 0 0 0 0 0 0 0 0 1 0]
[146000027847407720009427484288903897548699664211857219619465911292971008 0 0 0 0 0 0 0 0 0 0 0 0 0 0 0 0 0 0 0 0 0 0 1]
]
