[[1758406966600373230948970803738846874465017803139763819683041432547870811 0 0 0 0 0 0 0 0 0 0 0 0 0 0 0 0 0 0 0 0 0 0 0]
[1703605194768916780196692990689058315402260846703961171953496362272601440 1 0 0 0 0 0 0 0 0 0 0 0 0 0 0 0 0 0 0 0 0 0 0]
[24781707712191133562654358755323771408202048861270834577905844026251103 0 1 0 0 0 0 0 0 0 0 0 0 0 0 0 0 0 0 0 0 0 0 0]
[1339460664129981293920865230474359691009517182671692837103481301402744854 0 0 1 0 0 0 0 0 0 0 0 0 0 0 0 0 0 0 0 0 0 0 0]
[677968203585210278426218723526966997387324408758883479768617329917446923 0 0 0 1 0 0 0 0 0 0 0 0 0 0 0 0 0 0 0 0 0 0 0]
[175898367619369937203659217349948493185620651321447565890050210671723086 0 0 0 0 1 0 0 0 0 0 0 0 0 0 0 0 0 0 0 0 0 0 0]
[243959242231527143261296267765860130037058201538597780761026163395560735 0 0 0 0 0 1 0 0 0 0 0 0 0 0 0 0 0 0 0 0 0 0 0]
[384521835315340376932426909311477070332398182842710931648081585539506015 0 0 0 0 0 0 1 0 0 0 0 0 0 0 0 0 0 0 0 0 0 0 0]
[393130171329436320294003675471692655023850878395302183262187956339247512 0 0 0 0 0 0 0 1 0 0 0 0 0 0 0 0 0 0 0 0 0 0 0]
[1622802002666916952082695468984567090859937680734704808766141781083338636 0 0 0 0 0 0 0 0 1 0 0 0 0 0 0 0 0 0 0 0 0 0 0]
[1317049196713277955767534051618978607573601839567424818506096649685829245 0 0 0 0 0 0 0 0 0 1 0 0 0 0 0 0 0 0 0 0 0 0 0]
[1275844702389639176393854810728148098563564317430119687920250260352192234 0 0 0 0 0 0 0 0 0 0 1 0 0 0 0 0 0 0 0 0 0 0 0]
[923960213541195178087748116892291438560712084745259958527733566849902976 0 0 0 0 0 0 0 0 0 0 0 1 0 0 0 0 0 0 0 0 0 0 0]
[1214146586927205686300512237470652047320810644256465139760216370769913697 0 0 0 0 0 0 0 0 0 0 0 0 1 0 0 0 0 0 0 0 0 0 0]
[1633988333494942406370888657477598739216137283271040268471610282160772789 0 0 0 0 0 0 0 0 0 0 0 0 0 1 0 0 0 0 0 0 0 0 0]
[1754511336139001523722753117599728069431327080428871886782468194542445249 0 0 0 0 0 0 0 0 0 0 0 0 0 0 1 0 0 0 0 0 0 0 0]
[1068495360498927204872901751758060435746944805104159427951758708394654566 0 0 0 0 0 0 0 0 0 0 0 0 0 0 0 1 0 0 0 0 0 0 0]
[677187018710710295157741934339557748942252884880356430125209693368511984 0 0 0 0 0 0 0 0 0 0 0 0 0 0 0 0 1 0 0 0 0 0 0]
[603538801436650588046122999696477201603918758689803919204301282603198328 0 0 0 0 0 0 0 0 0 0 0 0 0 0 0 0 0 1 0 0 0 0 0]
[1038156771563847376305796315144397692137354061647171801333111335333245775 0 0 0 0 0 0 0 0 0 0 0 0 0 0 0 0 0 0 1 0 0 0 0]
[1153135166197568213856611203530400073830628975269894515175775654756356041 0 0 0 0 0 0 0 0 0 0 0 0 0 0 0 0 0 0 0 1 0 0 0]
[423968398529164248537139164808620644982502230672212371590356856786662420 0 0 0 0 0 0 0 0 0 0 0 0 0 0 0 0 0 0 0 0 1 0 0]
[1180502574610052778262632205556419276121911694308858173482838587093588649 0 0 0 0 0 0 0 0 0 0 0 0 0 0 0 0 0 0 0 0 0 1 0]
[430976856546884731827178017529847206226801075330718979803140525169459849 0 0 0 0 0 0 0 0 0 0 0 0 0 0 0 0 0 0 0 0 0 0 1]
]
