[[1409452414015606252469474839269919569338516180982931779051582026357292449 0 0 0 0 0 0 0 0 0 0 0 0 0 0 0 0 0 0 0 0 0 0 0]
[750633519006431185223089687588634490543511135414162171863479061183212309 1 0 0 0 0 0 0 0 0 0 0 0 0 0 0 0 0 0 0 0 0 0 0]
[113790723342182009951249090131068612479732907089372889146494840104632976 0 1 0 0 0 0 0 0 0 0 0 0 0 0 0 0 0 0 0 0 0 0 0]
[583997843400538505054693019727018488884689949565134311145822692557575119 0 0 1 0 0 0 0 0 0 0 0 0 0 0 0 0 0 0 0 0 0 0 0]
[714939676227548553780776949556228795933683080119965121467028955400844190 0 0 0 1 0 0 0 0 0 0 0 0 0 0 0 0 0 0 0 0 0 0 0]
[1113051214281687440891831359872151879200676132594923393081963668874944685 0 0 0 0 1 0 0 0 0 0 0 0 0 0 0 0 0 0 0 0 0 0 0]
[170876635784471942746298526668190433843899301068972605540803430840179262 0 0 0 0 0 1 0 0 0 0 0 0 0 0 0 0 0 0 0 0 0 0 0]
[410823858169593305557440477668141689431862059280435144897855616787152949 0 0 0 0 0 0 1 0 0 0 0 0 0 0 0 0 0 0 0 0 0 0 0]
[957706868110671250719370716763763471390919375519014418369720541157362212 0 0 0 0 0 0 0 1 0 0 0 0 0 0 0 0 0 0 0 0 0 0 0]
[186576507428468370288716775668210884521232458813759594403887844770242024 0 0 0 0 0 0 0 0 1 0 0 0 0 0 0 0 0 0 0 0 0 0 0]
[891130641200727620240503313028796547116361674702455584207623104550357154 0 0 0 0 0 0 0 0 0 1 0 0 0 0 0 0 0 0 0 0 0 0 0]
[141918149438766979951043456224479802432552721067419347650985749624378625 0 0 0 0 0 0 0 0 0 0 1 0 0 0 0 0 0 0 0 0 0 0 0]
[958860615322510369426433604177540929306935066977571802938086469860923158 0 0 0 0 0 0 0 0 0 0 0 1 0 0 0 0 0 0 0 0 0 0 0]
[1056624352663163915208623600084658088835288564684357475544899481641470254 0 0 0 0 0 0 0 0 0 0 0 0 1 0 0 0 0 0 0 0 0 0 0]
[1406857320499516115345183583579158602519668693012287188678983709914867794 0 0 0 0 0 0 0 0 0 0 0 0 0 1 0 0 0 0 0 0 0 0 0]
[729646470154790557028188596744683376469567228933627260255902830364358341 0 0 0 0 0 0 0 0 0 0 0 0 0 0 1 0 0 0 0 0 0 0 0]
[492665729708166234151595890409430134614527037581491580719230519548571991 0 0 0 0 0 0 0 0 0 0 0 0 0 0 0 1 0 0 0 0 0 0 0]
[21215186006250987876117985066724923688766939470386687652177478756087676 0 0 0 0 0 0 0 0 0 0 0 0 0 0 0 0 1 0 0 0 0 0 0]
[839620333257400554450133790045878574292286804484062392900605605451100499 0 0 0 0 0 0 0 0 0 0 0 0 0 0 0 0 0 1 0 0 0 0 0]
[509697863591113115471534236491777085281361103329406352547961246385668159 0 0 0 0 0 0 0 0 0 0 0 0 0 0 0 0 0 0 1 0 0 0 0]
[1214802372167140916149035737353659425565242212140352611413350553899074583 0 0 0 0 0 0 0 0 0 0 0 0 0 0 0 0 0 0 0 1 0 0 0]
[598432495254602286369253006309029799336814713531764905817279020800359113 0 0 0 0 0 0 0 0 0 0 0 0 0 0 0 0 0 0 0 0 1 0 0]
[437095473158736412117305880177381117880393709951715700614404362083165133 0 0 0 0 0 0 0 0 0 0 0 0 0 0 0 0 0 0 0 0 0 1 0]
[363790243834719625633897278907821934589649886701890473262101836676224842 0 0 0 0 0 0 0 0 0 0 0 0 0 0 0 0 0 0 0 0 0 0 1]
]
