[[1018735586193019220383571558009965134159155431884290463805601320991 0 0 0 0 0 0 0 0 0 0 0 0 0 0 0 0 0 0 0 0 0]
[667740733711886991283367781979288580437931281580021648076823424792 1 0 0 0 0 0 0 0 0 0 0 0 0 0 0 0 0 0 0 0 0]
[640155737802336455534359563745903874766272844994449436033642583170 0 1 0 0 0 0 0 0 0 0 0 0 0 0 0 0 0 0 0 0 0]
[433314975032521677532637916470091361425436631159277165004400701710 0 0 1 0 0 0 0 0 0 0 0 0 0 0 0 0 0 0 0 0 0]
[560267089175530137172669730762361871323822931750985379591211435652 0 0 0 1 0 0 0 0 0 0 0 0 0 0 0 0 0 0 0 0 0]
[415516444641989060960855540346829419414674518710724069408665632638 0 0 0 0 1 0 0 0 0 0 0 0 0 0 0 0 0 0 0 0 0]
[482638884368842710283891038216004040368781505568194382530679478690 0 0 0 0 0 1 0 0 0 0 0 0 0 0 0 0 0 0 0 0 0]
[165152199470851020289237442344911312999468907227196696159513366368 0 0 0 0 0 0 1 0 0 0 0 0 0 0 0 0 0 0 0 0 0]
[774610476021932471188924063171976333871500506679143162878557401257 0 0 0 0 0 0 0 1 0 0 0 0 0 0 0 0 0 0 0 0 0]
[587630960278635656396602509348092009579214754021533107721114967295 0 0 0 0 0 0 0 0 1 0 0 0 0 0 0 0 0 0 0 0 0]
[94759564788836241409402610304581019180567084390406979992239359921 0 0 0 0 0 0 0 0 0 1 0 0 0 0 0 0 0 0 0 0 0]
[605056491739545365514219814415407512828940618849441560910342746812 0 0 0 0 0 0 0 0 0 0 1 0 0 0 0 0 0 0 0 0 0]
[400708142066589464979607336002755263563961115277445414185916381461 0 0 0 0 0 0 0 0 0 0 0 1 0 0 0 0 0 0 0 0 0]
[575788372312794853058761861798827608672007431591563651982231473223 0 0 0 0 0 0 0 0 0 0 0 0 1 0 0 0 0 0 0 0 0]
[685277136467109642990815758734761298176563557741810856863564894167 0 0 0 0 0 0 0 0 0 0 0 0 0 1 0 0 0 0 0 0 0]
[1004229575261755531740798972741394021742435020618483492934545348872 0 0 0 0 0 0 0 0 0 0 0 0 0 0 1 0 0 0 0 0 0]
[734183422071535623553379486523280681478242240977198107483282824876 0 0 0 0 0 0 0 0 0 0 0 0 0 0 0 1 0 0 0 0 0]
[470739858810627627798327994431397467527198405617786128873870337761 0 0 0 0 0 0 0 0 0 0 0 0 0 0 0 0 1 0 0 0 0]
[310420370427539449289253007747181217959923592083802650091514999113 0 0 0 0 0 0 0 0 0 0 0 0 0 0 0 0 0 1 0 0 0]
[970226822592233240756946159727064146791007856672920319720992480191 0 0 0 0 0 0 0 0 0 0 0 0 0 0 0 0 0 0 1 0 0]
[279279121366052740283442739901182578118305563482282806865111439114 0 0 0 0 0 0 0 0 0 0 0 0 0 0 0 0 0 0 0 1 0]
[649314271739158958421813228156652647207641005951448860444551420869 0 0 0 0 0 0 0 0 0 0 0 0 0 0 0 0 0 0 0 0 1]
]
