[[932658034216271287827180632925980167125835600486500242311433062687 0 0 0 0 0 0 0 0 0 0 0 0 0 0 0 0 0 0 0 0 0]
[289978413482868941331945502568901882993073820668436867948140115545 1 0 0 0 0 0 0 0 0 0 0 0 0 0 0 0 0 0 0 0 0]
[438360289599354534807797570669066138161364289486800957750720700728 0 1 0 0 0 0 0 0 0 0 0 0 0 0 0 0 0 0 0 0 0]
[266294004733937550318994126854091635436141693029033448191777662508 0 0 1 0 0 0 0 0 0 0 0 0 0 0 0 0 0 0 0 0 0]
[553630415808777872834163514348767998714453434300526379326650993377 0 0 0 1 0 0 0 0 0 0 0 0 0 0 0 0 0 0 0 0 0]
[665445218074228598898421585359135288027962365736775633071136462078 0 0 0 0 1 0 0 0 0 0 0 0 0 0 0 0 0 0 0 0 0]
[911129107331241999188173538252406471870667871527477404551556341058 0 0 0 0 0 1 0 0 0 0 0 0 0 0 0 0 0 0 0 0 0]
[629997581886746140470772892333735962626837849287748712311140201471 0 0 0 0 0 0 1 0 0 0 0 0 0 0 0 0 0 0 0 0 0]
[463223352770917521668263273538205490068376935677256682766210850910 0 0 0 0 0 0 0 1 0 0 0 0 0 0 0 0 0 0 0 0 0]
[136500973002623354565762013164655713426624358710029810876297442068 0 0 0 0 0 0 0 0 1 0 0 0 0 0 0 0 0 0 0 0 0]
[790843196664383783060311675776592656670130609891776521302567177352 0 0 0 0 0 0 0 0 0 1 0 0 0 0 0 0 0 0 0 0 0]
[250201799578167302134836245060939284933347111485245907601960596473 0 0 0 0 0 0 0 0 0 0 1 0 0 0 0 0 0 0 0 0 0]
[611666241248422736600793510647079353402951767781022116676470355423 0 0 0 0 0 0 0 0 0 0 0 1 0 0 0 0 0 0 0 0 0]
[390076074985056356651149297420841311887791840948509057112772907587 0 0 0 0 0 0 0 0 0 0 0 0 1 0 0 0 0 0 0 0 0]
[910071426536141716077981305791974543387113925014805293327095727315 0 0 0 0 0 0 0 0 0 0 0 0 0 1 0 0 0 0 0 0 0]
[428851796136367047282380708775911782930183339027823406540351545525 0 0 0 0 0 0 0 0 0 0 0 0 0 0 1 0 0 0 0 0 0]
[301937885033292334471259294914340430718571133848339368526822656943 0 0 0 0 0 0 0 0 0 0 0 0 0 0 0 1 0 0 0 0 0]
[650479842815781592999723304564367618392233824198331861702023402773 0 0 0 0 0 0 0 0 0 0 0 0 0 0 0 0 1 0 0 0 0]
[448219196697498023590005101299737187084743644143958484069564575393 0 0 0 0 0 0 0 0 0 0 0 0 0 0 0 0 0 1 0 0 0]
[322554857001521861446815863161101376280624892129206523798764785585 0 0 0 0 0 0 0 0 0 0 0 0 0 0 0 0 0 0 1 0 0]
[81190939449516003935854211059183406639556864566720336447411045949 0 0 0 0 0 0 0 0 0 0 0 0 0 0 0 0 0 0 0 1 0]
[849999942880417910734974739740162597636880136065116668038585011073 0 0 0 0 0 0 0 0 0 0 0 0 0 0 0 0 0 0 0 0 1]
]
