[[1676379040629486815932830982548875274378286090509450691232875663103 0 0 0 0 0 0 0 0 0 0 0 0 0 0 0 0 0 0 0 0 0]
[1363388188260412048660322026997878118953139990242369666335498624418 1 0 0 0 0 0 0 0 0 0 0 0 0 0 0 0 0 0 0 0 0]
[644391016574690193042823322066387646536476094279764766560611875485 0 1 0 0 0 0 0 0 0 0 0 0 0 0 0 0 0 0 0 0 0]
[709298215179583065633809778191898514068579950243498880511453034587 0 0 1 0 0 0 0 0 0 0 0 0 0 0 0 0 0 0 0 0 0]
[1359216800922395011101765797729091316087304324926069573918971544802 0 0 0 1 0 0 0 0 0 0 0 0 0 0 0 0 0 0 0 0 0]
[290265359852545424273627327115968607893256172588270815331252946695 0 0 0 0 1 0 0 0 0 0 0 0 0 0 0 0 0 0 0 0 0]
[1574335040261472288758992847421472935149857281677852918954489401299 0 0 0 0 0 1 0 0 0 0 0 0 0 0 0 0 0 0 0 0 0]
[1021532495134806871771072476208493699011843347935936791833959737005 0 0 0 0 0 0 1 0 0 0 0 0 0 0 0 0 0 0 0 0 0]
[344370522036130170649967786107934874678121944492297337506071273169 0 0 0 0 0 0 0 1 0 0 0 0 0 0 0 0 0 0 0 0 0]
[838776226616737843308855893390972935212903315007988074331373316415 0 0 0 0 0 0 0 0 1 0 0 0 0 0 0 0 0 0 0 0 0]
[809516784220381023572978982408797274666078391599568673621514010740 0 0 0 0 0 0 0 0 0 1 0 0 0 0 0 0 0 0 0 0 0]
[1479247405784489714382499443252066227884823819943528744844287169701 0 0 0 0 0 0 0 0 0 0 1 0 0 0 0 0 0 0 0 0 0]
[1433747306431173780618967225306451343147985630218334169253451046147 0 0 0 0 0 0 0 0 0 0 0 1 0 0 0 0 0 0 0 0 0]
[304598662132285032827229207814225781951675757472105811352159566926 0 0 0 0 0 0 0 0 0 0 0 0 1 0 0 0 0 0 0 0 0]
[1375918094832839370249669506588739278569700470923974896111689413898 0 0 0 0 0 0 0 0 0 0 0 0 0 1 0 0 0 0 0 0 0]
[1251874003269780267141421935122810569226820789822657651228656476690 0 0 0 0 0 0 0 0 0 0 0 0 0 0 1 0 0 0 0 0 0]
[1285297202310929237124313159306026120865949833064085230115111242436 0 0 0 0 0 0 0 0 0 0 0 0 0 0 0 1 0 0 0 0 0]
[70322554219557919305484619665950666834871688964058922845185324911 0 0 0 0 0 0 0 0 0 0 0 0 0 0 0 0 1 0 0 0 0]
[938811043064335831136613053599755333662939106228371278649148987715 0 0 0 0 0 0 0 0 0 0 0 0 0 0 0 0 0 1 0 0 0]
[54795242510017189439341897672002575300935460870292390232375192301 0 0 0 0 0 0 0 0 0 0 0 0 0 0 0 0 0 0 1 0 0]
[742468933119397434948744155436007501756985245657308678261819611042 0 0 0 0 0 0 0 0 0 0 0 0 0 0 0 0 0 0 0 1 0]
[699141608471305348245854999453106055342670855670292365433451977983 0 0 0 0 0 0 0 0 0 0 0 0 0 0 0 0 0 0 0 0 1]
]
