[[1130115391514863612557793675501021697007120641731097572401726079967 0 0 0 0 0 0 0 0 0 0 0 0 0 0 0 0 0 0 0 0 0]
[650305724273843815635263591374586687430721287908503255624446790530 1 0 0 0 0 0 0 0 0 0 0 0 0 0 0 0 0 0 0 0 0]
[867952406252669397838178240095028076361710663979218347729001063652 0 1 0 0 0 0 0 0 0 0 0 0 0 0 0 0 0 0 0 0 0]
[34382321544943681383162861259264642173676650142280793221128767389 0 0 1 0 0 0 0 0 0 0 0 0 0 0 0 0 0 0 0 0 0]
[636520346597401442803554371552205669609581678084055137503473884666 0 0 0 1 0 0 0 0 0 0 0 0 0 0 0 0 0 0 0 0 0]
[777975309503529284545386436355483018476989723040848057776357896583 0 0 0 0 1 0 0 0 0 0 0 0 0 0 0 0 0 0 0 0 0]
[1057322826517190469470971940245178049266390145429211953751677814372 0 0 0 0 0 1 0 0 0 0 0 0 0 0 0 0 0 0 0 0 0]
[64529674465237354398307384910422451487210617736978154030358697911 0 0 0 0 0 0 1 0 0 0 0 0 0 0 0 0 0 0 0 0 0]
[322172873970955158238839710868586291683600018279018540049631588686 0 0 0 0 0 0 0 1 0 0 0 0 0 0 0 0 0 0 0 0 0]
[483045862925157068148570892491616682274730282397948028493302059035 0 0 0 0 0 0 0 0 1 0 0 0 0 0 0 0 0 0 0 0 0]
[279433074160327260632797112032574568939207367911176724474179800032 0 0 0 0 0 0 0 0 0 1 0 0 0 0 0 0 0 0 0 0 0]
[810380169334502852488172515643583127014144509750254935873537979744 0 0 0 0 0 0 0 0 0 0 1 0 0 0 0 0 0 0 0 0 0]
[102061158890363091440831153487879166142468304891262992470953217096 0 0 0 0 0 0 0 0 0 0 0 1 0 0 0 0 0 0 0 0 0]
[963718018089655124610173034644512805520809280568385486145854697929 0 0 0 0 0 0 0 0 0 0 0 0 1 0 0 0 0 0 0 0 0]
[150343118264504847444170611731418152913944724668712571759422147792 0 0 0 0 0 0 0 0 0 0 0 0 0 1 0 0 0 0 0 0 0]
[517722736680091332846265246088058113308469501851800401524402985647 0 0 0 0 0 0 0 0 0 0 0 0 0 0 1 0 0 0 0 0 0]
[15174176415747463099671944643958778744283942483791511685454324757 0 0 0 0 0 0 0 0 0 0 0 0 0 0 0 1 0 0 0 0 0]
[510057395845739765340200724478731585278921597057482617705710240459 0 0 0 0 0 0 0 0 0 0 0 0 0 0 0 0 1 0 0 0 0]
[24306127550252318879808487897289472475882243523564253206716767814 0 0 0 0 0 0 0 0 0 0 0 0 0 0 0 0 0 1 0 0 0]
[246753148763753130011604867104741478904374359841183912662626155548 0 0 0 0 0 0 0 0 0 0 0 0 0 0 0 0 0 0 1 0 0]
[621410756243580884260219140965905229895618977019211623266370063829 0 0 0 0 0 0 0 0 0 0 0 0 0 0 0 0 0 0 0 1 0]
[286454106454131966599899951295762682427736898955630315622200361029 0 0 0 0 0 0 0 0 0 0 0 0 0 0 0 0 0 0 0 0 1]
]
