[[1150651017885466742286433674302640238100694774656650716146714369387 0 0 0 0 0 0 0 0 0 0 0 0 0 0 0 0 0 0 0 0 0]
[507546074179905923200765744498978416089188351362560589581891290589 1 0 0 0 0 0 0 0 0 0 0 0 0 0 0 0 0 0 0 0 0]
[406606993352753732677632882440693568519743392529629284612136162899 0 1 0 0 0 0 0 0 0 0 0 0 0 0 0 0 0 0 0 0 0]
[840748513513993339214447789483272015973305453078238125891195278745 0 0 1 0 0 0 0 0 0 0 0 0 0 0 0 0 0 0 0 0 0]
[173096217293603856800456245405138476278294572766997779207844693162 0 0 0 1 0 0 0 0 0 0 0 0 0 0 0 0 0 0 0 0 0]
[414624509533508777640884650817636598396957864426975956634207630288 0 0 0 0 1 0 0 0 0 0 0 0 0 0 0 0 0 0 0 0 0]
[9688777231887176326838595463546671708513698101626759916743588396 0 0 0 0 0 1 0 0 0 0 0 0 0 0 0 0 0 0 0 0 0]
[124669283067362492469025933543363235976967677862330665882635222211 0 0 0 0 0 0 1 0 0 0 0 0 0 0 0 0 0 0 0 0 0]
[685218994366162257996773386406235971937475542895271269826938077363 0 0 0 0 0 0 0 1 0 0 0 0 0 0 0 0 0 0 0 0 0]
[310694965897805320272679259978827389967865879112620981604848579808 0 0 0 0 0 0 0 0 1 0 0 0 0 0 0 0 0 0 0 0 0]
[482939487469300272134518555135384198005361321361892561859737954307 0 0 0 0 0 0 0 0 0 1 0 0 0 0 0 0 0 0 0 0 0]
[143089532908954463476473050615248075945770572521526550885881916312 0 0 0 0 0 0 0 0 0 0 1 0 0 0 0 0 0 0 0 0 0]
[186877717943186952754143503794875026791554933404068625373939294493 0 0 0 0 0 0 0 0 0 0 0 1 0 0 0 0 0 0 0 0 0]
[412063511144904071292901657347229359188897413742858186931933726021 0 0 0 0 0 0 0 0 0 0 0 0 1 0 0 0 0 0 0 0 0]
[657746982239283187169662311110914894231756776092558176215809230460 0 0 0 0 0 0 0 0 0 0 0 0 0 1 0 0 0 0 0 0 0]
[114042976671233871631213757368652865425934216934355796121691749281 0 0 0 0 0 0 0 0 0 0 0 0 0 0 1 0 0 0 0 0 0]
[1149601423161273487515411917260606616335104121164653070729182732341 0 0 0 0 0 0 0 0 0 0 0 0 0 0 0 1 0 0 0 0 0]
[1107968483892955258846150014546978028270128308313559322490395310032 0 0 0 0 0 0 0 0 0 0 0 0 0 0 0 0 1 0 0 0 0]
[923144515606395864572782507970356462061960462187761383951411480046 0 0 0 0 0 0 0 0 0 0 0 0 0 0 0 0 0 1 0 0 0]
[299092124894408781152590286693797682670136798098067803704496046464 0 0 0 0 0 0 0 0 0 0 0 0 0 0 0 0 0 0 1 0 0]
[99229299075064934675941207296554963647477290001086648928437386833 0 0 0 0 0 0 0 0 0 0 0 0 0 0 0 0 0 0 0 1 0]
[271543426900797382314021890829509827569488811224629121011084909238 0 0 0 0 0 0 0 0 0 0 0 0 0 0 0 0 0 0 0 0 1]
]
