[[1665030409160772783909316241640384363090795475590312672243967833061 0 0 0 0 0 0 0 0 0 0 0 0 0 0 0 0 0 0 0 0 0]
[124879624804799627715078135912636089067198496330514488550521242704 1 0 0 0 0 0 0 0 0 0 0 0 0 0 0 0 0 0 0 0 0]
[1433889241475789949567875640113828523011957183933987755367876001205 0 1 0 0 0 0 0 0 0 0 0 0 0 0 0 0 0 0 0 0 0]
[1233586541550760354440963899802939207180457205185598961771766600074 0 0 1 0 0 0 0 0 0 0 0 0 0 0 0 0 0 0 0 0 0]
[110983278527718248777107685312079411954278511067345369824179334743 0 0 0 1 0 0 0 0 0 0 0 0 0 0 0 0 0 0 0 0 0]
[1097380775340728086491827598556621621428925062916249582327048709835 0 0 0 0 1 0 0 0 0 0 0 0 0 0 0 0 0 0 0 0 0]
[462034617493494695794055792650677828099398319463294454794173361018 0 0 0 0 0 1 0 0 0 0 0 0 0 0 0 0 0 0 0 0 0]
[32839889347834296680628122655964837426137617459944456157866337519 0 0 0 0 0 0 1 0 0 0 0 0 0 0 0 0 0 0 0 0 0]
[855284400430502986437337085740516166962113799511119224795931324364 0 0 0 0 0 0 0 1 0 0 0 0 0 0 0 0 0 0 0 0 0]
[197864379158894650793920540693920621532211416026737997223471354429 0 0 0 0 0 0 0 0 1 0 0 0 0 0 0 0 0 0 0 0 0]
[284688925582092357032956349002724992718186217260762325640175210965 0 0 0 0 0 0 0 0 0 1 0 0 0 0 0 0 0 0 0 0 0]
[523921266520694825316280746430542225657962028196298624018958256168 0 0 0 0 0 0 0 0 0 0 1 0 0 0 0 0 0 0 0 0 0]
[791820983099529000408143167389055714779331455624044584026896875227 0 0 0 0 0 0 0 0 0 0 0 1 0 0 0 0 0 0 0 0 0]
[436187034240058864680836581049117441005894387868575643696043616894 0 0 0 0 0 0 0 0 0 0 0 0 1 0 0 0 0 0 0 0 0]
[141343737171065845502724367989983959322899326148851339785349395030 0 0 0 0 0 0 0 0 0 0 0 0 0 1 0 0 0 0 0 0 0]
[496121637009170503915111771983304269226904863398521046991893694661 0 0 0 0 0 0 0 0 0 0 0 0 0 0 1 0 0 0 0 0 0]
[973392421228780571943093965784142597113920150434961167358539948652 0 0 0 0 0 0 0 0 0 0 0 0 0 0 0 1 0 0 0 0 0]
[917996573087526771704264820634317007176292898474415480326309643088 0 0 0 0 0 0 0 0 0 0 0 0 0 0 0 0 1 0 0 0 0]
[374804129938772742838864740953541398300654262712552645707746803484 0 0 0 0 0 0 0 0 0 0 0 0 0 0 0 0 0 1 0 0 0]
[1297840874865048782483028092202448751309031694274564799849977744699 0 0 0 0 0 0 0 0 0 0 0 0 0 0 0 0 0 0 1 0 0]
[1126006108253224350064434399551402162212891297288347642045388890914 0 0 0 0 0 0 0 0 0 0 0 0 0 0 0 0 0 0 0 1 0]
[459931514172974409394050206290769655893062922114094583575360732156 0 0 0 0 0 0 0 0 0 0 0 0 0 0 0 0 0 0 0 0 1]
]
