[[1391644639365899325665671418967999851366866933944610152222055670359 0 0 0 0 0 0 0 0 0 0 0 0 0 0 0 0 0 0 0 0 0]
[699907962440997329720872547154129151379477612668609966022203423877 1 0 0 0 0 0 0 0 0 0 0 0 0 0 0 0 0 0 0 0 0]
[315572575851917318863969876117457647047196119779674966107807198277 0 1 0 0 0 0 0 0 0 0 0 0 0 0 0 0 0 0 0 0 0]
[1028387035640136742415798622431891365745962325426896427475284367506 0 0 1 0 0 0 0 0 0 0 0 0 0 0 0 0 0 0 0 0 0]
[1278822651183069524949481049568347499161692418655046322218412352695 0 0 0 1 0 0 0 0 0 0 0 0 0 0 0 0 0 0 0 0 0]
[1182737304913046325931224825487335165213410603924658527169568005051 0 0 0 0 1 0 0 0 0 0 0 0 0 0 0 0 0 0 0 0 0]
[755548468322585506970271458410578409969148296104959189074852755138 0 0 0 0 0 1 0 0 0 0 0 0 0 0 0 0 0 0 0 0 0]
[683351878850875560102802247095582883312403345727125988055667472519 0 0 0 0 0 0 1 0 0 0 0 0 0 0 0 0 0 0 0 0 0]
[1282236029953250135934224333556378315798721549340539300880853373357 0 0 0 0 0 0 0 1 0 0 0 0 0 0 0 0 0 0 0 0 0]
[746042704715366272029611381412332887253772988653731600234655418006 0 0 0 0 0 0 0 0 1 0 0 0 0 0 0 0 0 0 0 0 0]
[156819461681985348542730490209557207300621867899258440330819182353 0 0 0 0 0 0 0 0 0 1 0 0 0 0 0 0 0 0 0 0 0]
[272679890265897007700397584020296395636226796900665121542203787654 0 0 0 0 0 0 0 0 0 0 1 0 0 0 0 0 0 0 0 0 0]
[1018753792287380122896636957728974264903688443730213890895632545941 0 0 0 0 0 0 0 0 0 0 0 1 0 0 0 0 0 0 0 0 0]
[1289918889004731237121432473643676336470833856059483161942639364369 0 0 0 0 0 0 0 0 0 0 0 0 1 0 0 0 0 0 0 0 0]
[319837958674322456809764125452510263793461879593910136352928400626 0 0 0 0 0 0 0 0 0 0 0 0 0 1 0 0 0 0 0 0 0]
[841444064566742822759664937234731102121284280652419505753027624011 0 0 0 0 0 0 0 0 0 0 0 0 0 0 1 0 0 0 0 0 0]
[837801931433370520405546251438405296566710811083602574129880585062 0 0 0 0 0 0 0 0 0 0 0 0 0 0 0 1 0 0 0 0 0]
[119365629052415677080101789662145297190883887100599962057287171661 0 0 0 0 0 0 0 0 0 0 0 0 0 0 0 0 1 0 0 0 0]
[684043993020485570214761744458898374086735064943042163217006710984 0 0 0 0 0 0 0 0 0 0 0 0 0 0 0 0 0 1 0 0 0]
[1134287181091985473514185472312080649340735482142521957434858197962 0 0 0 0 0 0 0 0 0 0 0 0 0 0 0 0 0 0 1 0 0]
[949567754974031153425890985462503292734980238628342720646185541065 0 0 0 0 0 0 0 0 0 0 0 0 0 0 0 0 0 0 0 1 0]
[23430136995380842453537667093259211931807325380823470492887896481 0 0 0 0 0 0 0 0 0 0 0 0 0 0 0 0 0 0 0 0 1]
]
