[[1387747241566462242770057806817491779835094525452502023578260181439 0 0 0 0 0 0 0 0 0 0 0 0 0 0 0 0 0 0 0 0 0]
[202751970077881596613740476516593213706429403575923565052419187638 1 0 0 0 0 0 0 0 0 0 0 0 0 0 0 0 0 0 0 0 0]
[828319063044840978618176539033791173813995682542489566741908701846 0 1 0 0 0 0 0 0 0 0 0 0 0 0 0 0 0 0 0 0 0]
[14840021025399423497641642713770283130714653689611156889846240735 0 0 1 0 0 0 0 0 0 0 0 0 0 0 0 0 0 0 0 0 0]
[94674081607456157268127728143676146770059765248201098092411870465 0 0 0 1 0 0 0 0 0 0 0 0 0 0 0 0 0 0 0 0 0]
[958502671757840363482178308513460197010282378943262406717170218794 0 0 0 0 1 0 0 0 0 0 0 0 0 0 0 0 0 0 0 0 0]
[455028867999925896488508374467765447559370328976608710569829142299 0 0 0 0 0 1 0 0 0 0 0 0 0 0 0 0 0 0 0 0 0]
[428347537708183252372228372647786952033187664166663235661539720886 0 0 0 0 0 0 1 0 0 0 0 0 0 0 0 0 0 0 0 0 0]
[440505765430656458389868665969104388596671933547485736902969149394 0 0 0 0 0 0 0 1 0 0 0 0 0 0 0 0 0 0 0 0 0]
[396335610047239474392945672608763883972750908314069300966537656863 0 0 0 0 0 0 0 0 1 0 0 0 0 0 0 0 0 0 0 0 0]
[1026188730528268107673868648648682445522495593968569666749913021933 0 0 0 0 0 0 0 0 0 1 0 0 0 0 0 0 0 0 0 0 0]
[402688967930417733577634951320107945272658421765536271505994736201 0 0 0 0 0 0 0 0 0 0 1 0 0 0 0 0 0 0 0 0 0]
[811745736366201136872794938362400312861117601849061148586398501257 0 0 0 0 0 0 0 0 0 0 0 1 0 0 0 0 0 0 0 0 0]
[19491971686459989229011210449422293074848743185586780151765585974 0 0 0 0 0 0 0 0 0 0 0 0 1 0 0 0 0 0 0 0 0]
[1165625549048340511244256605550643622954720978579530886248064463360 0 0 0 0 0 0 0 0 0 0 0 0 0 1 0 0 0 0 0 0 0]
[1385534312453213725092999262035607412934160321244965025504410767887 0 0 0 0 0 0 0 0 0 0 0 0 0 0 1 0 0 0 0 0 0]
[63213858868705227109451207994276406779760654041636170212523489061 0 0 0 0 0 0 0 0 0 0 0 0 0 0 0 1 0 0 0 0 0]
[1345629376812995302772678394502017028119553496128148784994042661267 0 0 0 0 0 0 0 0 0 0 0 0 0 0 0 0 1 0 0 0 0]
[700887712231316681855729542097202314607629888068577847928930817545 0 0 0 0 0 0 0 0 0 0 0 0 0 0 0 0 0 1 0 0 0]
[1311591056620998986873825636093454271718461015856391876736302863504 0 0 0 0 0 0 0 0 0 0 0 0 0 0 0 0 0 0 1 0 0]
[1310988890869094633416316042486338112366447856934050079675328681027 0 0 0 0 0 0 0 0 0 0 0 0 0 0 0 0 0 0 0 1 0]
[697187659028711695120988993735603204634322842515870181482024732927 0 0 0 0 0 0 0 0 0 0 0 0 0 0 0 0 0 0 0 0 1]
]
