[[1076783389126909558957849626071317656457148015017359246255383059307 0 0 0 0 0 0 0 0 0 0 0 0 0 0 0 0 0 0 0 0 0]
[561219547397658011771114073247606807897512514703650435660670643403 1 0 0 0 0 0 0 0 0 0 0 0 0 0 0 0 0 0 0 0 0]
[496348553614026682642735382111879650788782792921864025447154839128 0 1 0 0 0 0 0 0 0 0 0 0 0 0 0 0 0 0 0 0 0]
[104564307667893914232146158064146222277283698743572428301213562074 0 0 1 0 0 0 0 0 0 0 0 0 0 0 0 0 0 0 0 0 0]
[751449089662371030333791434892637634012342228124454941061635652509 0 0 0 1 0 0 0 0 0 0 0 0 0 0 0 0 0 0 0 0 0]
[4513813781996695797835361317444583163650798731004786415059338106 0 0 0 0 1 0 0 0 0 0 0 0 0 0 0 0 0 0 0 0 0]
[761797675046106043466817535935524206662997668988784174691111784402 0 0 0 0 0 1 0 0 0 0 0 0 0 0 0 0 0 0 0 0 0]
[62942124410584190101743167956871455886835823143196925931335608436 0 0 0 0 0 0 1 0 0 0 0 0 0 0 0 0 0 0 0 0 0]
[135967095138141861317707780835023312989253454579560467134052230014 0 0 0 0 0 0 0 1 0 0 0 0 0 0 0 0 0 0 0 0 0]
[584746731363588838036458897006174888584994696407199832735173067542 0 0 0 0 0 0 0 0 1 0 0 0 0 0 0 0 0 0 0 0 0]
[612831323217245767675456050835332614215747320698243757293833461839 0 0 0 0 0 0 0 0 0 1 0 0 0 0 0 0 0 0 0 0 0]
[652250607324188921519428156598309565466458866802626793006673497963 0 0 0 0 0 0 0 0 0 0 1 0 0 0 0 0 0 0 0 0 0]
[608045531156468288967608797404918824509652948822081931774639145870 0 0 0 0 0 0 0 0 0 0 0 1 0 0 0 0 0 0 0 0 0]
[581659914388071576749686127228252692283630999228180394887017478773 0 0 0 0 0 0 0 0 0 0 0 0 1 0 0 0 0 0 0 0 0]
[526521742046018470004098835008679224281192032502226244410583148479 0 0 0 0 0 0 0 0 0 0 0 0 0 1 0 0 0 0 0 0 0]
[114532182481961899796973635558103977468164180193400725546054815242 0 0 0 0 0 0 0 0 0 0 0 0 0 0 1 0 0 0 0 0 0]
[497088610778884635258251081332950535684051061570229172061426917853 0 0 0 0 0 0 0 0 0 0 0 0 0 0 0 1 0 0 0 0 0]
[800648976371048959713977067878293560618593384108652206165699251309 0 0 0 0 0 0 0 0 0 0 0 0 0 0 0 0 1 0 0 0 0]
[324342003692552060725246701285438311012752461842528307365584944382 0 0 0 0 0 0 0 0 0 0 0 0 0 0 0 0 0 1 0 0 0]
[488463963378889833604792236802734414335957018003936595086886594329 0 0 0 0 0 0 0 0 0 0 0 0 0 0 0 0 0 0 1 0 0]
[462134316036953124200774342800160917081258732730201530814718329912 0 0 0 0 0 0 0 0 0 0 0 0 0 0 0 0 0 0 0 1 0]
[776200010711228329863778767645291051265243033402663941479117734127 0 0 0 0 0 0 0 0 0 0 0 0 0 0 0 0 0 0 0 0 1]
]
