[[1358112283205817900633966911683329979731471918907495914531803551003 0 0 0 0 0 0 0 0 0 0 0 0 0 0 0 0 0 0 0 0 0]
[406069815781111711252258783023372911881428270102772184813310954900 1 0 0 0 0 0 0 0 0 0 0 0 0 0 0 0 0 0 0 0 0]
[1327765186611412143539140560218094652746514729435257146989451162166 0 1 0 0 0 0 0 0 0 0 0 0 0 0 0 0 0 0 0 0 0]
[1171461475758607315559083868158448677525769266392706151708942411411 0 0 1 0 0 0 0 0 0 0 0 0 0 0 0 0 0 0 0 0 0]
[834589560557065899027191358241559576331867463591080987457377252242 0 0 0 1 0 0 0 0 0 0 0 0 0 0 0 0 0 0 0 0 0]
[548935808181833778700885866019526600493816479908424030553152802045 0 0 0 0 1 0 0 0 0 0 0 0 0 0 0 0 0 0 0 0 0]
[880021898188405367071621879363946760909120892879452625372086143915 0 0 0 0 0 1 0 0 0 0 0 0 0 0 0 0 0 0 0 0 0]
[513360964037078024068641512673887117542462929690540330213364329338 0 0 0 0 0 0 1 0 0 0 0 0 0 0 0 0 0 0 0 0 0]
[932884417368704101142696630085919134559027196519149572585245098592 0 0 0 0 0 0 0 1 0 0 0 0 0 0 0 0 0 0 0 0 0]
[685737928988211275529060591016653132908191131242697522816823316719 0 0 0 0 0 0 0 0 1 0 0 0 0 0 0 0 0 0 0 0 0]
[558562552389005710117147778060424922149791025827430701878836390289 0 0 0 0 0 0 0 0 0 1 0 0 0 0 0 0 0 0 0 0 0]
[1155674485345717164401523624445695121758198292964383874002600224326 0 0 0 0 0 0 0 0 0 0 1 0 0 0 0 0 0 0 0 0 0]
[923153771346092933608633030908136459572590244437291715171799383176 0 0 0 0 0 0 0 0 0 0 0 1 0 0 0 0 0 0 0 0 0]
[557560199811134077692656694815744452901580399733076094118155291380 0 0 0 0 0 0 0 0 0 0 0 0 1 0 0 0 0 0 0 0 0]
[858211539067186214479779812618341928703724712363758272301251898713 0 0 0 0 0 0 0 0 0 0 0 0 0 1 0 0 0 0 0 0 0]
[868707335833445999712719130674668476719140484741364651450507168711 0 0 0 0 0 0 0 0 0 0 0 0 0 0 1 0 0 0 0 0 0]
[1014290132455543383922266283051289726266512442383071032767010683995 0 0 0 0 0 0 0 0 0 0 0 0 0 0 0 1 0 0 0 0 0]
[703059170564394679603689062231469810199271168422897070399402870743 0 0 0 0 0 0 0 0 0 0 0 0 0 0 0 0 1 0 0 0 0]
[410273763362621979381293616567271001651890967351913326338166470683 0 0 0 0 0 0 0 0 0 0 0 0 0 0 0 0 0 1 0 0 0]
[972846424815574525295152232797889815559225884471302110220147854249 0 0 0 0 0 0 0 0 0 0 0 0 0 0 0 0 0 0 1 0 0]
[53602896463971464114687632682531255231594993547270427190666637104 0 0 0 0 0 0 0 0 0 0 0 0 0 0 0 0 0 0 0 1 0]
[649883224878848130778052530303509129249847647329159266304867662127 0 0 0 0 0 0 0 0 0 0 0 0 0 0 0 0 0 0 0 0 1]
]
