[[1498146223336879218528857048240073083361438456341471132128501529333 0 0 0 0 0 0 0 0 0 0 0 0 0 0 0 0 0 0 0 0 0]
[254120850387916416001496882890956419046081631376312535144724357689 1 0 0 0 0 0 0 0 0 0 0 0 0 0 0 0 0 0 0 0 0]
[1211019731970199739735527062359947596908863474900329467763122041102 0 1 0 0 0 0 0 0 0 0 0 0 0 0 0 0 0 0 0 0 0]
[56692683946216543358998953027518575525403812191899391821669045792 0 0 1 0 0 0 0 0 0 0 0 0 0 0 0 0 0 0 0 0 0]
[552423525491676268170799688524353561966107603527898056390089671344 0 0 0 1 0 0 0 0 0 0 0 0 0 0 0 0 0 0 0 0 0]
[885058159942700314505517641330049279566895612438577624408277258954 0 0 0 0 1 0 0 0 0 0 0 0 0 0 0 0 0 0 0 0 0]
[1051010203711445292073947969731863369745117431656104855122624614821 0 0 0 0 0 1 0 0 0 0 0 0 0 0 0 0 0 0 0 0 0]
[63456171425617189784844353940311367706787229194835465572315955949 0 0 0 0 0 0 1 0 0 0 0 0 0 0 0 0 0 0 0 0 0]
[735366371597402113043718561798472425658605184900439357246379111094 0 0 0 0 0 0 0 1 0 0 0 0 0 0 0 0 0 0 0 0 0]
[129936044864898228062957407789387345753478240044429647034468094315 0 0 0 0 0 0 0 0 1 0 0 0 0 0 0 0 0 0 0 0 0]
[820288463581794086158190379314858571399920678644233971866056555924 0 0 0 0 0 0 0 0 0 1 0 0 0 0 0 0 0 0 0 0 0]
[797784537907858648408271503980745797242221653451030373818074593258 0 0 0 0 0 0 0 0 0 0 1 0 0 0 0 0 0 0 0 0 0]
[1040485380392457363998520484445743479950589478539272146864856205542 0 0 0 0 0 0 0 0 0 0 0 1 0 0 0 0 0 0 0 0 0]
[1013990817239563472329935257148937530317537783102670370090497472420 0 0 0 0 0 0 0 0 0 0 0 0 1 0 0 0 0 0 0 0 0]
[638314815873284001833895411721185401241117535757491415303384910812 0 0 0 0 0 0 0 0 0 0 0 0 0 1 0 0 0 0 0 0 0]
[302208247709602584238691106921430342587242909374732874041133856855 0 0 0 0 0 0 0 0 0 0 0 0 0 0 1 0 0 0 0 0 0]
[1153361512126079697291722140567412630403059794988699499515773591279 0 0 0 0 0 0 0 0 0 0 0 0 0 0 0 1 0 0 0 0 0]
[228537371924294041353569597885723506280792521657053768027926320047 0 0 0 0 0 0 0 0 0 0 0 0 0 0 0 0 1 0 0 0 0]
[674548106108687831921306193149875110959477863076940787912152880412 0 0 0 0 0 0 0 0 0 0 0 0 0 0 0 0 0 1 0 0 0]
[1467731429577484400622515945569419599411443770423469989754375205641 0 0 0 0 0 0 0 0 0 0 0 0 0 0 0 0 0 0 1 0 0]
[543853172973364691825164743700369485221104878507064986232540824876 0 0 0 0 0 0 0 0 0 0 0 0 0 0 0 0 0 0 0 1 0]
[1373254568025591716830137369705094822150673878809482998458795897559 0 0 0 0 0 0 0 0 0 0 0 0 0 0 0 0 0 0 0 0 1]
]
