[[1608434714234625614842595327706744309361257192255577172825610396527 0 0 0 0 0 0 0 0 0 0 0 0 0 0 0 0 0 0 0 0 0]
[1384581059505997515828132453786187951235710644282577215767884159077 1 0 0 0 0 0 0 0 0 0 0 0 0 0 0 0 0 0 0 0 0]
[1063219038216082758900730020414714533290274252494865935866399588704 0 1 0 0 0 0 0 0 0 0 0 0 0 0 0 0 0 0 0 0 0]
[570537417853873949707301443912393963490809641173715048185966024355 0 0 1 0 0 0 0 0 0 0 0 0 0 0 0 0 0 0 0 0 0]
[1217852036109142823611049743918171019555460191189661863729777546725 0 0 0 1 0 0 0 0 0 0 0 0 0 0 0 0 0 0 0 0 0]
[359861924527073628661611053305906711612179999727331236931936117560 0 0 0 0 1 0 0 0 0 0 0 0 0 0 0 0 0 0 0 0 0]
[1087000180956884739140978314286687748787651004894881043353227976213 0 0 0 0 0 1 0 0 0 0 0 0 0 0 0 0 0 0 0 0 0]
[1505047243967211265607563005610845316091859895543480862181228708006 0 0 0 0 0 0 1 0 0 0 0 0 0 0 0 0 0 0 0 0 0]
[881634104866739924621919783229734275220620764287656076904859977267 0 0 0 0 0 0 0 1 0 0 0 0 0 0 0 0 0 0 0 0 0]
[1159915876390822168047712217556798375121701731423457896917001058914 0 0 0 0 0 0 0 0 1 0 0 0 0 0 0 0 0 0 0 0 0]
[1116254764225004353033353511892892009112208824802346256482844800678 0 0 0 0 0 0 0 0 0 1 0 0 0 0 0 0 0 0 0 0 0]
[501232951628388238326233037505108304451602375967050050790152039105 0 0 0 0 0 0 0 0 0 0 1 0 0 0 0 0 0 0 0 0 0]
[1345451103998674999166804475649260829864612935765450490515628744629 0 0 0 0 0 0 0 0 0 0 0 1 0 0 0 0 0 0 0 0 0]
[1357180326523144697922883740568793615813438233093612008276802023557 0 0 0 0 0 0 0 0 0 0 0 0 1 0 0 0 0 0 0 0 0]
[177564955712586060148101651894188246893987154389630174491550914292 0 0 0 0 0 0 0 0 0 0 0 0 0 1 0 0 0 0 0 0 0]
[300549014076212164703985851935513353194861158323519969911284780750 0 0 0 0 0 0 0 0 0 0 0 0 0 0 1 0 0 0 0 0 0]
[1576272328670265723176879889442039373828522481676896654649874558253 0 0 0 0 0 0 0 0 0 0 0 0 0 0 0 1 0 0 0 0 0]
[35203809003019746593015201057078536834525413278754552629760218814 0 0 0 0 0 0 0 0 0 0 0 0 0 0 0 0 1 0 0 0 0]
[1168381385896653831498699623541306431385344438022249969585412490302 0 0 0 0 0 0 0 0 0 0 0 0 0 0 0 0 0 1 0 0 0]
[603587657489161243153503225640613342913843775459936192206167677800 0 0 0 0 0 0 0 0 0 0 0 0 0 0 0 0 0 0 1 0 0]
[1303389030521964729319999435740643528710682312015323109108836250092 0 0 0 0 0 0 0 0 0 0 0 0 0 0 0 0 0 0 0 1 0]
[748495609673588639553379213794313533758255993136278411289433601606 0 0 0 0 0 0 0 0 0 0 0 0 0 0 0 0 0 0 0 0 1]
]
