[[1322867565919357980527713222804703091791108200046199408998312900863 0 0 0 0 0 0 0 0 0 0 0 0 0 0 0 0 0 0 0 0 0]
[398239276860086517268818877274812044316807409881252590256225817465 1 0 0 0 0 0 0 0 0 0 0 0 0 0 0 0 0 0 0 0 0]
[275671487118361629133421202174727858050764129134160897691868659570 0 1 0 0 0 0 0 0 0 0 0 0 0 0 0 0 0 0 0 0 0]
[897875258764273161807084327842986415479684704163910178956280489577 0 0 1 0 0 0 0 0 0 0 0 0 0 0 0 0 0 0 0 0 0]
[395124857131530311389805279093053477553736325979335683777626707030 0 0 0 1 0 0 0 0 0 0 0 0 0 0 0 0 0 0 0 0 0]
[633623285452758780907364824710819000840565912139212809750993717742 0 0 0 0 1 0 0 0 0 0 0 0 0 0 0 0 0 0 0 0 0]
[771284801035037940522475279454939732184071619920881592081290158222 0 0 0 0 0 1 0 0 0 0 0 0 0 0 0 0 0 0 0 0 0]
[1085577126564206435058327732594220106919031226979329917458687890350 0 0 0 0 0 0 1 0 0 0 0 0 0 0 0 0 0 0 0 0 0]
[909637256208813645325423682926329954896378193683133447924614048759 0 0 0 0 0 0 0 1 0 0 0 0 0 0 0 0 0 0 0 0 0]
[452644537176270071140142127324415237269901348844407828843014049476 0 0 0 0 0 0 0 0 1 0 0 0 0 0 0 0 0 0 0 0 0]
[926652688029907964248501552110977937041465837672995158922827799835 0 0 0 0 0 0 0 0 0 1 0 0 0 0 0 0 0 0 0 0 0]
[1084983527295289324002275653175298421460914079243065803613413125093 0 0 0 0 0 0 0 0 0 0 1 0 0 0 0 0 0 0 0 0 0]
[413958344937901446827010052753596712568881656883767861182432469034 0 0 0 0 0 0 0 0 0 0 0 1 0 0 0 0 0 0 0 0 0]
[382228242068712212348730724095472190696339053235695729704585407373 0 0 0 0 0 0 0 0 0 0 0 0 1 0 0 0 0 0 0 0 0]
[64316181896817931999719110376741080065160171512213373464213193027 0 0 0 0 0 0 0 0 0 0 0 0 0 1 0 0 0 0 0 0 0]
[267141370754889236503936455393876108304800582200850014661081732949 0 0 0 0 0 0 0 0 0 0 0 0 0 0 1 0 0 0 0 0 0]
[296969155510118269079199646655557707157677473863296407233208059551 0 0 0 0 0 0 0 0 0 0 0 0 0 0 0 1 0 0 0 0 0]
[863922859381297761553701556949745874657035151548657585381203634812 0 0 0 0 0 0 0 0 0 0 0 0 0 0 0 0 1 0 0 0 0]
[893259874522098961889915095298399717711139394706166952248868995612 0 0 0 0 0 0 0 0 0 0 0 0 0 0 0 0 0 1 0 0 0]
[139494475188269438413607787473862719989304293756546423124551708050 0 0 0 0 0 0 0 0 0 0 0 0 0 0 0 0 0 0 1 0 0]
[272969521750810559820331898569261854558586198970958864248757126501 0 0 0 0 0 0 0 0 0 0 0 0 0 0 0 0 0 0 0 1 0]
[828072555803245349460041680907535244457971337585857754550263092944 0 0 0 0 0 0 0 0 0 0 0 0 0 0 0 0 0 0 0 0 1]
]
