[[1508758556164642805065867598424785890098252252266952588708209056541 0 0 0 0 0 0 0 0 0 0 0 0 0 0 0 0 0 0 0 0 0]
[492644984075015658607692784773407970635057539639890782780090814247 1 0 0 0 0 0 0 0 0 0 0 0 0 0 0 0 0 0 0 0 0]
[1003418262692381107399433145493549355852851599624090558431354780429 0 1 0 0 0 0 0 0 0 0 0 0 0 0 0 0 0 0 0 0 0]
[150366649024731796357391291056299900683920337887483054330190086134 0 0 1 0 0 0 0 0 0 0 0 0 0 0 0 0 0 0 0 0 0]
[1438729948082353032054976405223787308156736572528809075140998471043 0 0 0 1 0 0 0 0 0 0 0 0 0 0 0 0 0 0 0 0 0]
[1015656197067373699655345803463766202940105955119839090520873150553 0 0 0 0 1 0 0 0 0 0 0 0 0 0 0 0 0 0 0 0 0]
[1297225348515564294521358295199629462892518678882302440575031076934 0 0 0 0 0 1 0 0 0 0 0 0 0 0 0 0 0 0 0 0 0]
[149618657384426926155442258555735056804223115400428256099118587912 0 0 0 0 0 0 1 0 0 0 0 0 0 0 0 0 0 0 0 0 0]
[50480048577205510523537074041515374674114171613809985944204315904 0 0 0 0 0 0 0 1 0 0 0 0 0 0 0 0 0 0 0 0 0]
[454131102426406771646687744578928516857775923511330401832077588227 0 0 0 0 0 0 0 0 1 0 0 0 0 0 0 0 0 0 0 0 0]
[658350648530659828662356018024282230095376321261258543933431379788 0 0 0 0 0 0 0 0 0 1 0 0 0 0 0 0 0 0 0 0 0]
[726736081663281967759197628575851619405877469274338637400117106013 0 0 0 0 0 0 0 0 0 0 1 0 0 0 0 0 0 0 0 0 0]
[739806789607174564389157344210758369793719288234688486293609485344 0 0 0 0 0 0 0 0 0 0 0 1 0 0 0 0 0 0 0 0 0]
[777689531077126408445185386244556932740724568383464125970523336636 0 0 0 0 0 0 0 0 0 0 0 0 1 0 0 0 0 0 0 0 0]
[597450367115554809745958023881220374279176909417922964831803682054 0 0 0 0 0 0 0 0 0 0 0 0 0 1 0 0 0 0 0 0 0]
[386362011824064677675988220600240459737999144158439542882079303604 0 0 0 0 0 0 0 0 0 0 0 0 0 0 1 0 0 0 0 0 0]
[566628458522705064104462772241150909798667719947422412370609327941 0 0 0 0 0 0 0 0 0 0 0 0 0 0 0 1 0 0 0 0 0]
[499441782354251657359069749873831928868336824245231848373817069543 0 0 0 0 0 0 0 0 0 0 0 0 0 0 0 0 1 0 0 0 0]
[1202836231422091453530977954712405653826013268314749307648274475061 0 0 0 0 0 0 0 0 0 0 0 0 0 0 0 0 0 1 0 0 0]
[44193367633862326809229490171752899732656919902965614386490716099 0 0 0 0 0 0 0 0 0 0 0 0 0 0 0 0 0 0 1 0 0]
[1342197580093062763740529314370147769263218216374063020175607903523 0 0 0 0 0 0 0 0 0 0 0 0 0 0 0 0 0 0 0 1 0]
[16014096526066651798687523704007873288333535411910619823464153957 0 0 0 0 0 0 0 0 0 0 0 0 0 0 0 0 0 0 0 0 1]
]
