[[1521930507211496752151201445629159662625616426113024692166815376299 0 0 0 0 0 0 0 0 0 0 0 0 0 0 0 0 0 0 0 0 0]
[1014753922381033101313757195076604518747770299164501181841650508331 1 0 0 0 0 0 0 0 0 0 0 0 0 0 0 0 0 0 0 0 0]
[124292623484854769287934647167464244998805708042033778801839549870 0 1 0 0 0 0 0 0 0 0 0 0 0 0 0 0 0 0 0 0 0]
[432502677238097089378637983085746342759736107509173580980752043919 0 0 1 0 0 0 0 0 0 0 0 0 0 0 0 0 0 0 0 0 0]
[1089522943273250877196770262026626131562172753824254406109416447926 0 0 0 1 0 0 0 0 0 0 0 0 0 0 0 0 0 0 0 0 0]
[1421420939595834854630827091130125745323877696756609681154541451514 0 0 0 0 1 0 0 0 0 0 0 0 0 0 0 0 0 0 0 0 0]
[890244901260565406859655824923852458234097776216733555031939835763 0 0 0 0 0 1 0 0 0 0 0 0 0 0 0 0 0 0 0 0 0]
[76398801182771196799915761672304088771764858321015057483100157702 0 0 0 0 0 0 1 0 0 0 0 0 0 0 0 0 0 0 0 0 0]
[921233847128912346921742799058392546107575731016336291720895530290 0 0 0 0 0 0 0 1 0 0 0 0 0 0 0 0 0 0 0 0 0]
[847931700490888195244826348138230798507860192609618453317968577350 0 0 0 0 0 0 0 0 1 0 0 0 0 0 0 0 0 0 0 0 0]
[1473895888612739171216865190127302924320311879325066435391414526877 0 0 0 0 0 0 0 0 0 1 0 0 0 0 0 0 0 0 0 0 0]
[416101971675948499937418283086900672533204998094618407457864132417 0 0 0 0 0 0 0 0 0 0 1 0 0 0 0 0 0 0 0 0 0]
[1269980614146755110213828732938739935809820498752150319729847298457 0 0 0 0 0 0 0 0 0 0 0 1 0 0 0 0 0 0 0 0 0]
[165093251282661399964220388357797183659617496899969992731464636626 0 0 0 0 0 0 0 0 0 0 0 0 1 0 0 0 0 0 0 0 0]
[234546563572932527011223979994172661059533405287861712148347210958 0 0 0 0 0 0 0 0 0 0 0 0 0 1 0 0 0 0 0 0 0]
[1346136254989346562945833399419343133558825471637758976905758538655 0 0 0 0 0 0 0 0 0 0 0 0 0 0 1 0 0 0 0 0 0]
[863305653331871240605894451153952753287016982027441671560569415209 0 0 0 0 0 0 0 0 0 0 0 0 0 0 0 1 0 0 0 0 0]
[21469152689834374805657867733938404479053525615727773272478371288 0 0 0 0 0 0 0 0 0 0 0 0 0 0 0 0 1 0 0 0 0]
[354098375300661734017948581385965207189995315140976086413529886274 0 0 0 0 0 0 0 0 0 0 0 0 0 0 0 0 0 1 0 0 0]
[458433021959848474218895765905286039767563824178664064110503911755 0 0 0 0 0 0 0 0 0 0 0 0 0 0 0 0 0 0 1 0 0]
[16586043314734708455258005185387306608671942990740297367944330766 0 0 0 0 0 0 0 0 0 0 0 0 0 0 0 0 0 0 0 1 0]
[450640065351643094908198658989407090090085673737965433435339326719 0 0 0 0 0 0 0 0 0 0 0 0 0 0 0 0 0 0 0 0 1]
]
