[[963968850079122810775891832414475120670590531745472970442513727333 0 0 0 0 0 0 0 0 0 0 0 0 0 0 0 0 0 0 0 0 0]
[838047132428858287509840191003199648480890935896915162031199959198 1 0 0 0 0 0 0 0 0 0 0 0 0 0 0 0 0 0 0 0 0]
[48327003367320495737371922231552389586316596914220315784928933473 0 1 0 0 0 0 0 0 0 0 0 0 0 0 0 0 0 0 0 0 0]
[751751255351377246658221567997837814301279192812220682899598610065 0 0 1 0 0 0 0 0 0 0 0 0 0 0 0 0 0 0 0 0 0]
[50157790376718353585402607191311268578834779797605624219021186069 0 0 0 1 0 0 0 0 0 0 0 0 0 0 0 0 0 0 0 0 0]
[185383897228517628748463293877264433486787425154280515366338746582 0 0 0 0 1 0 0 0 0 0 0 0 0 0 0 0 0 0 0 0 0]
[260672025200534995695381669728357326226312555797027764466474926775 0 0 0 0 0 1 0 0 0 0 0 0 0 0 0 0 0 0 0 0 0]
[764103673181020833349335755922858288953663853031873553910471305647 0 0 0 0 0 0 1 0 0 0 0 0 0 0 0 0 0 0 0 0 0]
[62911012006218017654132152576782877552575473058832600977752789607 0 0 0 0 0 0 0 1 0 0 0 0 0 0 0 0 0 0 0 0 0]
[387207973852076897991171594762916033856783302869822115190068277179 0 0 0 0 0 0 0 0 1 0 0 0 0 0 0 0 0 0 0 0 0]
[867722446445008334411825656452287114481518356440521437684190065574 0 0 0 0 0 0 0 0 0 1 0 0 0 0 0 0 0 0 0 0 0]
[796739113454651477331974487336672841733700748612985330453880955049 0 0 0 0 0 0 0 0 0 0 1 0 0 0 0 0 0 0 0 0 0]
[293624947184684925292861895670625057741506107434072954792617973437 0 0 0 0 0 0 0 0 0 0 0 1 0 0 0 0 0 0 0 0 0]
[878172437164384154450018408830383395906166596895118673414922736905 0 0 0 0 0 0 0 0 0 0 0 0 1 0 0 0 0 0 0 0 0]
[218249026319486972582269862656374795859715845541822492590806327620 0 0 0 0 0 0 0 0 0 0 0 0 0 1 0 0 0 0 0 0 0]
[642318331808447683612528118278825394592197559651862445058440479432 0 0 0 0 0 0 0 0 0 0 0 0 0 0 1 0 0 0 0 0 0]
[353129570187331416252303066951985469006478352204548496984282597554 0 0 0 0 0 0 0 0 0 0 0 0 0 0 0 1 0 0 0 0 0]
[936017260885048503045658727168676606566221639726792646675438642216 0 0 0 0 0 0 0 0 0 0 0 0 0 0 0 0 1 0 0 0 0]
[525725114785166176901055601098048201593515529634041771077736160287 0 0 0 0 0 0 0 0 0 0 0 0 0 0 0 0 0 1 0 0 0]
[354769387102544764653921665486477619619846288975271338117886757787 0 0 0 0 0 0 0 0 0 0 0 0 0 0 0 0 0 0 1 0 0]
[74822215309359865986230010236910219768189597655325879333147799420 0 0 0 0 0 0 0 0 0 0 0 0 0 0 0 0 0 0 0 1 0]
[772207512294702624115903483054692837324306892277222762838955738459 0 0 0 0 0 0 0 0 0 0 0 0 0 0 0 0 0 0 0 0 1]
]
