[[1678670473976962796381119579070362053790538297634998962242203189221 0 0 0 0 0 0 0 0 0 0 0 0 0 0 0 0 0 0 0 0 0]
[224256597118568157931902580624860491147608085906619171117778152739 1 0 0 0 0 0 0 0 0 0 0 0 0 0 0 0 0 0 0 0 0]
[476088900118783722840734403833576425662473951920070953978226567660 0 1 0 0 0 0 0 0 0 0 0 0 0 0 0 0 0 0 0 0 0]
[442598060295338316943848146682911378281052216867945712966868286059 0 0 1 0 0 0 0 0 0 0 0 0 0 0 0 0 0 0 0 0 0]
[1587083212541347084616060227091764833071722490723646687378283017423 0 0 0 1 0 0 0 0 0 0 0 0 0 0 0 0 0 0 0 0 0]
[1589678981119321856431802165481913560227025048264673310185247814014 0 0 0 0 1 0 0 0 0 0 0 0 0 0 0 0 0 0 0 0 0]
[597100077786870439768868792334065696796995133066775848691279036711 0 0 0 0 0 1 0 0 0 0 0 0 0 0 0 0 0 0 0 0 0]
[675333372030921634031994272766316585831701959375997027883357157790 0 0 0 0 0 0 1 0 0 0 0 0 0 0 0 0 0 0 0 0 0]
[1647815801050222793699229602471281860121961729691990447930985164632 0 0 0 0 0 0 0 1 0 0 0 0 0 0 0 0 0 0 0 0 0]
[158233584156492702364104446217097962875575375686228776544756513998 0 0 0 0 0 0 0 0 1 0 0 0 0 0 0 0 0 0 0 0 0]
[1007231966016735971878598509337862174137018474146195996786860282409 0 0 0 0 0 0 0 0 0 1 0 0 0 0 0 0 0 0 0 0 0]
[833490870190099150662247163006268579468472720956815887199796428729 0 0 0 0 0 0 0 0 0 0 1 0 0 0 0 0 0 0 0 0 0]
[1241277913563914459148837069743328461162675880963388072505809235867 0 0 0 0 0 0 0 0 0 0 0 1 0 0 0 0 0 0 0 0 0]
[1030742959860332724257797974556012156276345429853962787523350268472 0 0 0 0 0 0 0 0 0 0 0 0 1 0 0 0 0 0 0 0 0]
[1309158625292400920113663280042942564859140013352581642002944095904 0 0 0 0 0 0 0 0 0 0 0 0 0 1 0 0 0 0 0 0 0]
[315786879228810086213676422271555293403603368161637232584556347917 0 0 0 0 0 0 0 0 0 0 0 0 0 0 1 0 0 0 0 0 0]
[779211587485193517175194358366512781623646704687645884176528425291 0 0 0 0 0 0 0 0 0 0 0 0 0 0 0 1 0 0 0 0 0]
[1259851420846243748134508384083719926209254762373879659769859920848 0 0 0 0 0 0 0 0 0 0 0 0 0 0 0 0 1 0 0 0 0]
[862367002206995112657295793850993435737024823498424635756350631771 0 0 0 0 0 0 0 0 0 0 0 0 0 0 0 0 0 1 0 0 0]
[1563902540370773918326052988470296320467844028523170640471303260652 0 0 0 0 0 0 0 0 0 0 0 0 0 0 0 0 0 0 1 0 0]
[857733459259698159983652536065469697846334662776624361992757149021 0 0 0 0 0 0 0 0 0 0 0 0 0 0 0 0 0 0 0 1 0]
[264422115053529335031865780312766745493667422877274182007707035873 0 0 0 0 0 0 0 0 0 0 0 0 0 0 0 0 0 0 0 0 1]
]
