[[1502992042766221665423064126437579837695273928282732051141297899719 0 0 0 0 0 0 0 0 0 0 0 0 0 0 0 0 0 0 0 0 0]
[557143701501271337544297877839176643150731920497347120441807272814 1 0 0 0 0 0 0 0 0 0 0 0 0 0 0 0 0 0 0 0 0]
[777574171662267147259434792108900826295918326294441114253930869071 0 1 0 0 0 0 0 0 0 0 0 0 0 0 0 0 0 0 0 0 0]
[293168952038272588722177544144310628015611788117752168061608761026 0 0 1 0 0 0 0 0 0 0 0 0 0 0 0 0 0 0 0 0 0]
[1122377204706082850089145256437789240567829479820791609960987201543 0 0 0 1 0 0 0 0 0 0 0 0 0 0 0 0 0 0 0 0 0]
[455174096408598332708590689697659855387647487659054877783653728980 0 0 0 0 1 0 0 0 0 0 0 0 0 0 0 0 0 0 0 0 0]
[389604143911165010195447724551572868434129396345039712175336388613 0 0 0 0 0 1 0 0 0 0 0 0 0 0 0 0 0 0 0 0 0]
[869139688585737235366143763955999986770283968623019730746971205553 0 0 0 0 0 0 1 0 0 0 0 0 0 0 0 0 0 0 0 0 0]
[514549553535660055985689595171078292605596880508842764976139070808 0 0 0 0 0 0 0 1 0 0 0 0 0 0 0 0 0 0 0 0 0]
[1384741438063569227404980792969044329292772724631835457965369280174 0 0 0 0 0 0 0 0 1 0 0 0 0 0 0 0 0 0 0 0 0]
[1224904222502940316639373144187852941032912698840264718472620184161 0 0 0 0 0 0 0 0 0 1 0 0 0 0 0 0 0 0 0 0 0]
[278249985762943488995649672812630782984361958189408909009659484578 0 0 0 0 0 0 0 0 0 0 1 0 0 0 0 0 0 0 0 0 0]
[153114434027415819540167705204614700476353590544683055510870724535 0 0 0 0 0 0 0 0 0 0 0 1 0 0 0 0 0 0 0 0 0]
[1062419953152150033256671950219190604494902779415933788664677072374 0 0 0 0 0 0 0 0 0 0 0 0 1 0 0 0 0 0 0 0 0]
[843641274905612548267236755081019087773565764669735810882276209299 0 0 0 0 0 0 0 0 0 0 0 0 0 1 0 0 0 0 0 0 0]
[1338584259666504860019105866281111831960482883650357073993288116691 0 0 0 0 0 0 0 0 0 0 0 0 0 0 1 0 0 0 0 0 0]
[274890656401015428208477355906805371917448697013583497079919299991 0 0 0 0 0 0 0 0 0 0 0 0 0 0 0 1 0 0 0 0 0]
[8209670260693510369094469803794656987595843730487296920888583346 0 0 0 0 0 0 0 0 0 0 0 0 0 0 0 0 1 0 0 0 0]
[837385139097939281301824395754818529238415941698401784019504546283 0 0 0 0 0 0 0 0 0 0 0 0 0 0 0 0 0 1 0 0 0]
[267686080039129854285070089771028303719284963465597632207571354403 0 0 0 0 0 0 0 0 0 0 0 0 0 0 0 0 0 0 1 0 0]
[428472440787624905200864624622915039305291735031077231920016685324 0 0 0 0 0 0 0 0 0 0 0 0 0 0 0 0 0 0 0 1 0]
[1011359883747020025964650911062958678819845691980666780920350580362 0 0 0 0 0 0 0 0 0 0 0 0 0 0 0 0 0 0 0 0 1]
]
