[[1073603680615869738229925745332683104498209299398467166421643904649 0 0 0 0 0 0 0 0 0 0 0 0 0 0 0 0 0 0 0 0 0]
[824844959803039932804076227357110221366417899170162978962751766536 1 0 0 0 0 0 0 0 0 0 0 0 0 0 0 0 0 0 0 0 0]
[959713462461984625950261206391925110594437054318696783157855099641 0 1 0 0 0 0 0 0 0 0 0 0 0 0 0 0 0 0 0 0 0]
[875928848458061848451366718386154095177184648497529890624878011099 0 0 1 0 0 0 0 0 0 0 0 0 0 0 0 0 0 0 0 0 0]
[636041339739253570032100026867712776672221866297437712303278302276 0 0 0 1 0 0 0 0 0 0 0 0 0 0 0 0 0 0 0 0 0]
[144974163212057251498674453320815044870601836752804064892323912689 0 0 0 0 1 0 0 0 0 0 0 0 0 0 0 0 0 0 0 0 0]
[894610474401300979721784475452820561353613702640905852003523822245 0 0 0 0 0 1 0 0 0 0 0 0 0 0 0 0 0 0 0 0 0]
[284225055100918220727024406012045451249859428194222158472692621237 0 0 0 0 0 0 1 0 0 0 0 0 0 0 0 0 0 0 0 0 0]
[529956609658525571555707011873936566139906930610646055154296621569 0 0 0 0 0 0 0 1 0 0 0 0 0 0 0 0 0 0 0 0 0]
[222890001246910550771109008585857854142243817240608007691245304623 0 0 0 0 0 0 0 0 1 0 0 0 0 0 0 0 0 0 0 0 0]
[163097554655982905432436642386890117366834339176041516240742442810 0 0 0 0 0 0 0 0 0 1 0 0 0 0 0 0 0 0 0 0 0]
[718665656952721083155115590493198676097789651547826223165601088945 0 0 0 0 0 0 0 0 0 0 1 0 0 0 0 0 0 0 0 0 0]
[947115246913112848367112191727282202836190455391148000987902416156 0 0 0 0 0 0 0 0 0 0 0 1 0 0 0 0 0 0 0 0 0]
[940423524047683202378254047613802347785304474896712251216706512118 0 0 0 0 0 0 0 0 0 0 0 0 1 0 0 0 0 0 0 0 0]
[519044596413947506896495631785943355997781083824390887421182329064 0 0 0 0 0 0 0 0 0 0 0 0 0 1 0 0 0 0 0 0 0]
[755372310172659565587848099390351552422250532264507042392308853494 0 0 0 0 0 0 0 0 0 0 0 0 0 0 1 0 0 0 0 0 0]
[997486892373562273819005368728375610588049941550908300868342226692 0 0 0 0 0 0 0 0 0 0 0 0 0 0 0 1 0 0 0 0 0]
[556403125570192623084314285748998961389570353258252334800620832132 0 0 0 0 0 0 0 0 0 0 0 0 0 0 0 0 1 0 0 0 0]
[442879816956999184006188519506385166932300400469953826553096907876 0 0 0 0 0 0 0 0 0 0 0 0 0 0 0 0 0 1 0 0 0]
[916219246484897177231599055537290349346962530863692875774053739332 0 0 0 0 0 0 0 0 0 0 0 0 0 0 0 0 0 0 1 0 0]
[150761597192507806162341732148301365653644531569540440812641283185 0 0 0 0 0 0 0 0 0 0 0 0 0 0 0 0 0 0 0 1 0]
[152450770916344722593878087616953946496940215985408907239326260991 0 0 0 0 0 0 0 0 0 0 0 0 0 0 0 0 0 0 0 0 1]
]
