[[979583408992496300835885314880828182532706799651259050700116251301 0 0 0 0 0 0 0 0 0 0 0 0 0 0 0 0 0 0 0 0 0]
[211291257039909579886565815383766155054552403622808937288474191219 1 0 0 0 0 0 0 0 0 0 0 0 0 0 0 0 0 0 0 0 0]
[282011989566956322696095394916148342499660339412836123588454768473 0 1 0 0 0 0 0 0 0 0 0 0 0 0 0 0 0 0 0 0 0]
[538369115195174309109928284860518791059866908383756874273124592924 0 0 1 0 0 0 0 0 0 0 0 0 0 0 0 0 0 0 0 0 0]
[280781745723604829345671472802442241421779366951744351371255674928 0 0 0 1 0 0 0 0 0 0 0 0 0 0 0 0 0 0 0 0 0]
[444452682270344759839818544183523807444054419382216465030015262118 0 0 0 0 1 0 0 0 0 0 0 0 0 0 0 0 0 0 0 0 0]
[715692402009277790804103604176963903377254210217222772622219729795 0 0 0 0 0 1 0 0 0 0 0 0 0 0 0 0 0 0 0 0 0]
[166679449560495494036883233101747952397477241910085277808339715928 0 0 0 0 0 0 1 0 0 0 0 0 0 0 0 0 0 0 0 0 0]
[312598313436135054236582448640245556414648628752290508808767554056 0 0 0 0 0 0 0 1 0 0 0 0 0 0 0 0 0 0 0 0 0]
[613567754827981040605905895751379673724422686102978348719459051877 0 0 0 0 0 0 0 0 1 0 0 0 0 0 0 0 0 0 0 0 0]
[767133972789235110932131364643004796133012212130107770526726036271 0 0 0 0 0 0 0 0 0 1 0 0 0 0 0 0 0 0 0 0 0]
[663947702764568533198340485923755256522877922934941861012480212690 0 0 0 0 0 0 0 0 0 0 1 0 0 0 0 0 0 0 0 0 0]
[543101688195011123291653493003387207835325303742866192590372787436 0 0 0 0 0 0 0 0 0 0 0 1 0 0 0 0 0 0 0 0 0]
[885833528362193858981652808387764200343568543036286396406096758247 0 0 0 0 0 0 0 0 0 0 0 0 1 0 0 0 0 0 0 0 0]
[352848480315110934078299434648430406447242192895161676497658291292 0 0 0 0 0 0 0 0 0 0 0 0 0 1 0 0 0 0 0 0 0]
[434378191840776109095571416025899626954866075613575547019091181839 0 0 0 0 0 0 0 0 0 0 0 0 0 0 1 0 0 0 0 0 0]
[207440053975523957612551964762446387863416490671156424127060732430 0 0 0 0 0 0 0 0 0 0 0 0 0 0 0 1 0 0 0 0 0]
[100074696237082880121751757139723423243241011051044221351709774854 0 0 0 0 0 0 0 0 0 0 0 0 0 0 0 0 1 0 0 0 0]
[717519980174640888125961836958206324137531505239322665640140798703 0 0 0 0 0 0 0 0 0 0 0 0 0 0 0 0 0 1 0 0 0]
[641350383337406313803088425941961868466477284949588668665779431520 0 0 0 0 0 0 0 0 0 0 0 0 0 0 0 0 0 0 1 0 0]
[752922146206672550493031177786295255260254483538124247952535396899 0 0 0 0 0 0 0 0 0 0 0 0 0 0 0 0 0 0 0 1 0]
[26590461700847862064539014135714899786647907428543239821240316581 0 0 0 0 0 0 0 0 0 0 0 0 0 0 0 0 0 0 0 0 1]
]
