[[909881426104723329752511488673284467953635932690532188074099661061 0 0 0 0 0 0 0 0 0 0 0 0 0 0 0 0 0 0 0 0 0]
[398764248318575418062247642787027503773075583119324534365270379766 1 0 0 0 0 0 0 0 0 0 0 0 0 0 0 0 0 0 0 0 0]
[896522806215259950530400370363895165499977442256088082781833786240 0 1 0 0 0 0 0 0 0 0 0 0 0 0 0 0 0 0 0 0 0]
[895877469231446813508766904714022843176962108380987790716947658994 0 0 1 0 0 0 0 0 0 0 0 0 0 0 0 0 0 0 0 0 0]
[392409809785171114321015669537826642226363036551068046223858005975 0 0 0 1 0 0 0 0 0 0 0 0 0 0 0 0 0 0 0 0 0]
[665158023387274755462751562369807665094156856880880220529267308476 0 0 0 0 1 0 0 0 0 0 0 0 0 0 0 0 0 0 0 0 0]
[580858025500261621523934594810165851170035449196108039510040946356 0 0 0 0 0 1 0 0 0 0 0 0 0 0 0 0 0 0 0 0 0]
[145990945911465479818293431721387907508243819030445977077179980030 0 0 0 0 0 0 1 0 0 0 0 0 0 0 0 0 0 0 0 0 0]
[765259313830921890522398490120145818649874664312390542295430906369 0 0 0 0 0 0 0 1 0 0 0 0 0 0 0 0 0 0 0 0 0]
[27374036552355788711006418985453638432220598790938662488317117290 0 0 0 0 0 0 0 0 1 0 0 0 0 0 0 0 0 0 0 0 0]
[597674735514351224434238843329018822958499031842659158103466944121 0 0 0 0 0 0 0 0 0 1 0 0 0 0 0 0 0 0 0 0 0]
[389139387129148304798887914140253673794322539326044271511625708171 0 0 0 0 0 0 0 0 0 0 1 0 0 0 0 0 0 0 0 0 0]
[393644213557894469011188725415777351499469604213478870081200057778 0 0 0 0 0 0 0 0 0 0 0 1 0 0 0 0 0 0 0 0 0]
[692616500135930033483004058604085617400828101333538145473057130953 0 0 0 0 0 0 0 0 0 0 0 0 1 0 0 0 0 0 0 0 0]
[774536823684260524448160209233031827421550509395389383047511943920 0 0 0 0 0 0 0 0 0 0 0 0 0 1 0 0 0 0 0 0 0]
[231635027513894615378027912740654339342432813164877578674369141079 0 0 0 0 0 0 0 0 0 0 0 0 0 0 1 0 0 0 0 0 0]
[723811090150781329203708126085432940911464390402221621639583459212 0 0 0 0 0 0 0 0 0 0 0 0 0 0 0 1 0 0 0 0 0]
[367872447109995445158963483084485026753554927658678228169414528828 0 0 0 0 0 0 0 0 0 0 0 0 0 0 0 0 1 0 0 0 0]
[401742183234065565406577757718547886432098482432080150348257612187 0 0 0 0 0 0 0 0 0 0 0 0 0 0 0 0 0 1 0 0 0]
[315831173704806889726236173685992215026533034793545274866980351982 0 0 0 0 0 0 0 0 0 0 0 0 0 0 0 0 0 0 1 0 0]
[563231013666625527839085745170970720001593309640560119222632647637 0 0 0 0 0 0 0 0 0 0 0 0 0 0 0 0 0 0 0 1 0]
[894596237527992300990531123572256978866192857625211222385563191845 0 0 0 0 0 0 0 0 0 0 0 0 0 0 0 0 0 0 0 0 1]
]
