[[1369796024776458905842130592225570161339340003119997995501844108803 0 0 0 0 0 0 0 0 0 0 0 0 0 0 0 0 0 0 0 0 0]
[817853418720774312045645370535487526481705763604505608814569633874 1 0 0 0 0 0 0 0 0 0 0 0 0 0 0 0 0 0 0 0 0]
[394811842242457179907941481118250159802880851470729897958190117457 0 1 0 0 0 0 0 0 0 0 0 0 0 0 0 0 0 0 0 0 0]
[804139640183246470570639976416649929342045332323681475326742234307 0 0 1 0 0 0 0 0 0 0 0 0 0 0 0 0 0 0 0 0 0]
[1020440508165357379683771665195952302435201703220772898969667228793 0 0 0 1 0 0 0 0 0 0 0 0 0 0 0 0 0 0 0 0 0]
[106337515324119559227845607181088194358090826418896904320109983444 0 0 0 0 1 0 0 0 0 0 0 0 0 0 0 0 0 0 0 0 0]
[498697022882992038688406197111746822801903060219325826844949840421 0 0 0 0 0 1 0 0 0 0 0 0 0 0 0 0 0 0 0 0 0]
[1001494516182601390493981316600780606271578241220387322705588616490 0 0 0 0 0 0 1 0 0 0 0 0 0 0 0 0 0 0 0 0 0]
[175466242611630550773629677731422675154698404909785841929216793343 0 0 0 0 0 0 0 1 0 0 0 0 0 0 0 0 0 0 0 0 0]
[87075868016430150343956947741529685466879972072303934568136212510 0 0 0 0 0 0 0 0 1 0 0 0 0 0 0 0 0 0 0 0 0]
[1172995986314060939213548352783664880815415808357252586911961479925 0 0 0 0 0 0 0 0 0 1 0 0 0 0 0 0 0 0 0 0 0]
[1141656544140019843343524084021315386705658654272818325166439169080 0 0 0 0 0 0 0 0 0 0 1 0 0 0 0 0 0 0 0 0 0]
[1156507285178653883404561415708729116578707349520253970005345744145 0 0 0 0 0 0 0 0 0 0 0 1 0 0 0 0 0 0 0 0 0]
[32752353454285491216694637131280593276478486527926617711294419983 0 0 0 0 0 0 0 0 0 0 0 0 1 0 0 0 0 0 0 0 0]
[986131883694168376530198714692871550641777071886886980003272322054 0 0 0 0 0 0 0 0 0 0 0 0 0 1 0 0 0 0 0 0 0]
[181813909037594482713039587942890078046188583718163427185252550581 0 0 0 0 0 0 0 0 0 0 0 0 0 0 1 0 0 0 0 0 0]
[468456232295702953045909124009364681742318362436537184451995359981 0 0 0 0 0 0 0 0 0 0 0 0 0 0 0 1 0 0 0 0 0]
[37846884247733352292158380854528708137479777480864477651605239636 0 0 0 0 0 0 0 0 0 0 0 0 0 0 0 0 1 0 0 0 0]
[521939880581247618475600556653943231250084673576837264171205741760 0 0 0 0 0 0 0 0 0 0 0 0 0 0 0 0 0 1 0 0 0]
[157190391472054865851160857540150223700388706286691133877198429865 0 0 0 0 0 0 0 0 0 0 0 0 0 0 0 0 0 0 1 0 0]
[815870977229234858949432267288726815633935089978992396701957651145 0 0 0 0 0 0 0 0 0 0 0 0 0 0 0 0 0 0 0 1 0]
[147279806921314639483402487880146783313478855479352247230690638011 0 0 0 0 0 0 0 0 0 0 0 0 0 0 0 0 0 0 0 0 1]
]
