[[1057986333749571181244443460111614049948562583971278828245253103293 0 0 0 0 0 0 0 0 0 0 0 0 0 0 0 0 0 0 0 0 0]
[108747919302413571093859009527075045772797989207651339349871900502 1 0 0 0 0 0 0 0 0 0 0 0 0 0 0 0 0 0 0 0 0]
[873620275647170513809727328266160950430233330373207960227089099367 0 1 0 0 0 0 0 0 0 0 0 0 0 0 0 0 0 0 0 0 0]
[530364756442084532515800148840244612972752278819311737866757580592 0 0 1 0 0 0 0 0 0 0 0 0 0 0 0 0 0 0 0 0 0]
[89793073809830930634962753272786539594177353068259785909767492585 0 0 0 1 0 0 0 0 0 0 0 0 0 0 0 0 0 0 0 0 0]
[114401293432314116187690258611782076590740949502043031377707330209 0 0 0 0 1 0 0 0 0 0 0 0 0 0 0 0 0 0 0 0 0]
[1057910843352631661381547904686968489802351551373925199667757245539 0 0 0 0 0 1 0 0 0 0 0 0 0 0 0 0 0 0 0 0 0]
[366954486388637164332852634880945032789585323341420249379271012173 0 0 0 0 0 0 1 0 0 0 0 0 0 0 0 0 0 0 0 0 0]
[382310241512638116986216559534193033379895273185428865895923007907 0 0 0 0 0 0 0 1 0 0 0 0 0 0 0 0 0 0 0 0 0]
[685945145719712420638455949486705541012718463016866398608246442616 0 0 0 0 0 0 0 0 1 0 0 0 0 0 0 0 0 0 0 0 0]
[613604247334308093609048027105945326885129095734471003568363366566 0 0 0 0 0 0 0 0 0 1 0 0 0 0 0 0 0 0 0 0 0]
[889981966339455918122849021059000045891403342096037983330412453604 0 0 0 0 0 0 0 0 0 0 1 0 0 0 0 0 0 0 0 0 0]
[834467120688079596037080693345075858554185673754905779132554570397 0 0 0 0 0 0 0 0 0 0 0 1 0 0 0 0 0 0 0 0 0]
[713954643435648857810145153452125775125902800805818041066011608549 0 0 0 0 0 0 0 0 0 0 0 0 1 0 0 0 0 0 0 0 0]
[560038184222641204434352818677876189672845370943935518500076926930 0 0 0 0 0 0 0 0 0 0 0 0 0 1 0 0 0 0 0 0 0]
[972368597517719232037411878458754495676507832949031084953459355362 0 0 0 0 0 0 0 0 0 0 0 0 0 0 1 0 0 0 0 0 0]
[773305926138679976477283449288723895283831226517527306565049183130 0 0 0 0 0 0 0 0 0 0 0 0 0 0 0 1 0 0 0 0 0]
[442359518698448033868787020396270568916462253533479668538508958365 0 0 0 0 0 0 0 0 0 0 0 0 0 0 0 0 1 0 0 0 0]
[611218844806054401939484172134460690316858760318778910230677500806 0 0 0 0 0 0 0 0 0 0 0 0 0 0 0 0 0 1 0 0 0]
[345655300212811888300438932655257433828531211925338122312857287311 0 0 0 0 0 0 0 0 0 0 0 0 0 0 0 0 0 0 1 0 0]
[614722893192425395541708949998724693750278161276317865607392402880 0 0 0 0 0 0 0 0 0 0 0 0 0 0 0 0 0 0 0 1 0]
[977959166019853618837109704205184217603230275381734462029043621634 0 0 0 0 0 0 0 0 0 0 0 0 0 0 0 0 0 0 0 0 1]
]
