[[1421358058620214248366893591975749476392089050237215350991445299947 0 0 0 0 0 0 0 0 0 0 0 0 0 0 0 0 0 0 0 0 0]
[282610175969316138147915546536556867630994071658465664829545071491 1 0 0 0 0 0 0 0 0 0 0 0 0 0 0 0 0 0 0 0 0]
[1270033071507147512237076085822917643473290792978648117031453162215 0 1 0 0 0 0 0 0 0 0 0 0 0 0 0 0 0 0 0 0 0]
[88018330295434928934275632941781950273453948406425170660555952212 0 0 1 0 0 0 0 0 0 0 0 0 0 0 0 0 0 0 0 0 0]
[1288964813210793156709899528576004607392544440235928093326359141938 0 0 0 1 0 0 0 0 0 0 0 0 0 0 0 0 0 0 0 0 0]
[863362979082707595792222447139409668004391853179158475487602288220 0 0 0 0 1 0 0 0 0 0 0 0 0 0 0 0 0 0 0 0 0]
[192189908351325223193487184282455014248708671451610880206850293260 0 0 0 0 0 1 0 0 0 0 0 0 0 0 0 0 0 0 0 0 0]
[110532462161936943830033458453277127845105783594680436987305592065 0 0 0 0 0 0 1 0 0 0 0 0 0 0 0 0 0 0 0 0 0]
[1014984050958475436620783146489249703553566947075604346444550070689 0 0 0 0 0 0 0 1 0 0 0 0 0 0 0 0 0 0 0 0 0]
[623733473252754250340498711798349258774944248680104889194739018360 0 0 0 0 0 0 0 0 1 0 0 0 0 0 0 0 0 0 0 0 0]
[1319201207985596801073811484054838270984551666353828477418372036175 0 0 0 0 0 0 0 0 0 1 0 0 0 0 0 0 0 0 0 0 0]
[1183786031075229921313121390379279633847060747126155253528459248048 0 0 0 0 0 0 0 0 0 0 1 0 0 0 0 0 0 0 0 0 0]
[44985768251315742633713539566341603164902683897524862729348623790 0 0 0 0 0 0 0 0 0 0 0 1 0 0 0 0 0 0 0 0 0]
[1240618062736204670955866009678166155556540628303373635660858674982 0 0 0 0 0 0 0 0 0 0 0 0 1 0 0 0 0 0 0 0 0]
[667185699078319457797302918155284439160110052087827524618275150760 0 0 0 0 0 0 0 0 0 0 0 0 0 1 0 0 0 0 0 0 0]
[1003651100700755609979073788342722909281865682114807037377374298615 0 0 0 0 0 0 0 0 0 0 0 0 0 0 1 0 0 0 0 0 0]
[623044486594432389868898030932788522529893007904489730296564702646 0 0 0 0 0 0 0 0 0 0 0 0 0 0 0 1 0 0 0 0 0]
[717251894313566216128918371466436535090423941311235135783276839654 0 0 0 0 0 0 0 0 0 0 0 0 0 0 0 0 1 0 0 0 0]
[452555766938597732163490099515259765664014927959087360001224656555 0 0 0 0 0 0 0 0 0 0 0 0 0 0 0 0 0 1 0 0 0]
[258847883199361418479819191406059992171855198754628419112655326080 0 0 0 0 0 0 0 0 0 0 0 0 0 0 0 0 0 0 1 0 0]
[543463103078250958284785400021102378452315198092308702093004523792 0 0 0 0 0 0 0 0 0 0 0 0 0 0 0 0 0 0 0 1 0]
[973630751216940700158833705822062358202858268439721143984738947871 0 0 0 0 0 0 0 0 0 0 0 0 0 0 0 0 0 0 0 0 1]
]
