[[973979280731972917933651410469506940676018799627506909557016512543 0 0 0 0 0 0 0 0 0 0 0 0 0 0 0 0 0 0 0 0 0]
[10024298904689091272659630168987265734922393586832956444091310804 1 0 0 0 0 0 0 0 0 0 0 0 0 0 0 0 0 0 0 0 0]
[246730051313548785873831140084587945231277313934888752238670823431 0 1 0 0 0 0 0 0 0 0 0 0 0 0 0 0 0 0 0 0 0]
[99318043533600543505719130651339484732121396635279537421926016506 0 0 1 0 0 0 0 0 0 0 0 0 0 0 0 0 0 0 0 0 0]
[502649030934198905043493971607778871436868435170146675247480966683 0 0 0 1 0 0 0 0 0 0 0 0 0 0 0 0 0 0 0 0 0]
[264461303223316846860536213320375476098868464657360982617358299195 0 0 0 0 1 0 0 0 0 0 0 0 0 0 0 0 0 0 0 0 0]
[837647656789461141900258328516347605921958456771243997809631911902 0 0 0 0 0 1 0 0 0 0 0 0 0 0 0 0 0 0 0 0 0]
[573530358311843620987662576686192131285815191474033371780638277562 0 0 0 0 0 0 1 0 0 0 0 0 0 0 0 0 0 0 0 0 0]
[903288157022833221932398149309785222195596474293196839097854908498 0 0 0 0 0 0 0 1 0 0 0 0 0 0 0 0 0 0 0 0 0]
[894776164675368459949001843715386794829667125198889839982039815933 0 0 0 0 0 0 0 0 1 0 0 0 0 0 0 0 0 0 0 0 0]
[844066903680473007214925042840353497515718528441391364816677992014 0 0 0 0 0 0 0 0 0 1 0 0 0 0 0 0 0 0 0 0 0]
[845712141165880552308774109059180895777913976967222109278516241335 0 0 0 0 0 0 0 0 0 0 1 0 0 0 0 0 0 0 0 0 0]
[56406277665236943085878492506389066202225263466299192451908306522 0 0 0 0 0 0 0 0 0 0 0 1 0 0 0 0 0 0 0 0 0]
[144987394277668067485938172975144424008716240247817901275950489870 0 0 0 0 0 0 0 0 0 0 0 0 1 0 0 0 0 0 0 0 0]
[173705122968171255940264723237785532420427610757851318349913765893 0 0 0 0 0 0 0 0 0 0 0 0 0 1 0 0 0 0 0 0 0]
[437627811023260683749241071008343839522639452207776246581859584468 0 0 0 0 0 0 0 0 0 0 0 0 0 0 1 0 0 0 0 0 0]
[589491290647944472038855627766904716324924182897185408035610284104 0 0 0 0 0 0 0 0 0 0 0 0 0 0 0 1 0 0 0 0 0]
[319857413329690080274943393946746758573967246507551872670889958048 0 0 0 0 0 0 0 0 0 0 0 0 0 0 0 0 1 0 0 0 0]
[586697294598823599004148866379385418455178132910373156793593681811 0 0 0 0 0 0 0 0 0 0 0 0 0 0 0 0 0 1 0 0 0]
[192767438504500283817960329561624499302153498634522638528150341618 0 0 0 0 0 0 0 0 0 0 0 0 0 0 0 0 0 0 1 0 0]
[600247838992922465011828868017968652017107641057760605270519445235 0 0 0 0 0 0 0 0 0 0 0 0 0 0 0 0 0 0 0 1 0]
[963556233747824630293682170267069520154081187814974329777963067662 0 0 0 0 0 0 0 0 0 0 0 0 0 0 0 0 0 0 0 0 1]
]
