[[1511619534928928371819878132794353772300291105571894182497799771911 0 0 0 0 0 0 0 0 0 0 0 0 0 0 0 0 0 0 0 0 0]
[963263343330234677008472259632638837394524343104996455245567402932 1 0 0 0 0 0 0 0 0 0 0 0 0 0 0 0 0 0 0 0 0]
[89897043252055274992511642978678962341285284646405359202763407269 0 1 0 0 0 0 0 0 0 0 0 0 0 0 0 0 0 0 0 0 0]
[858469553830345452539768016770931462987815041757270885628718201342 0 0 1 0 0 0 0 0 0 0 0 0 0 0 0 0 0 0 0 0 0]
[115641700540731602160773674294039708492086732432631110330957745202 0 0 0 1 0 0 0 0 0 0 0 0 0 0 0 0 0 0 0 0 0]
[328831514331521297626397229543046357467259399681280564978743474937 0 0 0 0 1 0 0 0 0 0 0 0 0 0 0 0 0 0 0 0 0]
[704414328995609941748241207857128614761156957755409654624859815128 0 0 0 0 0 1 0 0 0 0 0 0 0 0 0 0 0 0 0 0 0]
[468548526238871343492024324799907980971899261610198158257936770098 0 0 0 0 0 0 1 0 0 0 0 0 0 0 0 0 0 0 0 0 0]
[55843642724661981142870831069616743640029221530789840559789823843 0 0 0 0 0 0 0 1 0 0 0 0 0 0 0 0 0 0 0 0 0]
[722593633574879253627285734443361193643259353414647683999459512100 0 0 0 0 0 0 0 0 1 0 0 0 0 0 0 0 0 0 0 0 0]
[816909027588252439788265333839405704797762364994685989092864368068 0 0 0 0 0 0 0 0 0 1 0 0 0 0 0 0 0 0 0 0 0]
[445261754871325855005812885846871908298488766676184585782630387834 0 0 0 0 0 0 0 0 0 0 1 0 0 0 0 0 0 0 0 0 0]
[1419965026738553138486409090790588755332663150033518400753288079233 0 0 0 0 0 0 0 0 0 0 0 1 0 0 0 0 0 0 0 0 0]
[1132551804869417131281511907559286554746860303030808941481824992400 0 0 0 0 0 0 0 0 0 0 0 0 1 0 0 0 0 0 0 0 0]
[1476447951284913469225743522007190935771171698867382758867730548390 0 0 0 0 0 0 0 0 0 0 0 0 0 1 0 0 0 0 0 0 0]
[643286990719456142516735451085515375144304514975163229135107475302 0 0 0 0 0 0 0 0 0 0 0 0 0 0 1 0 0 0 0 0 0]
[1440580934998015342747292320604593182160608593331920981502610032307 0 0 0 0 0 0 0 0 0 0 0 0 0 0 0 1 0 0 0 0 0]
[168690125493334506277533249027264108871645324216269458943319758167 0 0 0 0 0 0 0 0 0 0 0 0 0 0 0 0 1 0 0 0 0]
[399170605597796467359368700252275966877326741440930399609933171848 0 0 0 0 0 0 0 0 0 0 0 0 0 0 0 0 0 1 0 0 0]
[824615252026050333780588464021108806636905914363139718267700322245 0 0 0 0 0 0 0 0 0 0 0 0 0 0 0 0 0 0 1 0 0]
[1474298670108404354805303434186361673779108916148247990403883233925 0 0 0 0 0 0 0 0 0 0 0 0 0 0 0 0 0 0 0 1 0]
[194106281788745199750139277742331888381721993202602528820320012595 0 0 0 0 0 0 0 0 0 0 0 0 0 0 0 0 0 0 0 0 1]
]
