[[1148257131994911849573427821276726600412720599124581719192425833671 0 0 0 0 0 0 0 0 0 0 0 0 0 0 0 0 0 0 0 0 0]
[1055307662428174373503681246403601992593317536920534140552481897168 1 0 0 0 0 0 0 0 0 0 0 0 0 0 0 0 0 0 0 0 0]
[764028200637911627603988166061725271234209744110855057940899880889 0 1 0 0 0 0 0 0 0 0 0 0 0 0 0 0 0 0 0 0 0]
[508649833709573935084804858375072648582019650729546831571553505976 0 0 1 0 0 0 0 0 0 0 0 0 0 0 0 0 0 0 0 0 0]
[38591476394518945951155365322780496222908075843394841027416576418 0 0 0 1 0 0 0 0 0 0 0 0 0 0 0 0 0 0 0 0 0]
[131803278203113189876979432017048238183892114941882278079022466527 0 0 0 0 1 0 0 0 0 0 0 0 0 0 0 0 0 0 0 0 0]
[394195616082080707718477410685399251772194790788470100463524392636 0 0 0 0 0 1 0 0 0 0 0 0 0 0 0 0 0 0 0 0 0]
[1091104820844426773656734508357963476812455492488561178919154563795 0 0 0 0 0 0 1 0 0 0 0 0 0 0 0 0 0 0 0 0 0]
[8542822274971358401948677027165441555023834972462779576047798046 0 0 0 0 0 0 0 1 0 0 0 0 0 0 0 0 0 0 0 0 0]
[825865465931660401541162244465632014358885014333715154057678435133 0 0 0 0 0 0 0 0 1 0 0 0 0 0 0 0 0 0 0 0 0]
[631276556863960859988882814970814290895219480228533648757104341072 0 0 0 0 0 0 0 0 0 1 0 0 0 0 0 0 0 0 0 0 0]
[319853320485118443349499888288163669523448575035369260208472943561 0 0 0 0 0 0 0 0 0 0 1 0 0 0 0 0 0 0 0 0 0]
[751056909720351254608535697125135964705839302399405082487674370669 0 0 0 0 0 0 0 0 0 0 0 1 0 0 0 0 0 0 0 0 0]
[314077953801005646554750994960521999555937150067791475084089276377 0 0 0 0 0 0 0 0 0 0 0 0 1 0 0 0 0 0 0 0 0]
[997922183658424585017521986627060256030095923584002365532968400147 0 0 0 0 0 0 0 0 0 0 0 0 0 1 0 0 0 0 0 0 0]
[953186932101820651306720105387210220490664534809656292736325115281 0 0 0 0 0 0 0 0 0 0 0 0 0 0 1 0 0 0 0 0 0]
[1111673128133799450376265869222177284586412482096084336110766145544 0 0 0 0 0 0 0 0 0 0 0 0 0 0 0 1 0 0 0 0 0]
[1086672344495963868445892719666747326100715049089117964839434502137 0 0 0 0 0 0 0 0 0 0 0 0 0 0 0 0 1 0 0 0 0]
[943708866223980347800125062644672793024222151107596556437572905234 0 0 0 0 0 0 0 0 0 0 0 0 0 0 0 0 0 1 0 0 0]
[420685615884732037625538961381861439268300140482933271510125077541 0 0 0 0 0 0 0 0 0 0 0 0 0 0 0 0 0 0 1 0 0]
[34258139435254455621038210757670160441570308020562477460952105763 0 0 0 0 0 0 0 0 0 0 0 0 0 0 0 0 0 0 0 1 0]
[828608067907844273394503776985925299355288085848299191528912106680 0 0 0 0 0 0 0 0 0 0 0 0 0 0 0 0 0 0 0 0 1]
]
