[[906000774734097547716872995342884018379591037544141460892706382841 0 0 0 0 0 0 0 0 0 0 0 0 0 0 0 0 0 0 0 0 0]
[383137971465687133002705790212484060459294607742140835781416276696 1 0 0 0 0 0 0 0 0 0 0 0 0 0 0 0 0 0 0 0 0]
[18223142734423243104183449365614690623753903158910958050200782017 0 1 0 0 0 0 0 0 0 0 0 0 0 0 0 0 0 0 0 0 0]
[149954417860755092486202785028525133238170890756283785074514117487 0 0 1 0 0 0 0 0 0 0 0 0 0 0 0 0 0 0 0 0 0]
[113811234711982422352798789773833509756140198617156020828653552977 0 0 0 1 0 0 0 0 0 0 0 0 0 0 0 0 0 0 0 0 0]
[872104760602096102408027205556313016699963104889334729553950476402 0 0 0 0 1 0 0 0 0 0 0 0 0 0 0 0 0 0 0 0 0]
[894390223207650822592671008970046220999375739332115340050653853110 0 0 0 0 0 1 0 0 0 0 0 0 0 0 0 0 0 0 0 0 0]
[683118081519236248537786630030174975523822787103632403225973765564 0 0 0 0 0 0 1 0 0 0 0 0 0 0 0 0 0 0 0 0 0]
[546551804199850647725966858482145695685100793037320141138993817693 0 0 0 0 0 0 0 1 0 0 0 0 0 0 0 0 0 0 0 0 0]
[501606467574804093845888131368741967233203666538041223294487769702 0 0 0 0 0 0 0 0 1 0 0 0 0 0 0 0 0 0 0 0 0]
[291408804829956085363022373640323716616460480901699136282241217887 0 0 0 0 0 0 0 0 0 1 0 0 0 0 0 0 0 0 0 0 0]
[553130958255352021277004436414944162595245979748383849951181132830 0 0 0 0 0 0 0 0 0 0 1 0 0 0 0 0 0 0 0 0 0]
[901881674815756256387522728815319674999880602006824964808154431904 0 0 0 0 0 0 0 0 0 0 0 1 0 0 0 0 0 0 0 0 0]
[613720486963760975682634382587773328239317266331931041218574152959 0 0 0 0 0 0 0 0 0 0 0 0 1 0 0 0 0 0 0 0 0]
[540221448601882337507529514450424430231497032608947052728808600124 0 0 0 0 0 0 0 0 0 0 0 0 0 1 0 0 0 0 0 0 0]
[877173134103260971335044407790664893574287341213714141116824776926 0 0 0 0 0 0 0 0 0 0 0 0 0 0 1 0 0 0 0 0 0]
[631239775219890234545692583804533316030558026930579753953314651992 0 0 0 0 0 0 0 0 0 0 0 0 0 0 0 1 0 0 0 0 0]
[604930792805106004925427726284104750294110722938893895404797558802 0 0 0 0 0 0 0 0 0 0 0 0 0 0 0 0 1 0 0 0 0]
[677198678720708071540574082130221673015524692995438839793830144230 0 0 0 0 0 0 0 0 0 0 0 0 0 0 0 0 0 1 0 0 0]
[410642692181599435189572817157835613472228585855035183966458669355 0 0 0 0 0 0 0 0 0 0 0 0 0 0 0 0 0 0 1 0 0]
[194183876022219334180174224421775718338933953631856076781139692628 0 0 0 0 0 0 0 0 0 0 0 0 0 0 0 0 0 0 0 1 0]
[822509463266993431978661264913404904889836392074540194367827428383 0 0 0 0 0 0 0 0 0 0 0 0 0 0 0 0 0 0 0 0 1]
]
