[[1437058998382644723068972289235216635549106508883766179553765834499 0 0 0 0 0 0 0 0 0 0 0 0 0 0 0 0 0 0 0 0 0]
[453379924906491987998172526352014410261320673228591767146101560812 1 0 0 0 0 0 0 0 0 0 0 0 0 0 0 0 0 0 0 0 0]
[1268647323164986546976964642994013635328734740328641893780649309921 0 1 0 0 0 0 0 0 0 0 0 0 0 0 0 0 0 0 0 0 0]
[461155327043115179843374599643147598268910485679546638414983134647 0 0 1 0 0 0 0 0 0 0 0 0 0 0 0 0 0 0 0 0 0]
[678397087270078110784145116710514064681261518457768990366464673861 0 0 0 1 0 0 0 0 0 0 0 0 0 0 0 0 0 0 0 0 0]
[685531524555130378281583644951663522812907633100783784692548182936 0 0 0 0 1 0 0 0 0 0 0 0 0 0 0 0 0 0 0 0 0]
[331209164966613786740384478413981094452425053169989120418893190709 0 0 0 0 0 1 0 0 0 0 0 0 0 0 0 0 0 0 0 0 0]
[49814153946548698453237262007902416638387732713689102577486964674 0 0 0 0 0 0 1 0 0 0 0 0 0 0 0 0 0 0 0 0 0]
[423464674652681620552185271661203429728506277963083988216999590950 0 0 0 0 0 0 0 1 0 0 0 0 0 0 0 0 0 0 0 0 0]
[442000270129442572423342172006393443688362885525057627572879242208 0 0 0 0 0 0 0 0 1 0 0 0 0 0 0 0 0 0 0 0 0]
[872890166105928429324320236743838209391202252913916159294054992091 0 0 0 0 0 0 0 0 0 1 0 0 0 0 0 0 0 0 0 0 0]
[139085855795092227808458375598457135306870375563101986281912821180 0 0 0 0 0 0 0 0 0 0 1 0 0 0 0 0 0 0 0 0 0]
[1128885579020696170559195637774408445695385387240258448746469702041 0 0 0 0 0 0 0 0 0 0 0 1 0 0 0 0 0 0 0 0 0]
[401233473260466422619069742291794181644677622808059651379542826779 0 0 0 0 0 0 0 0 0 0 0 0 1 0 0 0 0 0 0 0 0]
[380910803092639271919447239880249815456300827998950827469264395169 0 0 0 0 0 0 0 0 0 0 0 0 0 1 0 0 0 0 0 0 0]
[751648036110595057331555622126064106153489084746944263103463869430 0 0 0 0 0 0 0 0 0 0 0 0 0 0 1 0 0 0 0 0 0]
[867270436810536116572030079286548233075632294362703313589357260982 0 0 0 0 0 0 0 0 0 0 0 0 0 0 0 1 0 0 0 0 0]
[562619739687197951111635921108927068346231949199379930557617923979 0 0 0 0 0 0 0 0 0 0 0 0 0 0 0 0 1 0 0 0 0]
[1302304690083795706045633700002771577758351794672093540685772069602 0 0 0 0 0 0 0 0 0 0 0 0 0 0 0 0 0 1 0 0 0]
[927546622601327346316849704296628246714055508575587124707157504296 0 0 0 0 0 0 0 0 0 0 0 0 0 0 0 0 0 0 1 0 0]
[1341287686335782711977222373587837924107698191013344949871883178690 0 0 0 0 0 0 0 0 0 0 0 0 0 0 0 0 0 0 0 1 0]
[840821948471810337463987610171865072357307372415076184153106979715 0 0 0 0 0 0 0 0 0 0 0 0 0 0 0 0 0 0 0 0 1]
]
