[[930597227141340889655182543635291622849833785595626087500193072971 0 0 0 0 0 0 0 0 0 0 0 0 0 0 0 0 0 0 0 0 0]
[192851687283396754119998449830372580097977539810973852856650979677 1 0 0 0 0 0 0 0 0 0 0 0 0 0 0 0 0 0 0 0 0]
[719030091010140145415579166008547532210133965671322100977056636073 0 1 0 0 0 0 0 0 0 0 0 0 0 0 0 0 0 0 0 0 0]
[422826773954955310249371935133570696098202736501429576015765662961 0 0 1 0 0 0 0 0 0 0 0 0 0 0 0 0 0 0 0 0 0]
[39196031845961188279635712862178381814930515262666082682279930286 0 0 0 1 0 0 0 0 0 0 0 0 0 0 0 0 0 0 0 0 0]
[673789976868200765157767518721646566424348422862308319460642636812 0 0 0 0 1 0 0 0 0 0 0 0 0 0 0 0 0 0 0 0 0]
[263938125720806612348636723660011033157610115052965818174552760926 0 0 0 0 0 1 0 0 0 0 0 0 0 0 0 0 0 0 0 0 0]
[520836025645275589645452505346027998590394708118221553743261563787 0 0 0 0 0 0 1 0 0 0 0 0 0 0 0 0 0 0 0 0 0]
[401341469742736393434906791404770116030242155676328745474345636442 0 0 0 0 0 0 0 1 0 0 0 0 0 0 0 0 0 0 0 0 0]
[603087198028682724101903375714636902672925310376976587069154954578 0 0 0 0 0 0 0 0 1 0 0 0 0 0 0 0 0 0 0 0 0]
[288078716896677981331397098288056316895228056981839883133164742272 0 0 0 0 0 0 0 0 0 1 0 0 0 0 0 0 0 0 0 0 0]
[590408124463321025391784564937180564905098982062031162207679671398 0 0 0 0 0 0 0 0 0 0 1 0 0 0 0 0 0 0 0 0 0]
[377536933608828631671492395689095872074080813551006207577546152055 0 0 0 0 0 0 0 0 0 0 0 1 0 0 0 0 0 0 0 0 0]
[759686745532927273918881981974215449187267336504882610874313577935 0 0 0 0 0 0 0 0 0 0 0 0 1 0 0 0 0 0 0 0 0]
[660445582242627233429721464092892973628643211794755118026040138151 0 0 0 0 0 0 0 0 0 0 0 0 0 1 0 0 0 0 0 0 0]
[175993131230336758746222128115855077572658219611962622507369733359 0 0 0 0 0 0 0 0 0 0 0 0 0 0 1 0 0 0 0 0 0]
[515970366209509012048475141587270769837789759266734008645771225164 0 0 0 0 0 0 0 0 0 0 0 0 0 0 0 1 0 0 0 0 0]
[345821327062944191610727807066549213108923110308742578571618209947 0 0 0 0 0 0 0 0 0 0 0 0 0 0 0 0 1 0 0 0 0]
[318534623941423673048987746528041353649718740164705314454627376888 0 0 0 0 0 0 0 0 0 0 0 0 0 0 0 0 0 1 0 0 0]
[824228144264237707220493496219803865379284436003345847100123238861 0 0 0 0 0 0 0 0 0 0 0 0 0 0 0 0 0 0 1 0 0]
[453018085479240156054231599704517322976377617704830415400084669180 0 0 0 0 0 0 0 0 0 0 0 0 0 0 0 0 0 0 0 1 0]
[413175394440127620917360860230981186133575033822076954968847601525 0 0 0 0 0 0 0 0 0 0 0 0 0 0 0 0 0 0 0 0 1]
]
