[[1385753981160039666043427209752916634912148341063995928098714141561 0 0 0 0 0 0 0 0 0 0 0 0 0 0 0 0 0 0 0 0 0]
[736352314337556700924209837507083272705833759803516482049729676599 1 0 0 0 0 0 0 0 0 0 0 0 0 0 0 0 0 0 0 0 0]
[920410733325284207889283762415175371519047773451764767218950955788 0 1 0 0 0 0 0 0 0 0 0 0 0 0 0 0 0 0 0 0 0]
[591903412189975246904802461191977259197282079129306370532397421854 0 0 1 0 0 0 0 0 0 0 0 0 0 0 0 0 0 0 0 0 0]
[184388724372070783549766324387860913203921742905232944864048737082 0 0 0 1 0 0 0 0 0 0 0 0 0 0 0 0 0 0 0 0 0]
[1028717762523666561957259172325627504689929285225591332773042333196 0 0 0 0 1 0 0 0 0 0 0 0 0 0 0 0 0 0 0 0 0]
[1089465196672468424022705538782512639960810039972011026193068419456 0 0 0 0 0 1 0 0 0 0 0 0 0 0 0 0 0 0 0 0 0]
[676558196454383645310711939385636012100635906372417326373296859428 0 0 0 0 0 0 1 0 0 0 0 0 0 0 0 0 0 0 0 0 0]
[1183475186788896653117769180107619912351247692441506057888514341557 0 0 0 0 0 0 0 1 0 0 0 0 0 0 0 0 0 0 0 0 0]
[66000409691484570330167973991891504315795463126725369580493727672 0 0 0 0 0 0 0 0 1 0 0 0 0 0 0 0 0 0 0 0 0]
[197303241061060073932684474087579175581859609336390959639441258702 0 0 0 0 0 0 0 0 0 1 0 0 0 0 0 0 0 0 0 0 0]
[857805661725400898994816519828921471664868585013317215920300858066 0 0 0 0 0 0 0 0 0 0 1 0 0 0 0 0 0 0 0 0 0]
[777773758890389020057660129297550151502904350357805898538885720619 0 0 0 0 0 0 0 0 0 0 0 1 0 0 0 0 0 0 0 0 0]
[923077634617588074013869682354777653810558520095640478911901059615 0 0 0 0 0 0 0 0 0 0 0 0 1 0 0 0 0 0 0 0 0]
[1101456331336414902980410868929170296536332969897811251529716990411 0 0 0 0 0 0 0 0 0 0 0 0 0 1 0 0 0 0 0 0 0]
[922693658387843131969565250668423554534415510594111743064105569852 0 0 0 0 0 0 0 0 0 0 0 0 0 0 1 0 0 0 0 0 0]
[375956578018814294557314280173141030124539576646137635564634848508 0 0 0 0 0 0 0 0 0 0 0 0 0 0 0 1 0 0 0 0 0]
[17751948429322494478614724509307044208493155668751715561830708656 0 0 0 0 0 0 0 0 0 0 0 0 0 0 0 0 1 0 0 0 0]
[1267111793957103382026410975298090286059689125027982428896371463176 0 0 0 0 0 0 0 0 0 0 0 0 0 0 0 0 0 1 0 0 0]
[169464843589923114505722615861519098977544539807237097862525635107 0 0 0 0 0 0 0 0 0 0 0 0 0 0 0 0 0 0 1 0 0]
[929311543249455437536669555806392057464934166124820501999746957749 0 0 0 0 0 0 0 0 0 0 0 0 0 0 0 0 0 0 0 1 0]
[809256581311156809492158512168933380460410460262050414290089139506 0 0 0 0 0 0 0 0 0 0 0 0 0 0 0 0 0 0 0 0 1]
]
