[[1087068779236711086589986675084138536962495853256696765266604209383 0 0 0 0 0 0 0 0 0 0 0 0 0 0 0 0 0 0 0 0 0]
[203484801963137609782203876469069588107950959447789766348462251436 1 0 0 0 0 0 0 0 0 0 0 0 0 0 0 0 0 0 0 0 0]
[486048908439755420948258554303052998862015733305113605870411716179 0 1 0 0 0 0 0 0 0 0 0 0 0 0 0 0 0 0 0 0 0]
[788199132912713116750308227217309087792198474640975419112630458878 0 0 1 0 0 0 0 0 0 0 0 0 0 0 0 0 0 0 0 0 0]
[515465522368241836953069897053570346415008838557137455519599089836 0 0 0 1 0 0 0 0 0 0 0 0 0 0 0 0 0 0 0 0 0]
[317223462253735183500079840910138768370637707816932597314151231076 0 0 0 0 1 0 0 0 0 0 0 0 0 0 0 0 0 0 0 0 0]
[43694142137603085048173429552409445062215723926288945357937301234 0 0 0 0 0 1 0 0 0 0 0 0 0 0 0 0 0 0 0 0 0]
[844220161192244941116481561142323014710761658810453693978068713093 0 0 0 0 0 0 1 0 0 0 0 0 0 0 0 0 0 0 0 0 0]
[91925298422275724863850264110531920592866914687997718539969389915 0 0 0 0 0 0 0 1 0 0 0 0 0 0 0 0 0 0 0 0 0]
[1056038214262557082000944183916909159540198446003930649552915398464 0 0 0 0 0 0 0 0 1 0 0 0 0 0 0 0 0 0 0 0 0]
[72894753138800330692708270057059777143234510173675708254791166316 0 0 0 0 0 0 0 0 0 1 0 0 0 0 0 0 0 0 0 0 0]
[246397869231705640648917330473707209593615048282176531148216458344 0 0 0 0 0 0 0 0 0 0 1 0 0 0 0 0 0 0 0 0 0]
[319887747374697848658578726674630972223245696836627714815689545843 0 0 0 0 0 0 0 0 0 0 0 1 0 0 0 0 0 0 0 0 0]
[981901339859710569554159870855642134538451542693583965003439843792 0 0 0 0 0 0 0 0 0 0 0 0 1 0 0 0 0 0 0 0 0]
[910180592489401806763731022561370309649173673046944429065987790042 0 0 0 0 0 0 0 0 0 0 0 0 0 1 0 0 0 0 0 0 0]
[143050032299287319499510146943754016694732016864620323033065861766 0 0 0 0 0 0 0 0 0 0 0 0 0 0 1 0 0 0 0 0 0]
[615357825836347803466282117268542263498479771470723170358771210498 0 0 0 0 0 0 0 0 0 0 0 0 0 0 0 1 0 0 0 0 0]
[588765102657449570821333279910769987943359908232428855839413483007 0 0 0 0 0 0 0 0 0 0 0 0 0 0 0 0 1 0 0 0 0]
[186260227075070604120276017698441902457648133764971545321960867979 0 0 0 0 0 0 0 0 0 0 0 0 0 0 0 0 0 1 0 0 0]
[420737568264652739327818629566467554399037194862407415673798325224 0 0 0 0 0 0 0 0 0 0 0 0 0 0 0 0 0 0 1 0 0]
[948031348757580374268243067765337787423640012862523088741700044556 0 0 0 0 0 0 0 0 0 0 0 0 0 0 0 0 0 0 0 1 0]
[337957211381199275189433426678642958571177836752709797468080035262 0 0 0 0 0 0 0 0 0 0 0 0 0 0 0 0 0 0 0 0 1]
]
