[[1203071107277527731883238347514789316099769901445689766051454139137 0 0 0 0 0 0 0 0 0 0 0 0 0 0 0 0 0 0 0 0 0]
[172361511530965507760713199480599940918805203717467345762832765303 1 0 0 0 0 0 0 0 0 0 0 0 0 0 0 0 0 0 0 0 0]
[1149048478078080093237958404867018271623136731561680060036453435920 0 1 0 0 0 0 0 0 0 0 0 0 0 0 0 0 0 0 0 0 0]
[280996989846563285234757303706589966700238985593920652585255071362 0 0 1 0 0 0 0 0 0 0 0 0 0 0 0 0 0 0 0 0 0]
[974622986713645641112451630099790915315371697279188895190442885943 0 0 0 1 0 0 0 0 0 0 0 0 0 0 0 0 0 0 0 0 0]
[964312936112292080969139498834332168255550778300224266049717233869 0 0 0 0 1 0 0 0 0 0 0 0 0 0 0 0 0 0 0 0 0]
[117984995186014666091830422211080431932160509600585098917825727127 0 0 0 0 0 1 0 0 0 0 0 0 0 0 0 0 0 0 0 0 0]
[1106855695922263416939581081633533951902219443374737286278204425403 0 0 0 0 0 0 1 0 0 0 0 0 0 0 0 0 0 0 0 0 0]
[1130078755749971278450975227733900544513969771851311113371057179653 0 0 0 0 0 0 0 1 0 0 0 0 0 0 0 0 0 0 0 0 0]
[814256225406652549234060835464622869254028176920400029672109409997 0 0 0 0 0 0 0 0 1 0 0 0 0 0 0 0 0 0 0 0 0]
[541817742247717256715919323434240208951637658614004214284047894409 0 0 0 0 0 0 0 0 0 1 0 0 0 0 0 0 0 0 0 0 0]
[1098597543858675818852768974523595135666425723719088544308585141071 0 0 0 0 0 0 0 0 0 0 1 0 0 0 0 0 0 0 0 0 0]
[909395105025389675328504111230139597710586957760407826875688074015 0 0 0 0 0 0 0 0 0 0 0 1 0 0 0 0 0 0 0 0 0]
[968326028007724231003842291461129568278952542820507134065985492794 0 0 0 0 0 0 0 0 0 0 0 0 1 0 0 0 0 0 0 0 0]
[668975527615763474354174900679778335203159606482751552103807945301 0 0 0 0 0 0 0 0 0 0 0 0 0 1 0 0 0 0 0 0 0]
[268590581043235313225268395827509100788417430290717887147049957490 0 0 0 0 0 0 0 0 0 0 0 0 0 0 1 0 0 0 0 0 0]
[1151737596864381227465447921990709253199213096561546666029497695955 0 0 0 0 0 0 0 0 0 0 0 0 0 0 0 1 0 0 0 0 0]
[381594478828995785881895581493310790728135096840044175683125351502 0 0 0 0 0 0 0 0 0 0 0 0 0 0 0 0 1 0 0 0 0]
[151704977324020213775417135810769892354240956945965349698822804942 0 0 0 0 0 0 0 0 0 0 0 0 0 0 0 0 0 1 0 0 0]
[240059466801629550282220456091774013352607484929003577612991328046 0 0 0 0 0 0 0 0 0 0 0 0 0 0 0 0 0 0 1 0 0]
[898266020922807472005947884952174620715427624016125962942203172618 0 0 0 0 0 0 0 0 0 0 0 0 0 0 0 0 0 0 0 1 0]
[696434845887002147566632125964818293771061543583939639472498448786 0 0 0 0 0 0 0 0 0 0 0 0 0 0 0 0 0 0 0 0 1]
]
