[[1009569750733889397928530332557313205295689439904679839288394128479 0 0 0 0 0 0 0 0 0 0 0 0 0 0 0 0 0 0 0 0 0]
[860846589566819589453871479113898025472881491258633439057195064035 1 0 0 0 0 0 0 0 0 0 0 0 0 0 0 0 0 0 0 0 0]
[623310734085680926406895219480094775359643588109678140993609047231 0 1 0 0 0 0 0 0 0 0 0 0 0 0 0 0 0 0 0 0 0]
[242661844731836920188204994267148316242932421494875715296725030835 0 0 1 0 0 0 0 0 0 0 0 0 0 0 0 0 0 0 0 0 0]
[727833600082279690307191391026929481448882754549199370459468155387 0 0 0 1 0 0 0 0 0 0 0 0 0 0 0 0 0 0 0 0 0]
[340830823680794985541358981457750647254335392016245065070856907025 0 0 0 0 1 0 0 0 0 0 0 0 0 0 0 0 0 0 0 0 0]
[299232079347056691431933258881880487789368167926657522874441630826 0 0 0 0 0 1 0 0 0 0 0 0 0 0 0 0 0 0 0 0 0]
[853281244002836198628863407520818425628465638392681812295374644996 0 0 0 0 0 0 1 0 0 0 0 0 0 0 0 0 0 0 0 0 0]
[387992530179990170230042543623734325910593429332171963070396979255 0 0 0 0 0 0 0 1 0 0 0 0 0 0 0 0 0 0 0 0 0]
[667570616501847631704082645993800259605942236765195207804601259847 0 0 0 0 0 0 0 0 1 0 0 0 0 0 0 0 0 0 0 0 0]
[125913841761370204264479283966404719567934765880937973600885715131 0 0 0 0 0 0 0 0 0 1 0 0 0 0 0 0 0 0 0 0 0]
[43831317636750638622550030262627844632596274674082937896202150822 0 0 0 0 0 0 0 0 0 0 1 0 0 0 0 0 0 0 0 0 0]
[679583327342297686808419758083594589717719516527977706123448947312 0 0 0 0 0 0 0 0 0 0 0 1 0 0 0 0 0 0 0 0 0]
[248610963655662475809622204954797037995621891264574684969357960150 0 0 0 0 0 0 0 0 0 0 0 0 1 0 0 0 0 0 0 0 0]
[444121230322469193130789769396292204317436383582477720865467884787 0 0 0 0 0 0 0 0 0 0 0 0 0 1 0 0 0 0 0 0 0]
[925684521559587293028850359099134779821850542416415420284319135175 0 0 0 0 0 0 0 0 0 0 0 0 0 0 1 0 0 0 0 0 0]
[717028907292880056866167829763971084398364110153531777286980641120 0 0 0 0 0 0 0 0 0 0 0 0 0 0 0 1 0 0 0 0 0]
[695995673664551297264494822936120966621155308825836402437791518164 0 0 0 0 0 0 0 0 0 0 0 0 0 0 0 0 1 0 0 0 0]
[296616955873930132283220236434710517774896609320418328943384112741 0 0 0 0 0 0 0 0 0 0 0 0 0 0 0 0 0 1 0 0 0]
[968322173230605037742887415596401026279722627081325909263431910300 0 0 0 0 0 0 0 0 0 0 0 0 0 0 0 0 0 0 1 0 0]
[609597740021459259285107765844317430281215165592067017952059238616 0 0 0 0 0 0 0 0 0 0 0 0 0 0 0 0 0 0 0 1 0]
[970274283319872522424888543112459425529420376377376277310539159408 0 0 0 0 0 0 0 0 0 0 0 0 0 0 0 0 0 0 0 0 1]
]
