[[1385661991537427247950353021308970552199910949079500978256844441167 0 0 0 0 0 0 0 0 0 0 0 0 0 0 0 0 0 0 0 0 0]
[1248881348775914941436562198289242342994172900510973361249230042367 1 0 0 0 0 0 0 0 0 0 0 0 0 0 0 0 0 0 0 0 0]
[565343430851783734639857981557185006485918834036046541599252407435 0 1 0 0 0 0 0 0 0 0 0 0 0 0 0 0 0 0 0 0 0]
[426516500167803531220648045984353103960002106716536226025218040168 0 0 1 0 0 0 0 0 0 0 0 0 0 0 0 0 0 0 0 0 0]
[357438416519601241643621064307481181544785181270807440079260577874 0 0 0 1 0 0 0 0 0 0 0 0 0 0 0 0 0 0 0 0 0]
[430489208102673807709782801844942157339174367838900809854689530826 0 0 0 0 1 0 0 0 0 0 0 0 0 0 0 0 0 0 0 0 0]
[192170708324124613057740963430330721424466892410887515646316032636 0 0 0 0 0 1 0 0 0 0 0 0 0 0 0 0 0 0 0 0 0]
[1298077204443686202065391054652974616664135088044867747944579382098 0 0 0 0 0 0 1 0 0 0 0 0 0 0 0 0 0 0 0 0 0]
[1331576963486779725292887338390682951940557498343938880809506790755 0 0 0 0 0 0 0 1 0 0 0 0 0 0 0 0 0 0 0 0 0]
[819380704992068719543279515406297929099778615642843563780807423886 0 0 0 0 0 0 0 0 1 0 0 0 0 0 0 0 0 0 0 0 0]
[852531615293737094111426079694943829805503031457597036444144213557 0 0 0 0 0 0 0 0 0 1 0 0 0 0 0 0 0 0 0 0 0]
[1049940210501554907516250367852693320258556125393090527297607201352 0 0 0 0 0 0 0 0 0 0 1 0 0 0 0 0 0 0 0 0 0]
[555878015759379245184395855633933302785825139288545057565965955780 0 0 0 0 0 0 0 0 0 0 0 1 0 0 0 0 0 0 0 0 0]
[365013932580263046070136484787196051593551090709780736851527931707 0 0 0 0 0 0 0 0 0 0 0 0 1 0 0 0 0 0 0 0 0]
[962896194377766543461124314800591872910707838308366748684272705817 0 0 0 0 0 0 0 0 0 0 0 0 0 1 0 0 0 0 0 0 0]
[231608377213750647011602205579701551944334330544679092148810925622 0 0 0 0 0 0 0 0 0 0 0 0 0 0 1 0 0 0 0 0 0]
[995658680564877423925058915695919924169519134926894916319588026821 0 0 0 0 0 0 0 0 0 0 0 0 0 0 0 1 0 0 0 0 0]
[796274804061065917512979666057698373553579258750043625698739657180 0 0 0 0 0 0 0 0 0 0 0 0 0 0 0 0 1 0 0 0 0]
[80229247091373639550238825088999363621033454238708977529226743264 0 0 0 0 0 0 0 0 0 0 0 0 0 0 0 0 0 1 0 0 0]
[1046741651046748094852278839988233105678396738270975460690376826826 0 0 0 0 0 0 0 0 0 0 0 0 0 0 0 0 0 0 1 0 0]
[386210466157872405817285552677244799950898617898022577268200879118 0 0 0 0 0 0 0 0 0 0 0 0 0 0 0 0 0 0 0 1 0]
[167007373259851615737645143192007509610130620162157645363307485989 0 0 0 0 0 0 0 0 0 0 0 0 0 0 0 0 0 0 0 0 1]
]
