[[1171078746563048104662316005370219662638049511896244714430499795647 0 0 0 0 0 0 0 0 0 0 0 0 0 0 0 0 0 0 0 0 0]
[1162511497146582166424585009567869501504316466922624612176381714979 1 0 0 0 0 0 0 0 0 0 0 0 0 0 0 0 0 0 0 0 0]
[597719146377113462511362013670823546676632507487037591541726637578 0 1 0 0 0 0 0 0 0 0 0 0 0 0 0 0 0 0 0 0 0]
[370355155093988334790675709673708847019103840430287869918035560603 0 0 1 0 0 0 0 0 0 0 0 0 0 0 0 0 0 0 0 0 0]
[80483138780222754743884646563485734031297616597168909682921173937 0 0 0 1 0 0 0 0 0 0 0 0 0 0 0 0 0 0 0 0 0]
[619318559575618630016565988064997683614820692479387685102786639228 0 0 0 0 1 0 0 0 0 0 0 0 0 0 0 0 0 0 0 0 0]
[776196640157584606943738376525119161746638373227750004777412996459 0 0 0 0 0 1 0 0 0 0 0 0 0 0 0 0 0 0 0 0 0]
[167017383766865988193525464414613004512186117336765508982520922182 0 0 0 0 0 0 1 0 0 0 0 0 0 0 0 0 0 0 0 0 0]
[303883290245110343619677795523819500354642009212611439292614875569 0 0 0 0 0 0 0 1 0 0 0 0 0 0 0 0 0 0 0 0 0]
[377663020365597695119502119760786133243228630268067173956028606638 0 0 0 0 0 0 0 0 1 0 0 0 0 0 0 0 0 0 0 0 0]
[626363500429072142273828582881287047862092181292789379848762692558 0 0 0 0 0 0 0 0 0 1 0 0 0 0 0 0 0 0 0 0 0]
[533513308260816319185575379349546444135989584557293619399551855048 0 0 0 0 0 0 0 0 0 0 1 0 0 0 0 0 0 0 0 0 0]
[78390919295727780294102572480126021957139192427031758569200545220 0 0 0 0 0 0 0 0 0 0 0 1 0 0 0 0 0 0 0 0 0]
[592856567981720956176267043989407823233434199706123925319369342579 0 0 0 0 0 0 0 0 0 0 0 0 1 0 0 0 0 0 0 0 0]
[315274651168437802924559021201317903806144672402713360045507847721 0 0 0 0 0 0 0 0 0 0 0 0 0 1 0 0 0 0 0 0 0]
[726255739753377834269459827061767485659424833448368666138844398064 0 0 0 0 0 0 0 0 0 0 0 0 0 0 1 0 0 0 0 0 0]
[1147084058460001556994208646765267248307740000661663313282884924534 0 0 0 0 0 0 0 0 0 0 0 0 0 0 0 1 0 0 0 0 0]
[808973015864345732800447394492463840399245871484242530372429414519 0 0 0 0 0 0 0 0 0 0 0 0 0 0 0 0 1 0 0 0 0]
[469104487248324150773324345073481003981130366794227084047831690747 0 0 0 0 0 0 0 0 0 0 0 0 0 0 0 0 0 1 0 0 0]
[954143493372946015039110681416759215378788675464852731827013852997 0 0 0 0 0 0 0 0 0 0 0 0 0 0 0 0 0 0 1 0 0]
[310254932038536830833941558649585880960539196105632123053286294347 0 0 0 0 0 0 0 0 0 0 0 0 0 0 0 0 0 0 0 1 0]
[246255671734389580562035748657304485213911617910693378647713237938 0 0 0 0 0 0 0 0 0 0 0 0 0 0 0 0 0 0 0 0 1]
]
