[[927598953742755736729074846229994246428336352003106478704646510651 0 0 0 0 0 0 0 0 0 0 0 0 0 0 0 0 0 0 0 0 0]
[366807225500297707650873303856626666438716026965134072112652769917 1 0 0 0 0 0 0 0 0 0 0 0 0 0 0 0 0 0 0 0 0]
[319035166763894014127795323238912631777499785357659931347749729956 0 1 0 0 0 0 0 0 0 0 0 0 0 0 0 0 0 0 0 0 0]
[775047404668366395878705285912524879818844391222562855483295924246 0 0 1 0 0 0 0 0 0 0 0 0 0 0 0 0 0 0 0 0 0]
[488103850015077438478838057924147713992416890590210479360242666203 0 0 0 1 0 0 0 0 0 0 0 0 0 0 0 0 0 0 0 0 0]
[669254047536480889323460206897444121929382624785879280372489618581 0 0 0 0 1 0 0 0 0 0 0 0 0 0 0 0 0 0 0 0 0]
[701036660196558409306545093927128754309556166476099977158554667137 0 0 0 0 0 1 0 0 0 0 0 0 0 0 0 0 0 0 0 0 0]
[750887728537576089601185709797942393436100730120229130828666873477 0 0 0 0 0 0 1 0 0 0 0 0 0 0 0 0 0 0 0 0 0]
[625948895661821058870835089514195336656575250801231412629718226897 0 0 0 0 0 0 0 1 0 0 0 0 0 0 0 0 0 0 0 0 0]
[806319113452350667095142041042892128345855306944644679998396572860 0 0 0 0 0 0 0 0 1 0 0 0 0 0 0 0 0 0 0 0 0]
[884934344423741412503029064605509090487487394445792502385208343600 0 0 0 0 0 0 0 0 0 1 0 0 0 0 0 0 0 0 0 0 0]
[632927672588249769295661768569466824251954839632735581651763819463 0 0 0 0 0 0 0 0 0 0 1 0 0 0 0 0 0 0 0 0 0]
[900249016246799733356028121933010776118473719186107605362732372648 0 0 0 0 0 0 0 0 0 0 0 1 0 0 0 0 0 0 0 0 0]
[464624044157294291089974201949180766158738898452468934902893321176 0 0 0 0 0 0 0 0 0 0 0 0 1 0 0 0 0 0 0 0 0]
[626652870424100547168553499095368037416297898254514662274848281748 0 0 0 0 0 0 0 0 0 0 0 0 0 1 0 0 0 0 0 0 0]
[118105257054263562987659632925963372416630907996453497514587141330 0 0 0 0 0 0 0 0 0 0 0 0 0 0 1 0 0 0 0 0 0]
[122243686705211475956286972914318851099654659675970652123125199283 0 0 0 0 0 0 0 0 0 0 0 0 0 0 0 1 0 0 0 0 0]
[75847018600491193165457515355404933958709944813435782705550023622 0 0 0 0 0 0 0 0 0 0 0 0 0 0 0 0 1 0 0 0 0]
[770197722633874900562912752714257388373078531201433037201854482761 0 0 0 0 0 0 0 0 0 0 0 0 0 0 0 0 0 1 0 0 0]
[560964160394419697776960094169135033853367374492484472721954646263 0 0 0 0 0 0 0 0 0 0 0 0 0 0 0 0 0 0 1 0 0]
[379632807937655700862740252419403819235732429827400276239933519885 0 0 0 0 0 0 0 0 0 0 0 0 0 0 0 0 0 0 0 1 0]
[76748626521437718616024067995993096080190786109269175531107152899 0 0 0 0 0 0 0 0 0 0 0 0 0 0 0 0 0 0 0 0 1]
]
