[[1077279714833222997114795806622375017908700550458745885749732830609 0 0 0 0 0 0 0 0 0 0 0 0 0 0 0 0 0 0 0 0 0]
[230647669898837528190210629392427685524767560955220338572397994396 1 0 0 0 0 0 0 0 0 0 0 0 0 0 0 0 0 0 0 0 0]
[1059916647532015652826569368681892463833073892758555678815363516698 0 1 0 0 0 0 0 0 0 0 0 0 0 0 0 0 0 0 0 0 0]
[237377666533845382289459423455935969709209953722400269517553687390 0 0 1 0 0 0 0 0 0 0 0 0 0 0 0 0 0 0 0 0 0]
[525487247417096203806435002599284017755179135520959365316990876616 0 0 0 1 0 0 0 0 0 0 0 0 0 0 0 0 0 0 0 0 0]
[960701996188763979215292009515764432253901172677522062722125161601 0 0 0 0 1 0 0 0 0 0 0 0 0 0 0 0 0 0 0 0 0]
[594812851822042439963018860760798491391220241173863905400135598896 0 0 0 0 0 1 0 0 0 0 0 0 0 0 0 0 0 0 0 0 0]
[477568934305862084074396401537619264354765067919046828813760813307 0 0 0 0 0 0 1 0 0 0 0 0 0 0 0 0 0 0 0 0 0]
[95670011400127454923871609089071170078601575643072165883919786155 0 0 0 0 0 0 0 1 0 0 0 0 0 0 0 0 0 0 0 0 0]
[549983075726822758879903836604558453379226490796909193558190111031 0 0 0 0 0 0 0 0 1 0 0 0 0 0 0 0 0 0 0 0 0]
[313873405279947248699459921821849892529992238928207647461198718370 0 0 0 0 0 0 0 0 0 1 0 0 0 0 0 0 0 0 0 0 0]
[1013635907089960343225202293836918528941044597325793237391249476579 0 0 0 0 0 0 0 0 0 0 1 0 0 0 0 0 0 0 0 0 0]
[829584138110071984522887561014796271579936128150925320489283392735 0 0 0 0 0 0 0 0 0 0 0 1 0 0 0 0 0 0 0 0 0]
[676726292636511986679945954969874872890260158274316343290434593570 0 0 0 0 0 0 0 0 0 0 0 0 1 0 0 0 0 0 0 0 0]
[479732298644306426028417045390247413625809075359437116709025754127 0 0 0 0 0 0 0 0 0 0 0 0 0 1 0 0 0 0 0 0 0]
[838984685306367609876993952666127408532517818406536944810808193421 0 0 0 0 0 0 0 0 0 0 0 0 0 0 1 0 0 0 0 0 0]
[973434603294949444331315420111065613250886751751952043738568924265 0 0 0 0 0 0 0 0 0 0 0 0 0 0 0 1 0 0 0 0 0]
[729232214501708142712161152244963230775788263256024278257187826101 0 0 0 0 0 0 0 0 0 0 0 0 0 0 0 0 1 0 0 0 0]
[480283582578373167654870375722473653072191449286335318333128445955 0 0 0 0 0 0 0 0 0 0 0 0 0 0 0 0 0 1 0 0 0]
[742394478568420749704805205926145257661997729789855266830064597106 0 0 0 0 0 0 0 0 0 0 0 0 0 0 0 0 0 0 1 0 0]
[672516270941533988190577118289158210162162802612025709255312638351 0 0 0 0 0 0 0 0 0 0 0 0 0 0 0 0 0 0 0 1 0]
[635852154717696685709384421323148911758781434466697208077285988498 0 0 0 0 0 0 0 0 0 0 0 0 0 0 0 0 0 0 0 0 1]
]
