[[1491004461205308502079532796761925799701275465278913241341909887779 0 0 0 0 0 0 0 0 0 0 0 0 0 0 0 0 0 0 0 0 0]
[108421247908868119868283214057815788557628974502630899609332177866 1 0 0 0 0 0 0 0 0 0 0 0 0 0 0 0 0 0 0 0 0]
[35130053189002731555703399859050436635083409525753507339619847636 0 1 0 0 0 0 0 0 0 0 0 0 0 0 0 0 0 0 0 0 0]
[934068986582783661352316182017817128271506880478683962415296233614 0 0 1 0 0 0 0 0 0 0 0 0 0 0 0 0 0 0 0 0 0]
[1187660949821468462955570575338996716588945129347028249858023708144 0 0 0 1 0 0 0 0 0 0 0 0 0 0 0 0 0 0 0 0 0]
[420185159493921803217720429160512764704849708531329843850852727772 0 0 0 0 1 0 0 0 0 0 0 0 0 0 0 0 0 0 0 0 0]
[792620744107161052566846436419636257990849193424558724840504708395 0 0 0 0 0 1 0 0 0 0 0 0 0 0 0 0 0 0 0 0 0]
[1118084187295284051016787348345379824889404831196151233076275289984 0 0 0 0 0 0 1 0 0 0 0 0 0 0 0 0 0 0 0 0 0]
[351558480647219227870207905559519812122825875219088921223362144046 0 0 0 0 0 0 0 1 0 0 0 0 0 0 0 0 0 0 0 0 0]
[1421715081954333578101536212096403420859341070542827983396298846423 0 0 0 0 0 0 0 0 1 0 0 0 0 0 0 0 0 0 0 0 0]
[542033029076271160864913018036577893308256903172729651928331657153 0 0 0 0 0 0 0 0 0 1 0 0 0 0 0 0 0 0 0 0 0]
[801744012045723961603490252081080827333240960399256809077834813497 0 0 0 0 0 0 0 0 0 0 1 0 0 0 0 0 0 0 0 0 0]
[1203977431340602906239000518974393707454176620166251365915813223753 0 0 0 0 0 0 0 0 0 0 0 1 0 0 0 0 0 0 0 0 0]
[1107570448058268047032161636123334229372919410060329085029716529984 0 0 0 0 0 0 0 0 0 0 0 0 1 0 0 0 0 0 0 0 0]
[1408644290517038777094647061933546557604750022433622883813270004294 0 0 0 0 0 0 0 0 0 0 0 0 0 1 0 0 0 0 0 0 0]
[1371934116754312399131665408436476664756332979729017562138736950027 0 0 0 0 0 0 0 0 0 0 0 0 0 0 1 0 0 0 0 0 0]
[950729221817572291545574066157085306233626208009835291556350622130 0 0 0 0 0 0 0 0 0 0 0 0 0 0 0 1 0 0 0 0 0]
[696794206372327543311234513427430109889170965133361755181582099084 0 0 0 0 0 0 0 0 0 0 0 0 0 0 0 0 1 0 0 0 0]
[54582551401437965386235871383323283398679614279658087892100920337 0 0 0 0 0 0 0 0 0 0 0 0 0 0 0 0 0 1 0 0 0]
[265282155806889433968698662846254601696414246828684229035058117919 0 0 0 0 0 0 0 0 0 0 0 0 0 0 0 0 0 0 1 0 0]
[1467534636093147084895175487252480937302690203291818772848948710446 0 0 0 0 0 0 0 0 0 0 0 0 0 0 0 0 0 0 0 1 0]
[1406968656820033984294360561400570315060259506222822420642647496728 0 0 0 0 0 0 0 0 0 0 0 0 0 0 0 0 0 0 0 0 1]
]
