[[1266986477429123482465406581126550843622798395240913406561036514899 0 0 0 0 0 0 0 0 0 0 0 0 0 0 0 0 0 0 0 0 0]
[619649632935279175042818951459524476729404834442213976796840774283 1 0 0 0 0 0 0 0 0 0 0 0 0 0 0 0 0 0 0 0 0]
[484510520216922487278981249389088158954995941325939936346152822204 0 1 0 0 0 0 0 0 0 0 0 0 0 0 0 0 0 0 0 0 0]
[967641625812405663667169187450349292069702125431215449296339347021 0 0 1 0 0 0 0 0 0 0 0 0 0 0 0 0 0 0 0 0 0]
[548885477286559095049222146557644387778763710926318956141841867379 0 0 0 1 0 0 0 0 0 0 0 0 0 0 0 0 0 0 0 0 0]
[182724132273966990949482777058976715272018720773584577659147843276 0 0 0 0 1 0 0 0 0 0 0 0 0 0 0 0 0 0 0 0 0]
[243496166748843871329502042295835273344081698946691421078077798932 0 0 0 0 0 1 0 0 0 0 0 0 0 0 0 0 0 0 0 0 0]
[953904896707663456209476803208349864600388381939004760495768771660 0 0 0 0 0 0 1 0 0 0 0 0 0 0 0 0 0 0 0 0 0]
[966107778446250647523272136590378922461091577250593210540011315691 0 0 0 0 0 0 0 1 0 0 0 0 0 0 0 0 0 0 0 0 0]
[650126212382822314370548582911433642701110725047805176984645767130 0 0 0 0 0 0 0 0 1 0 0 0 0 0 0 0 0 0 0 0 0]
[230393795847261997154495027628679493066984949975334373565099483954 0 0 0 0 0 0 0 0 0 1 0 0 0 0 0 0 0 0 0 0 0]
[35512185989561272834205615283694015854800673948405400375732490401 0 0 0 0 0 0 0 0 0 0 1 0 0 0 0 0 0 0 0 0 0]
[1080030080654970914443252550209369342805138571926712040602414131508 0 0 0 0 0 0 0 0 0 0 0 1 0 0 0 0 0 0 0 0 0]
[518158128959671227515573473564547424327932316749716227101593758424 0 0 0 0 0 0 0 0 0 0 0 0 1 0 0 0 0 0 0 0 0]
[23234901050086286683972369544736515216419294644472944304938154698 0 0 0 0 0 0 0 0 0 0 0 0 0 1 0 0 0 0 0 0 0]
[961317008901376256514351932079015802652141689223202143995477399544 0 0 0 0 0 0 0 0 0 0 0 0 0 0 1 0 0 0 0 0 0]
[104363236986209857702661557303576173803750329924049491573743338895 0 0 0 0 0 0 0 0 0 0 0 0 0 0 0 1 0 0 0 0 0]
[597654274865652385132557243798192691856605688810151695955941648561 0 0 0 0 0 0 0 0 0 0 0 0 0 0 0 0 1 0 0 0 0]
[716842372449146137233889458580223758532287114026637566449368291441 0 0 0 0 0 0 0 0 0 0 0 0 0 0 0 0 0 1 0 0 0]
[1084612054296117453266808426288587077283122816628933512534006573105 0 0 0 0 0 0 0 0 0 0 0 0 0 0 0 0 0 0 1 0 0]
[391463732897117881597496871116930424134830417927781299498060376980 0 0 0 0 0 0 0 0 0 0 0 0 0 0 0 0 0 0 0 1 0]
[175154582965586715712705462363059008674847687109541200234236859045 0 0 0 0 0 0 0 0 0 0 0 0 0 0 0 0 0 0 0 0 1]
]
