[[1295144740900226967686089930087678677776474177673101127185323091399 0 0 0 0 0 0 0 0 0 0 0 0 0 0 0 0 0 0 0 0 0]
[435911768332306504677261629762761878050617237313921214560793232755 1 0 0 0 0 0 0 0 0 0 0 0 0 0 0 0 0 0 0 0 0]
[1049238329907856591456538276223705156510936189676129674869777256763 0 1 0 0 0 0 0 0 0 0 0 0 0 0 0 0 0 0 0 0 0]
[1197402747119008194630802790564830867914508047829358746949810174295 0 0 1 0 0 0 0 0 0 0 0 0 0 0 0 0 0 0 0 0 0]
[1220685762679647340152648598061779957930067571805316841243737392507 0 0 0 1 0 0 0 0 0 0 0 0 0 0 0 0 0 0 0 0 0]
[30467348346596718490269931424161160338572411418831859565235441694 0 0 0 0 1 0 0 0 0 0 0 0 0 0 0 0 0 0 0 0 0]
[1187737540877827212817463739203690899126101742768611131080981615583 0 0 0 0 0 1 0 0 0 0 0 0 0 0 0 0 0 0 0 0 0]
[1124300402232193215999668587867622803669041981482359501181826163444 0 0 0 0 0 0 1 0 0 0 0 0 0 0 0 0 0 0 0 0 0]
[379863398226595065477601729777452002979726271780159322162388718934 0 0 0 0 0 0 0 1 0 0 0 0 0 0 0 0 0 0 0 0 0]
[635367117217618326483513302170543174069955296961723715570577947592 0 0 0 0 0 0 0 0 1 0 0 0 0 0 0 0 0 0 0 0 0]
[948008435257992210388782584250091042824798851083687704953917382925 0 0 0 0 0 0 0 0 0 1 0 0 0 0 0 0 0 0 0 0 0]
[1045288134247675297835458438011964801583069020582028926322260073788 0 0 0 0 0 0 0 0 0 0 1 0 0 0 0 0 0 0 0 0 0]
[1012342674408449412505693954774597039671279638615346202942794721364 0 0 0 0 0 0 0 0 0 0 0 1 0 0 0 0 0 0 0 0 0]
[777409310453280006338008376206220734925808788895984413944567139575 0 0 0 0 0 0 0 0 0 0 0 0 1 0 0 0 0 0 0 0 0]
[1228372921512913065625201785911345103187219370587605896157267043452 0 0 0 0 0 0 0 0 0 0 0 0 0 1 0 0 0 0 0 0 0]
[528891697001431911736763204687929063072340056144692425692938524292 0 0 0 0 0 0 0 0 0 0 0 0 0 0 1 0 0 0 0 0 0]
[579398791877352438708337907237527446045993405528667874829090087819 0 0 0 0 0 0 0 0 0 0 0 0 0 0 0 1 0 0 0 0 0]
[217182313806438389263784240621442081809495013317466481736544773595 0 0 0 0 0 0 0 0 0 0 0 0 0 0 0 0 1 0 0 0 0]
[879303674606205985519137390895909043815805521517970791775127941153 0 0 0 0 0 0 0 0 0 0 0 0 0 0 0 0 0 1 0 0 0]
[228091019730974006667460687766515618260502267230047263256166240829 0 0 0 0 0 0 0 0 0 0 0 0 0 0 0 0 0 0 1 0 0]
[507704941949892504915698992617662191404434828235667487574270383661 0 0 0 0 0 0 0 0 0 0 0 0 0 0 0 0 0 0 0 1 0]
[145092324035802032390137298069588734992218070244087408887232054658 0 0 0 0 0 0 0 0 0 0 0 0 0 0 0 0 0 0 0 0 1]
]
