[[1670994460879030936946292881583186015649127689092553789216166096743 0 0 0 0 0 0 0 0 0 0 0 0 0 0 0 0 0 0 0 0 0]
[1413781217150484815878976174958029705289617423107084038542019521357 1 0 0 0 0 0 0 0 0 0 0 0 0 0 0 0 0 0 0 0 0]
[297033437326827503593262068449674747139620580133189508045971045610 0 1 0 0 0 0 0 0 0 0 0 0 0 0 0 0 0 0 0 0 0]
[277960303936602234571341560185149063583225191403487553257921676625 0 0 1 0 0 0 0 0 0 0 0 0 0 0 0 0 0 0 0 0 0]
[1296961198354598178451340931521915163681839564738906799018967152055 0 0 0 1 0 0 0 0 0 0 0 0 0 0 0 0 0 0 0 0 0]
[817243845080021035974463158902519400375131662845342656099556970448 0 0 0 0 1 0 0 0 0 0 0 0 0 0 0 0 0 0 0 0 0]
[1571887678586243674188058035146106082854165774472670662073175197181 0 0 0 0 0 1 0 0 0 0 0 0 0 0 0 0 0 0 0 0 0]
[47689978563266925030148859343999310569544761637172510969604992393 0 0 0 0 0 0 1 0 0 0 0 0 0 0 0 0 0 0 0 0 0]
[1340265927026166237630920287618851300698894376316557849506137422001 0 0 0 0 0 0 0 1 0 0 0 0 0 0 0 0 0 0 0 0 0]
[1317314373726652967780731192925872721674044696969670408026212910152 0 0 0 0 0 0 0 0 1 0 0 0 0 0 0 0 0 0 0 0 0]
[1572290300085929976673136266508305897456973145751874173064948247947 0 0 0 0 0 0 0 0 0 1 0 0 0 0 0 0 0 0 0 0 0]
[1471457029899140001683762360951432272074740481707525840046308939186 0 0 0 0 0 0 0 0 0 0 1 0 0 0 0 0 0 0 0 0 0]
[985432696749865923982715549413061924009689460652458538118661902393 0 0 0 0 0 0 0 0 0 0 0 1 0 0 0 0 0 0 0 0 0]
[623744001167400630568088218710503080154456528581944531313010273122 0 0 0 0 0 0 0 0 0 0 0 0 1 0 0 0 0 0 0 0 0]
[996897353186410032912106690106345976994866767495916865196331983436 0 0 0 0 0 0 0 0 0 0 0 0 0 1 0 0 0 0 0 0 0]
[751188008084866571595544667376867223257830146765830758749918990657 0 0 0 0 0 0 0 0 0 0 0 0 0 0 1 0 0 0 0 0 0]
[219632165957069489209761435162098984472525459550493560920552957387 0 0 0 0 0 0 0 0 0 0 0 0 0 0 0 1 0 0 0 0 0]
[728173910416715621040502620003172914295626175867236590868147516553 0 0 0 0 0 0 0 0 0 0 0 0 0 0 0 0 1 0 0 0 0]
[1108936120755877818510911077219888988461694602718589201406074377688 0 0 0 0 0 0 0 0 0 0 0 0 0 0 0 0 0 1 0 0 0]
[670533513958832109059770623532335154801026191822742273411895832821 0 0 0 0 0 0 0 0 0 0 0 0 0 0 0 0 0 0 1 0 0]
[1543663993993360843421138947462345975780662571458142410409685030213 0 0 0 0 0 0 0 0 0 0 0 0 0 0 0 0 0 0 0 1 0]
[211276924959428858343359717704133818615002791701713899601824406204 0 0 0 0 0 0 0 0 0 0 0 0 0 0 0 0 0 0 0 0 1]
]
